95-Am-243(n,total fission) ENDF/B-VII.1
1.0E-5,4.06391
1.31241E-5,3.5474
1.70876E-5,3.10887
2.2426E-5,2.71376
2.91987E-5,2.3783
3.83206E-5,2.07601
4.98935E-5,1.81939
6.54808E-5,1.58816
8.52562E-5,1.39187
1.11891E-4,1.21498
1.45682E-4,1.06479
1.91195E-4,0.929497
2.48937E-4,0.814615
3.26707E-4,0.711071
4.25373E-4,0.623192
5.58264E-4,0.543995
7.26861E-4,0.476799
9.53941E-4,0.416225
0.00124203,0.364785
0.00163006,0.318455
0.00212234,0.279133
0.00278538,0.243701
0.00362657,0.213654
0.00475955,0.186918
0.00619694,0.163888
0.00813293,0.143106
0.0105891,0.125685
0.0138972,0.109692
0.0180942,0.096219
0.0234661,0.0847847
0.0253,0.0816593
0.0361611,0.0685351
0.0474582,0.0599678
0.0617907,0.0528057
0.0883169,0.0446976
0.115908,0.0395084
0.150913,0.0352301
0.198059,0.0316795
0.257874,0.0290485
0.349698,0.0272003
0.40781,0.0269171
0.515453,0.0278072
0.626605,0.030709
0.709051,0.0345656
0.788512,0.040329
0.85154,0.0471238
0.912768,0.0567269
0.963551,0.0682869
1.00461,0.0814302
1.04513,0.0996848
1.08024,0.122261
1.10951,0.148745
1.13719,0.184008
1.16082,0.226571
1.18107,0.277577
1.19847,0.337995
1.21586,0.42244
1.23127,0.529229
1.24344,0.647582
1.25549,0.81178
1.26506,0.994284
1.27388,1.22668
1.28171,1.51188
1.28928,1.89596
1.29624,2.3877
1.30233,2.97292
1.30904,3.84195
1.31612,5.0731
1.3242,6.89315
1.34248,11.5984
1.35004,12.8226
1.35564,13.1106
1.36236,12.6804
1.37031,11.238
1.39004,6.17549
1.3975,4.62835
1.4042,3.55666
1.41091,2.75677
1.417,2.21865
1.42408,1.75908
1.43191,1.3971
1.44023,1.12404
1.4498,0.902119
1.45937,0.743664
1.47154,0.600538
1.48546,0.488038
1.50086,0.403424
1.51726,0.342981
1.53646,0.298112
1.55308,0.275796
1.56969,0.266158
1.57523,0.265637
1.59393,0.274466
1.61263,0.303247
1.62509,0.338289
1.63852,0.398071
1.65003,0.478252
1.65938,0.575596
1.66777,0.702383
1.67496,0.856576
1.68167,1.0559
1.68838,1.32922
1.69533,1.71386
1.70289,2.27083
1.71236,3.16988
1.72866,4.86067
1.7371,5.43514
1.74373,5.58055
1.75052,5.41346
1.75858,4.85378
1.78188,2.47692
1.78979,1.84008
1.79698,1.39996
1.80369,1.09431
1.81076,0.858701
1.81832,0.678604
1.82527,0.55839
1.83318,0.457696
1.84241,0.372608
1.8538,0.298317
1.86554,0.244017
1.87921,0.198695
1.89431,0.162754
1.91085,0.134245
1.93099,0.109287
1.95496,0.0883453
1.98181,0.0718885
2.0125,0.0586642
2.04846,0.0477786
2.09041,0.0389033
2.13356,0.0324616
2.1839,0.0271013
2.24264,0.0227049
2.31456,0.0190297
2.38648,0.0165705
2.48146,0.0145128
2.57553,0.0134491
2.64979,0.0132072
2.73149,0.0135924
2.79277,0.014485
2.84724,0.0159532
2.8983,0.0183212
2.93234,0.0208572
2.96298,0.0243588
2.98681,0.028559
3.00655,0.0338921
3.02017,0.0393754
3.03107,0.0456679
3.04196,0.0549484
3.05047,0.0657447
3.05813,0.0797832
3.06426,0.0953472
3.07115,0.119235
3.07787,0.15101
3.08468,0.193675
3.09234,0.255842
3.10272,0.362683
3.12196,0.579671
3.13183,0.653969
3.13997,0.674643
3.14776,0.655552
3.15804,0.579967
3.18306,0.310536
3.19157,0.237035
3.19957,0.184852
3.20706,0.149867
3.21421,0.126827
3.22272,0.109396
3.23123,0.0996872
3.24149,0.0948409
3.24494,0.0944434
3.25875,0.0975263
3.27255,0.107099
3.28636,0.123638
3.29871,0.146414
3.3096,0.175978
3.31868,0.211115
3.32776,0.260989
3.33593,0.324771
3.34274,0.397454
3.35023,0.505233
3.35738,0.642954
3.36499,0.834628
3.37407,1.13083
3.387,1.66392
3.40403,2.39675
3.41419,2.698
3.42367,2.79778
3.43217,2.71679
3.44143,2.46463
3.45737,1.79992
3.47178,1.19094
3.48131,0.86869
3.48937,0.658398
3.49663,0.513804
3.50344,0.410714
3.51139,0.321598
3.51956,0.255819
3.5275,0.209555
3.53703,0.169578
3.54747,0.138521
3.56018,0.11193
3.57471,0.0907902
3.59105,0.0741999
3.61012,0.0607774
3.6299,0.0511337
3.65122,0.0439609
3.67254,0.0391853
3.69077,0.036673
3.71019,0.0356204
3.72636,0.0363944
3.73931,0.0386756
3.75117,0.042849
3.76195,0.049306
3.77274,0.0594154
3.78352,0.0742563
3.79539,0.0966002
3.82429,0.16272
3.83594,0.179861
3.84457,0.183777
3.85406,0.178357
3.86484,0.161293
3.89785,0.083971
3.90809,0.0650269
3.91753,0.0516574
3.92697,0.0417784
3.9364,0.0346674
3.94584,0.0295864
3.95824,0.0249897
3.9728,0.0214542
3.99249,0.0184289
4.0181,0.0160308
4.04884,0.0142917
4.09414,0.0128356
4.14375,0.012019
4.22248,0.0116072
4.30337,0.0119212
4.38426,0.0128821
4.46217,0.0145136
4.54008,0.0171025
4.60929,0.0206372
4.66974,0.0252619
4.72156,0.0310927
4.76104,0.0373863
4.79805,0.0455681
4.8326,0.0562962
4.86221,0.0692454
4.88812,0.0851052
4.91181,0.105479
4.93253,0.130636
4.9503,0.160921
4.96511,0.195968
4.97892,0.241584
4.99077,0.296558
5.00064,0.359954
5.011,0.453001
5.01988,0.564683
5.02877,0.718552
5.03642,0.896352
5.04505,1.16148
5.05394,1.51972
5.06381,2.03049
5.07787,2.94636
5.10131,4.59109
5.11316,5.1622
5.12459,5.36276
5.13625,5.16088
5.14869,4.55449
5.18126,2.30071
5.19212,1.68919
5.20162,1.27059
5.2105,0.972032
5.21926,0.751939
5.2274,0.599868
5.23653,0.47462
5.24541,0.386032
5.25528,0.314285
5.26713,0.252865
5.27947,0.20728
5.29427,0.16806
5.30957,0.138761
5.32734,0.113854
5.34806,0.092781
5.37076,0.0760714
5.39593,0.062589
5.42604,0.0509551
5.46058,0.0414535
5.50006,0.0337925
5.54448,0.0277656
5.5963,0.0229218
5.65181,0.0193943
5.70733,0.0169948
5.77396,0.0151397
5.85316,0.0139843
5.91016,0.0137352
5.98828,0.0141671
6.06639,0.0157151
6.12675,0.0180393
6.17646,0.021146
6.21788,0.0250691
6.25528,0.0303002
6.2851,0.0363176
6.31067,0.0435618
6.33576,0.0536795
6.35564,0.0651003
6.37458,0.0805994
6.38878,0.0970533
6.40062,0.115861
6.41198,0.140731
6.42145,0.16917
6.43091,0.207972
6.44038,0.261598
6.4489,0.327361
6.45742,0.415012
6.46666,0.541055
6.47612,0.710344
6.48678,0.953957
6.5005,1.34467
6.52654,2.15674
6.53961,2.45042
6.55135,2.56639
6.5536,2.56979
6.56479,2.49511
6.57909,2.20521
6.61649,1.06879
6.62832,0.777786
6.63779,0.594465
6.64631,0.465331
6.65484,0.36573
6.66336,0.290357
6.67141,0.23666
6.68087,0.189825
6.69034,0.155769
6.70028,0.12956
6.71212,0.10693
6.72632,0.0876873
6.74242,0.0723532
6.7623,0.0591848
6.7855,0.0487447
6.8118,0.0408907
6.8348,0.0363656
6.86218,0.0331472
6.88627,0.0321673
6.90485,0.0328885
6.92443,0.0358609
6.93748,0.0399653
6.94727,0.0448177
6.95932,0.053838
6.96986,0.0655013
6.98115,0.083061
6.99245,0.106764
7.0055,0.141944
7.04089,0.253561
7.05375,0.280866
7.06614,0.290624
7.07985,0.279865
7.09411,0.247814
7.13201,0.126937
7.14456,0.0946646
7.15586,0.0722151
7.16678,0.0560529
7.17694,0.0450725
7.18824,0.0363922
7.19953,0.0303751
7.21146,0.0259777
7.22815,0.0219249
7.24722,0.0190215
7.27584,0.0164447
7.31198,0.0147254
7.34813,0.0139336
7.37825,0.0137392
7.41911,0.0140176
7.47018,0.0152373
7.51104,0.0170769
7.55173,0.0200271
7.58687,0.023998
7.617,0.029156
7.63959,0.034782
7.66067,0.0422751
7.67825,0.0512342
7.69331,0.0621797
7.70586,0.0750435
7.71841,0.0933408
7.72845,0.113921
7.73849,0.142214
7.74853,0.181213
7.75807,0.231466
7.76711,0.294023
7.77803,0.392729
7.79045,0.538827
7.80677,0.780138
7.83338,1.20392
7.84513,1.34378
7.85898,1.42616
7.86264,1.43015
7.87425,1.39215
7.8867,1.2741
7.90718,0.969601
7.92927,0.619826
7.94232,0.450492
7.95337,0.337764
7.96341,0.258799
7.9722,0.205725
7.98098,0.164987
7.98977,0.13406
7.99956,0.108393
8.0096,0.089104
8.02165,0.0724622
8.03571,0.0589183
8.05077,0.0487891
8.06884,0.0402779
8.08908,0.0336417
8.11491,0.027895
8.14075,0.0241189
8.1688,0.0215998
8.19686,0.0205522
8.21556,0.0208752
8.23476,0.0225973
8.24755,0.0250316
8.26035,0.0290757
8.27155,0.0344597
8.28274,0.0420758
8.2948,0.0532333
8.30957,0.0712523
8.34845,0.128736
8.36204,0.142614
8.37621,0.14803
8.39039,0.142831
8.40555,0.126985
8.44665,0.065117
8.46043,0.0484077
8.47261,0.0370726
8.48381,0.0293055
8.49562,0.0233886
8.50596,0.0196906
8.51777,0.0166884
8.53116,0.0143655
8.5493,0.0123444
8.57197,0.0108144
8.59917,0.00971614
8.64373,0.00875329
8.69573,0.00829797
8.72729,0.00824038
8.79971,0.00859886
8.85541,0.00935974
8.90091,0.0103933
8.94826,0.0120516
8.98539,0.0139953
9.02253,0.016861
9.05359,0.0204271
9.08021,0.0249249
9.10238,0.0304034
9.1201,0.0367127
9.13486,0.0441664
9.14815,0.0536535
9.16045,0.0661461
9.17152,0.0820203
9.18186,0.102568
9.19219,0.130757
9.20253,0.169035
9.21311,0.221374
9.22394,0.291199
9.2371,0.400095
9.25568,0.593015
9.2825,0.887945
9.29648,0.999578
9.31185,1.05278
9.31365,1.05342
9.32502,1.02988
9.33723,0.955824
9.35731,0.758244
9.38475,0.455956
9.39877,0.329489
9.41095,0.243441
9.42153,0.186123
9.43187,0.143721
9.4422,0.112238
9.45278,0.0887233
9.46386,0.0710473
9.47493,0.0583757
9.48822,0.0476138
9.50298,0.0393146
9.5207,0.0324491
9.54211,0.0268072
9.56795,0.0222384
9.59895,0.0186319
9.63011,0.0162437
9.67177,0.0142328
9.71343,0.0130977
9.75508,0.0125773
9.77591,0.0125067
9.83003,0.0128644
9.88415,0.0140527
9.92474,0.0156364
9.96532,0.0180721
10.0017,0.0213528
10.0341,0.0256927
10.062,0.0311399
10.0852,0.0376869
10.1037,0.0450722
10.1223,0.0556078
10.1359,0.0665384
10.1482,0.0801208
10.1606,0.0988152
10.173,0.124864
10.1841,0.157011
10.1952,0.200019
10.2076,0.26374
10.22,0.347106
10.2348,0.474532
10.2605,0.747899
10.2818,0.971032
10.2969,1.08252
10.3127,1.12885
10.3138,1.12903
10.3274,1.09792
10.3443,0.982496
10.3734,0.676697
10.3938,0.464792
10.4079,0.345625
10.4204,0.261954
10.4323,0.200886
10.4442,0.155155
10.4563,0.121238
10.4671,0.09886
10.4801,0.0792922
10.4946,0.063903
10.5101,0.0524484
10.5286,0.042873
10.549,0.0355551
10.575,0.0291573
10.601,0.0247706
10.6311,0.0212877
10.6612,0.0190077
10.694,0.0176751
10.7067,0.0175257
10.7258,0.0178526
10.741,0.0187909
10.7586,0.0210066
10.7738,0.0242348
10.7897,0.0292128
10.81,0.0378957
10.8476,0.0559225
10.866,0.0612293
10.8773,0.0621825
10.8927,0.0604099
10.9122,0.0538363
10.9558,0.0339829
10.9734,0.0281602
10.9905,0.0245793
11.0096,0.0227635
11.0195,0.0225728
11.036,0.0232088
11.0571,0.025635
11.0768,0.0298115
11.0926,0.0351158
11.1064,0.0420199
11.1193,0.0514241
11.1309,0.0635208
11.1426,0.0804369
11.1529,0.10085
11.1647,0.131891
11.1765,0.172896
11.1894,0.230737
11.2055,0.320378
11.2433,0.560241
11.2598,0.635296
11.2759,0.66581
11.2778,0.666116
11.2921,0.646092
11.306,0.59249
11.3277,0.464461
11.3552,0.289799
11.3707,0.208666
11.3831,0.157465
11.395,0.11957
11.4064,0.0922614
11.4168,0.073648
11.4271,0.0596833
11.438,0.0488201
11.4505,0.039856
11.4644,0.0327801
11.4809,0.027058
11.5011,0.0223467
11.5253,0.0185959
11.5545,0.0156091
11.5872,0.0134001
11.6323,0.0114621
11.6891,0.0100458
11.7596,0.0091642
11.8445,0.00884459
11.9511,0.00920032
12.057,0.010286
12.1517,0.0120012
12.2297,0.0141711
12.3003,0.0170384
12.3625,0.0206827
12.419,0.025429
12.4678,0.0313158
12.5098,0.0385164
12.5482,0.0478654
12.5815,0.0595466
12.6101,0.0739432
12.6335,0.090769
12.6535,0.111383
12.6687,0.133489
12.6818,0.159569
12.6949,0.195726
12.7076,0.244918
12.7183,0.302704
12.729,0.380864
12.7397,0.485985
12.7498,0.614993
12.7614,0.811614
12.7736,1.07754
12.7879,1.47659
12.806,2.10302
12.8408,3.40819
12.86,3.90796
12.8768,4.06037
12.8915,3.94429
12.9085,3.55067
12.9363,2.55293
12.9604,1.6806
12.9761,1.22351
12.9876,0.964593
12.999,0.76722
13.0089,0.642678
13.02,0.546724
13.0289,0.499992
13.0379,0.476453
13.0434,0.472222
13.0571,0.491241
13.0729,0.555701
13.103,0.747354
13.1256,0.881522
13.1444,0.9366
13.1486,0.939181
13.1647,0.91354
13.1836,0.817108
13.2134,0.582136
13.238,0.388085
13.2531,0.290455
13.267,0.22014
13.2788,0.173537
13.2915,0.135824
13.3045,0.10737
13.3176,0.086908
13.331,0.0718142
13.3476,0.0588112
13.3661,0.0489592
13.3883,0.0408589
13.4136,0.0344201
13.4452,0.028755
13.4832,0.0239744
13.5291,0.0199181
13.5844,0.0165116
13.6424,0.0140079
13.7215,0.011661
13.8006,0.010083
13.898,0.00880117
14.0162,0.00787416
14.1582,0.00738563
14.2152,0.00734363
14.3422,0.00754962
14.4594,0.00813893
14.5863,0.00934863
14.684,0.0108918
14.7729,0.0130483
14.8429,0.0155692
14.9028,0.0186522
14.9516,0.0221792
15.0004,0.0271602
15.0434,0.0335002
15.0766,0.0404601
15.1059,0.0490399
15.1313,0.0594923
15.1535,0.0725038
15.1713,0.0871736
15.1884,0.107173
15.2031,0.131575
15.2153,0.159587
15.228,0.199278
15.2397,0.248919
15.2506,0.309774
15.2633,0.403097
15.276,0.525657
15.2901,0.701447
15.3072,0.972254
15.3355,1.52545
15.3627,2.04937
15.3828,2.30989
15.3997,2.3846
15.4145,2.32797
15.4305,2.14797
15.4543,1.72567
15.4897,1.02433
15.5066,0.74753
15.5206,0.565336
15.5341,0.429244
15.546,0.33698
15.5581,0.265268
15.5708,0.2098
15.5822,0.173367
15.5963,0.140281
15.6104,0.116967
15.6263,0.0986073
15.6444,0.0841125
15.667,0.072008
15.6927,0.063173
15.7281,0.0562169
15.7705,0.0529751
15.7847,0.052861
15.83,0.0555208
15.8678,0.061688
15.8981,0.0701407
15.9253,0.0817459
15.9498,0.0973788
15.9695,0.115631
15.9873,0.139375
16.0026,0.168495
16.0179,0.209907
16.0317,0.26261
16.0431,0.321138
16.0554,0.404728
16.0689,0.527579
16.0827,0.694152
16.0979,0.932394
16.1161,1.29744
16.1707,2.61705
16.1882,2.91624
16.2073,3.05797
16.2098,3.05975
16.2287,2.94792
16.2505,2.57878
16.3057,1.24626
16.3235,0.899787
16.3382,0.674578
16.3511,0.521292
16.3636,0.407264
16.376,0.320662
16.3884,0.255752
16.4008,0.207378
16.4158,0.165033
16.4316,0.133521
16.4473,0.110878
16.4654,0.0920079
16.4869,0.0757979
16.5139,0.0613863
16.5456,0.0494856
16.5818,0.0399157
16.6199,0.0327256
16.6652,0.0265595
16.7204,0.0212441
16.7793,0.017244
16.8438,0.0140952
16.9152,0.0115742
16.9967,0.00948493
17.086,0.00782235
17.1988,0.00631968
17.3159,0.00520692
17.442,0.00433381
17.5952,0.00356505
17.7812,0.00290584
17.9905,0.00238798
18.242,0.001958
18.531,0.00162318
18.8335,0.00138619
19.2118,0.00119382
19.64,0.00107108
20.0686,0.00102996
20.4284,0.00106758
20.677,0.00115388
20.8987,0.00130734
21.0652,0.00151212
21.1957,0.00177462
21.2874,0.00205425
21.3671,0.00240571
21.4422,0.00288881
21.5078,0.00351456
21.5583,0.004212
21.6064,0.00516604
21.6466,0.00632943
21.6809,0.00777536
21.7088,0.00949191
21.7328,0.0116575
21.7499,0.0138712
21.7666,0.0168879
21.7825,0.0210038
21.7955,0.0256754
21.8078,0.0315984
21.82,0.0394819
21.8335,0.051103
21.8472,0.066903
21.8614,0.0885793
21.8759,0.117127
21.8935,0.161309
21.9156,0.230146
21.9622,0.392467
21.9841,0.448751
22.006,0.473721
22.0098,0.474274
22.0319,0.455053
22.0519,0.408871
22.089,0.283062
22.1177,0.186279
22.1368,0.133521
22.153,0.0984555
22.168,0.073504
22.1817,0.0561149
22.1944,0.0438862
22.2079,0.0341998
22.2213,0.0270965
22.235,0.0218282
22.2507,0.0175242
22.2682,0.0142031
22.2856,0.0118744
22.3077,0.0098078
22.3355,0.00802269
22.3683,0.00658979
22.4028,0.00553378
22.4486,0.00455792
22.4935,0.00389381
22.5566,0.00325347
22.6276,0.00278192
22.7211,0.00239449
22.8326,0.00213309
22.937,0.00200837
23.0553,0.00196123
23.203,0.00201192
23.3213,0.00213692
23.4592,0.00239742
23.5636,0.00270828
23.6698,0.00318125
23.7583,0.00376635
23.8414,0.00457732
23.9112,0.00559141
23.9711,0.00687206
24.016,0.00824541
24.0534,0.00982573
24.0908,0.0120478
24.1207,0.0145956
24.1457,0.0176228
24.1681,0.0215648
24.1846,0.0256681
24.2021,0.0318126
24.2178,0.0397356
24.2325,0.0501821
24.246,0.0633225
24.2594,0.0810296
24.2729,0.104591
24.2869,0.136673
24.3018,0.181298
24.3178,0.242003
24.3388,0.342609
24.3754,0.559461
24.4081,0.743506
24.4322,0.829054
24.4498,0.848741
24.4692,0.824611
24.4939,0.731637
24.5323,0.509313
24.5617,0.33844
24.5805,0.2486
24.5962,0.187671
24.6096,0.145916
24.6246,0.109764
24.6371,0.0866974
24.6513,0.0667741
24.6653,0.0523978
24.6792,0.041897
24.6949,0.0334341
24.7107,0.0274445
24.729,0.0225286
24.7473,0.0190541
24.7735,0.0156033
24.8042,0.0128746
24.8416,0.0106169
24.8865,0.00879254
24.9423,0.0073013
24.9979,0.00632481
25.0646,0.0055602
25.1398,0.00503408
25.2319,0.00469995
25.322,0.00460132
25.4514,0.00475946
25.5748,0.00521378
25.6865,0.00591617
25.8007,0.00701793
25.9033,0.00849669
25.9887,0.0102698
26.0643,0.012481
26.1346,0.0153777
26.1971,0.0190282
26.2517,0.0235485
26.2966,0.0287309
26.3395,0.035674
26.3752,0.0438177
26.4044,0.0531905
26.4293,0.0643283
26.4513,0.0782016
26.471,0.0960525
26.4887,0.118918
26.5037,0.146221
26.5188,0.183984
26.5322,0.229669
26.5458,0.292017
26.5587,0.369491
26.5729,0.480693
26.5871,0.62451
26.6036,0.839173
26.6224,1.15088
26.6471,1.66135
26.7005,2.8786
26.7273,3.29211
26.7498,3.41051
26.7698,3.31545
26.7954,2.94845
26.8351,2.06592
26.8686,1.31871
26.8895,0.942169
26.9057,0.709425
26.9201,0.545444
26.9343,0.419537
26.9485,0.323182
26.9624,0.251941
26.9763,0.19883
26.9903,0.159504
27.0057,0.127665
27.0203,0.105785
27.0386,0.0860577
27.0569,0.0719549
27.0782,0.0599914
27.1063,0.0488129
27.1391,0.0396597
27.1785,0.0319054
27.2234,0.0256887
27.2712,0.0209497
27.3294,0.0168283
27.3896,0.0137752
27.4635,0.0110856
27.5415,0.00906518
27.6386,0.00728152
27.7495,0.0058697
27.8679,0.00482146
27.9911,0.00404984
28.1347,0.00341807
28.2708,0.00299818
28.4724,0.00259263
28.6911,0.00236178
28.8638,0.00230638
29.0521,0.00238122
29.2222,0.00261414
29.3538,0.00297121
29.4455,0.00337774
29.5193,0.0038627
29.5887,0.00453071
29.6462,0.00534136
29.6941,0.0063157
29.7386,0.00764052
29.7697,0.00897974
29.7945,0.0104794
29.8194,0.0126345
29.8403,0.0153037
29.8593,0.0188618
29.8762,0.0234235
29.891,0.0289872
29.9054,0.0363556
29.9203,0.0466523
29.9352,0.0604356
29.9496,0.0778477
29.9645,0.100847
29.9819,0.134866
30.0028,0.186275
30.0351,0.284569
30.0803,0.425493
30.1081,0.482015
30.1298,0.49655
30.1535,0.479287
30.1797,0.424574
30.2279,0.274333
30.2577,0.185054
30.2791,0.133321
30.297,0.0992719
30.3134,0.0751256
30.3283,0.0583212
30.3432,0.0456058
30.3577,0.0363731
30.3734,0.0291269
30.389,0.0239623
30.4073,0.0197964
30.4282,0.0166721
30.4505,0.0145411
30.4804,0.0128511
30.5176,0.0117928
30.5577,0.0114518
30.5884,0.011617
30.6294,0.0123947
30.6703,0.0139389
30.7062,0.0162252
30.7332,0.0189203
30.7551,0.0221528
30.7743,0.0262408
30.7935,0.0321935
30.8109,0.0400842
30.8269,0.0503372
30.8408,0.0626051
30.8548,0.0789298
30.8702,0.103044
30.8852,0.13386
30.9016,0.177906
30.9185,0.235855
30.9405,0.330607
30.9729,0.504535
31.0167,0.748905
31.0421,0.849216
31.0672,0.88981
31.0698,0.890159
31.0919,0.863533
31.1178,0.772266
31.1584,0.552594
31.195,0.350712
31.218,0.248094
31.2354,0.186132
31.2514,0.14117
31.2666,0.108114
31.2818,0.0829139
31.2959,0.0652419
31.3097,0.0522555
31.3253,0.0412926
31.341,0.0333852
31.359,0.0269447
31.3753,0.0227833
31.3989,0.0185683
31.4234,0.0155689
31.4528,0.0130565
31.492,0.0107583
31.5331,0.00909449
31.5821,0.00770937
31.6331,0.00670017
31.7056,0.00573639
31.7883,0.00506054
31.8598,0.00471125
31.9819,0.00445872
32.0086,0.00445025
32.1261,0.00459132
32.2398,0.00501662
32.3514,0.00578565
32.4415,0.00677472
32.5219,0.00808651
32.5885,0.00965524
32.6472,0.0116091
32.7001,0.0140883
32.7464,0.0171537
32.7852,0.0207713
32.8174,0.0249741
32.8464,0.0303452
32.8689,0.0362976
32.8904,0.0443905
32.9098,0.0549195
32.9266,0.0679172
32.9425,0.0850482
32.9585,0.108734
32.9726,0.137161
32.9875,0.176819
33.0027,0.22989
33.0194,0.306231
33.0361,0.404327
33.0563,0.554893
33.0801,0.774338
33.1454,1.46221
33.1727,1.66251
33.1978,1.73434
33.1998,1.73473
33.2239,1.67728
33.2506,1.4946
33.2936,1.05141
33.33,0.674325
33.3528,0.482661
33.372,0.354761
33.3897,0.263673
33.4059,0.200219
33.4218,0.153212
33.436,0.121834
33.4519,0.095665
33.467,0.0777027
33.4829,0.0639305
33.5015,0.0526929
33.5227,0.0441275
33.544,0.0385307
33.5668,0.0347029
33.5897,0.0325304
33.6125,0.0318007
33.6353,0.0326521
33.6587,0.0356995
33.6762,0.0400483
33.6937,0.0469131
33.7113,0.0572122
33.7258,0.0692277
33.743,0.0883607
33.7608,0.115138
33.7803,0.154023
33.8016,0.208407
33.8321,0.305134
33.8852,0.485347
33.9126,0.549568
33.9378,0.572322
33.9396,0.572417
33.964,0.553476
33.9908,0.494031
34.0344,0.34792
34.0705,0.226308
34.0923,0.16569
34.1121,0.1218
34.1304,0.0904698
34.1472,0.0686261
34.1634,0.0526946
34.1797,0.0408999
34.1959,0.0322899
34.2122,0.0260484
34.2294,0.0212821
34.2497,0.017358
34.2701,0.0146243
34.2954,0.0122378
34.3284,0.0101275
34.3665,0.00845975
34.4122,0.00705716
34.4725,0.00577417
34.5355,0.00483625
34.6114,0.00403286
34.711,0.00330021
34.8226,0.00273668
34.9601,0.0022608
35.1175,0.00189129
35.3168,0.00158183
35.548,0.00135568
35.7605,0.00122878
35.9726,0.0011587
36.1734,0.00113786
36.4038,0.0011718
36.6323,0.00128608
36.7971,0.00144658
36.9501,0.00169528
37.0728,0.00201399
37.1603,0.00235101
37.2458,0.0028258
37.3232,0.00346003
37.3819,0.00415498
37.4366,0.0050816
37.4796,0.00612021
37.5187,0.00747084
37.5512,0.00911154
37.5759,0.0109238
37.5989,0.013356
37.6184,0.0163456
37.6355,0.0200255
37.6526,0.0251525
37.669,0.0319577
37.6844,0.0406452
37.6998,0.052219
37.7152,0.0674147
37.7323,0.0895287
37.7503,0.119706
37.7712,0.164379
37.795,0.228485
37.8446,0.391203
37.8823,0.504425
37.9082,0.552782
37.9298,0.566234
37.9578,0.543756
37.9866,0.479791
38.0665,0.223331
38.0913,0.158078
38.1112,0.1167
38.1285,0.0882548
38.1449,0.0673904
38.1613,0.0514475
38.1762,0.0404586
38.1918,0.0317712
38.2075,0.0253411
38.2231,0.0206028
38.241,0.0166863
38.2601,0.0137258
38.2818,0.0113743
38.3035,0.00971085
38.3345,0.00805305
38.373,0.00667225
38.4164,0.00561668
38.4686,0.00476026
38.534,0.0040676
38.6141,0.00357724
38.6782,0.00337776
38.7423,0.00331473
38.8245,0.00342569
38.9068,0.00379278
38.9716,0.0043455
39.0214,0.00502571
39.0613,0.00583297
39.0962,0.00686404
39.1274,0.00823666
39.1523,0.00987933
39.1741,0.0119947
39.1928,0.0146078
39.2084,0.0176187
39.2248,0.0219543
39.2408,0.0276955
39.2567,0.035441
39.2727,0.0457573
39.2891,0.0597402
39.3056,0.0777803
39.3235,0.10275
39.346,0.142309
39.3754,0.20734
39.4362,0.359087
39.4666,0.415081
39.4952,0.437862
39.4998,0.438307
39.5269,0.422546
39.5538,0.379311
39.5995,0.269812
39.6396,0.171834
39.6635,0.123932
39.6825,0.0933935
39.6999,0.0709876
39.7171,0.0537697
39.7333,0.0413432
39.7495,0.0319406
39.7642,0.0254995
39.7792,0.0205443
39.7966,0.0163004
39.8141,0.0132594
39.834,0.0107994
39.8546,0.00901741
39.8764,0.00766574
39.9075,0.00631877
39.9469,0.00517514
39.988,0.00435147
40.0455,0.00355582
40.1111,0.00294505
40.1727,0.00254593
40.2538,0.00217771
40.3456,0.00189666
40.4762,0.00164661
40.6192,0.00149383
40.7929,0.00141346
40.8734,0.00140491
41.088,0.00145609
41.2999,0.00161312
41.4968,0.00187903
41.6655,0.0022435
41.8002,0.00267641
41.9154,0.00320262
42.0311,0.00395957
42.1282,0.004876
42.2155,0.00605759
42.2887,0.00746693
42.3538,0.00923896
42.4095,0.0113838
42.4587,0.0140538
42.4985,0.0171056
42.5304,0.0205061
42.5569,0.0244268
42.5835,0.0300037
42.6047,0.0364095
42.622,0.0435845
42.6399,0.0537694
42.6579,0.0678983
42.6738,0.085015
42.6911,0.110043
42.7083,0.143821
42.7256,0.188641
42.7423,0.244825
42.7609,0.324289
42.7822,0.439152
42.8092,0.622426
42.8852,1.23357
42.916,1.41479
42.9458,1.48894
42.9498,1.49003
42.9797,1.43026
43.0106,1.26023
43.0961,0.58138
43.1226,0.409776
43.1439,0.301347
43.1625,0.22704
43.18,0.172695
43.1975,0.131281
43.2135,0.102804
43.2302,0.0803353
43.2469,0.0637288
43.2637,0.0515006
43.2828,0.0413897
43.3032,0.0337332
43.3271,0.0274841
43.3537,0.0226657
43.3816,0.0190627
43.4214,0.0154283
43.4679,0.0124936
43.5154,0.0103568
43.5752,0.00842534
43.6388,0.00696239
43.712,0.00575928
43.7983,0.00476366
43.8895,0.00403137
43.9899,0.00347845
44.1191,0.00303138
44.2596,0.00279127
44.3462,0.00275411
44.4742,0.00286493
44.5726,0.00312307
44.6585,0.00353287
44.7318,0.00409825
44.7948,0.00484274
44.8474,0.00577059
44.8913,0.00690779
44.9277,0.00829451
44.959,0.0100792
44.9841,0.012205
45.006,0.0149204
45.0262,0.0185272
45.0432,0.0227942
45.0602,0.0286309
45.0773,0.0365857
45.0931,0.0464241
45.1106,0.060896
45.1282,0.079953
45.1455,0.104062
45.1665,0.141507
45.1916,0.198324
45.2242,0.289871
45.2818,0.465934
45.3129,0.536694
45.342,0.567958
45.3498,0.569457
45.3781,0.549845
45.4072,0.493375
45.4533,0.358924
45.4969,0.227797
45.5229,0.163125
45.5455,0.11855
45.5656,0.087738
45.5836,0.0663775
45.6009,0.0507258
45.6167,0.0398273
45.6325,0.0315263
45.6483,0.025265
45.6663,0.0200004
45.6834,0.0163894
45.7009,0.013657
45.721,0.0113852
45.746,0.00938457
45.7736,0.00785097
45.8112,0.00640789
45.8563,0.00522723
45.9115,0.00423669
45.9716,0.00348617
46.0447,0.0028503
46.1222,0.00237792
46.2126,0.00198865
46.3137,0.00168292
46.4266,0.00144349
46.5395,0.00127374
46.6871,0.00112083
46.8739,0.00100072
47.1143,9.26595E-4
47.2516,9.15654E-4
47.5034,9.50959E-4
47.71,0.00104186
47.8731,0.00116818
48.0379,0.00136922
48.1856,0.00164867
48.3117,0.00200884
48.4161,0.00244648
48.5027,0.00296464
48.5835,0.00365026
48.6509,0.00446256
48.7115,0.00549191
48.7568,0.00655667
48.7962,0.00780842
48.8314,0.00933844
48.8653,0.0114355
48.8936,0.0139983
48.9162,0.0169545
48.9365,0.0207012
48.9545,0.0253209
48.9726,0.0316752
48.9902,0.0402248
49.0072,0.0513426
49.0242,0.0661738
49.0411,0.0856868
49.0577,0.110282
49.0758,0.14444
49.0969,0.195241
49.1221,0.272095
49.1532,0.390138
49.2216,0.677225
49.2558,0.779422
49.2872,0.816397
49.2896,0.816614
49.3192,0.788533
49.3544,0.690197
49.4449,0.317767
49.4725,0.224689
49.4931,0.169116
49.5112,0.12996
49.5297,0.0984517
49.5468,0.0758978
49.5639,0.0586166
49.581,0.045585
49.5967,0.0365558
49.6143,0.0290072
49.6319,0.0234803
49.652,0.0189291
49.6751,0.0152719
49.6965,0.0128865
49.7269,0.0104862
49.7635,0.00852618
49.8062,0.00694129
49.8576,0.00560986
49.9124,0.0045992
49.976,0.00375369
50.0474,0.00307015
50.1335,0.00248226
50.2333,0.00200301
50.3428,0.00163234
50.4739,0.0013214
50.6207,0.00107942
50.7552,9.19961E-4
50.9307,7.69692E-4
51.1602,6.35658E-4
51.4077,5.40144E-4
51.6393,4.79964E-4
51.9745,4.25438E-4
52.342,3.96497E-4
52.5805,3.91423E-4
52.9872,4.06583E-4
53.334,4.47444E-4
53.6469,5.15871E-4
53.8993,6.04906E-4
54.1268,7.26719E-4
54.312,8.72222E-4
54.485,0.00106849
54.6394,0.00132284
54.7656,0.00161951
54.883,0.00201083
54.9809,0.00247133
55.067,0.0030365
55.1473,0.00377652
55.2197,0.00472873
55.2745,0.00573748
55.3277,0.00710402
55.373,0.00877768
55.4096,0.0107338
55.4413,0.0132213
55.4666,0.016128
55.4888,0.0197614
55.5098,0.0246151
55.5275,0.0303054
55.5453,0.0379974
55.563,0.0483662
55.5808,0.0622328
55.5983,0.0802514
55.6178,0.106685
55.6374,0.141136
55.6579,0.187368
55.6823,0.25662
55.7117,0.360847
55.801,0.732474
55.8375,0.83607
55.8698,0.867921
55.9035,0.833101
55.9349,0.745206
55.9897,0.520688
56.0349,0.334627
56.0628,0.240228
56.0851,0.179455
56.1064,0.133551
56.1262,0.100511
56.1445,0.0770442
56.1628,0.0591595
56.181,0.0457489
56.1998,0.0355788
56.2175,0.0285058
56.2378,0.0226373
56.2556,0.0188984
56.2791,0.0153304
56.3013,0.0129248
56.333,0.0105048
56.371,0.00853046
56.4154,0.00693893
56.4687,0.00560005
56.522,0.00463554
56.5905,0.00373652
56.6704,0.00299292
56.7579,0.00241405
56.8594,0.00193628
56.9761,0.00154812
57.0978,0.00125925
57.2434,0.00101241
57.3968,8.25968E-4
57.5835,6.63782E-4
57.7812,5.41653E-4
57.9986,4.4471E-4
58.2655,3.59746E-4
58.5818,2.89414E-4
58.9425,2.3378E-4
59.3507,1.89961E-4
59.8293,1.5427E-4
60.397,1.25072E-4
61.0673,1.01458E-4
61.7599,8.44181E-5
62.6771,6.86632E-5
63.7211,5.63209E-5
64.9931,4.59337E-5
66.4863,3.7516E-5
68.2927,3.04719E-5
70.446,2.46655E-5
73.0213,1.98574E-5
76.0094,1.59778E-5
79.465,1.28342E-5
83.512,1.02482E-5
88.1367,8.16928E-6
93.3544,6.51066E-6
99.2967,5.17114E-6
105.945,4.10648E-6
113.416,3.25458E-6
121.702,2.5807E-6
130.895,2.04591E-6
141.23,1.61619E-6
152.69,1.2761E-6
165.32,1.0082E-6
179.234,7.96863E-7
194.508,6.30463E-7
211.58,4.9716E-7
230.416,3.91963E-7
249.993,3.13343E-7
250.0,3.13331E-7
250.0,0.128047
298.883,0.116003
300.0,0.115728
358.659,0.105646
400.0,0.0985405
478.212,0.0894393
500.0,0.0869039
597.765,0.0785682
600.0,0.0783777
700.0,0.0717976
800.0,0.066529
900.0,0.0621932
1000.0,0.058548
1195.53,0.0530395
1250.0,0.0515049
1494.41,0.0464937
1500.0,0.0463792
1793.3,0.0422383
2000.0,0.03932
2391.06,0.0356439
2500.0,0.0346199
2988.82,0.0313045
3000.0,0.0312287
3586.59,0.0285203
4000.0,0.0266115
4782.12,0.0242417
5000.0,0.0235815
5977.65,0.0214719
6000.0,0.0214237
7000.0,0.0198013
8000.0,0.0185331
9000.0,0.0175123
10000.0,0.0166715
11955.3,0.0154387
12500.0,0.0150952
14944.1,0.0140152
15000.0,0.0139906
17932.9,0.0131315
20000.0,0.0125261
23910.6,0.0117849
25000.0,0.0115784
29888.2,0.0109141
30000.0,0.0108989
35865.9,0.010345
40000.0,0.00995464
42375.1,0.00978007
42375.1,0.0103496
47500.0,0.010015
57500.0,0.0099
85000.0,0.0103
90000.0,0.01029
105000.0,0.0105
110000.0,0.0104957
160000.0,0.0108766
250000.0,0.0134584
310000.0,0.01595
360000.0,0.0190003
400000.0,0.0250003
420000.0,0.0299448
460000.0,0.0362087
480000.0,0.044999
515000.0,0.05275
550000.0,0.0613829
565000.0,0.0665376
595000.0,0.0812982
656250.0,0.123125
700000.0,0.145004
750000.0,0.214343
803125.0,0.341298
868750.0,0.541339
975000.0,0.901759
1012500.0,1.00736
1100000.0,1.19885
1200000.0,1.32442
1600000.0,1.43152
2200000.0,1.51846
2400000.0,1.52237
4782120.0,1.38812
5000000.0,1.372
5500000.0,1.39647
6000000.0,1.59646
6625000.0,1.96916
7000000.0,2.14636
7500000.0,2.26454
8000000.0,2.28456
1.1E7,2.06674
1.3E7,2.03249
1.4E7,2.09499
1.65E7,2.43026
1.9E7,2.56263
2.6E7,2.72302
3.0E7,2.73594
