95-Am-242(n,&gamma;) ENDF/B-VII.1
1.0E-5,52664.5
1.31241E-5,45971.9
1.70876E-5,40289.8
2.2426E-5,35170.5
2.91987E-5,30824.1
3.83206E-5,26907.8
4.98935E-5,23583.3
6.54808E-5,20588.0
8.52562E-5,18045.6
1.11891E-4,15754.7
1.45682E-4,13810.0
1.91195E-4,12058.6
2.48937E-4,10572.0
3.26707E-4,9232.54
4.25373E-4,8096.38
5.58264E-4,7073.18
7.26861E-4,6205.84
9.53941E-4,5424.92
0.00124203,4762.84
0.00163006,4167.78
0.00212234,3664.14
0.00278538,3212.01
0.00362657,2830.44
0.00475955,2493.13
0.00619694,2205.2
0.00813293,1948.33
0.0105891,1736.81
0.0138972,1546.96
0.0180942,1392.41
0.0234661,1267.67
0.0253,1234.21
0.0361611,1106.15
0.0516848,1022.6
0.078782,982.163
0.0836914,981.484
0.133793,996.344
0.166801,966.344
0.200104,872.063
0.282435,524.586
0.315598,414.726
0.345014,342.167
0.376701,286.067
0.41066,246.873
0.439349,227.695
0.474479,219.252
0.502584,223.251
0.589238,265.6
0.600948,266.628
0.624368,258.825
0.659498,225.254
0.7162,157.507
0.75369,123.649
0.79042,100.304
0.82715,84.1112
0.866503,72.1133
0.918974,61.4978
0.984563,53.0779
1.06589,46.3708
1.21544,38.2671
1.32038,34.3829
1.39909,32.8114
1.42532,32.6642
1.49353,33.6118
1.54469,36.0903
1.59254,40.2947
1.67208,49.5583
1.71163,51.4757
1.75334,49.5353
1.83459,42.4852
1.87748,41.203
1.91853,42.1199
1.97557,46.3463
2.06112,54.7121
2.09872,56.0299
2.14384,53.7822
2.20589,45.5369
2.28438,34.1605
2.33797,28.4555
2.39085,24.5613
2.44373,22.0484
2.50483,20.4591
2.56124,20.0057
2.6266,20.6104
2.69197,22.5934
2.73927,25.1571
2.79446,29.8029
2.85395,37.2422
2.94857,50.683
3.07088,62.7897
3.16829,74.386
3.22053,76.1498
3.35828,73.702
3.39634,70.3464
3.45186,60.6341
3.52959,44.9903
3.574,38.5396
3.61207,34.8141
3.65172,32.5305
3.69138,31.7183
3.73091,32.3325
3.77044,34.497
3.80895,38.393
3.85152,45.2808
3.89408,55.3499
3.97246,77.9207
4.01192,84.1061
4.02111,84.5003
4.05895,82.383
4.1345,73.693
4.1533,73.2086
4.24878,78.0919
4.28591,75.2887
4.33233,65.0081
4.39845,47.4108
4.43946,39.1286
4.48823,32.2713
4.54317,27.1773
4.61502,22.7807
4.7028,19.1829
4.77108,17.3153
4.83935,16.2009
4.90763,15.8476
4.98873,16.4511
5.06983,18.3335
5.1485,21.581
5.30601,30.5761
5.37148,32.4615
5.38477,32.5393
5.45368,31.5834
5.51766,30.0866
5.55704,29.7958
5.62036,31.2221
5.7164,34.96
5.78901,36.6452
5.86426,40.9924
5.92142,44.286
5.9475,44.7377
5.9893,43.593
6.09974,34.9015
6.25052,22.7524
6.28896,20.5318
6.32739,19.1093
6.37174,18.5311
6.40985,19.0132
6.44796,20.5463
6.48395,23.1609
6.52593,27.8623
6.60201,38.9654
6.6399,42.4053
6.65505,42.8337
6.69293,41.7367
6.74913,39.0943
6.75228,39.0767
6.822,41.3648
6.8508,40.0314
6.89221,34.0371
6.92407,29.3693
6.95981,26.2551
7.02733,22.1286
7.09685,16.5209
7.1413,14.1336
7.2096,12.0286
7.36861,8.02575
7.42923,6.8688
7.49136,6.03641
7.55349,5.50498
7.61642,5.2105
7.67935,5.11984
7.76529,5.29234
7.85123,5.79421
7.99708,7.03406
8.07521,7.32634
8.14813,7.1035
8.29703,6.15058
8.39097,5.9292
8.64401,6.37092
8.66326,6.37213
8.8139,6.30552
9.12004,6.54501
9.18757,6.80726
9.23259,7.23806
9.28209,8.17924
9.3293,9.70737
9.39061,11.9957
9.41927,12.5258
9.42823,12.5562
9.45955,12.127
9.50731,10.3608
9.55912,8.32991
9.60158,7.20673
9.62989,6.73273
9.68304,6.2553
9.77996,6.06498
9.89876,5.9717
10.0645,5.45629
10.1051,5.44317
10.1457,5.60326
10.1864,6.04336
10.2764,7.71835
10.3049,7.9161
10.3396,7.70131
10.4151,6.77167
10.448,6.6611
10.5029,6.90824
10.647,8.47896
10.7146,9.68691
10.7786,11.6636
10.8301,13.3273
10.8684,13.8022
10.9033,13.3535
11.0098,9.83305
11.052,9.0256
11.0925,8.74431
11.1465,8.93309
11.214,9.74032
11.3847,12.6939
11.4294,12.949
11.5077,12.3081
11.5789,11.7117
11.6168,11.9635
11.6541,12.8577
11.6914,14.495
11.7657,18.6077
11.8029,19.516
11.8097,19.5345
11.8484,18.9136
11.9692,15.103
12.0811,12.549
12.1349,11.8332
12.1886,11.6194
12.2542,12.1343
12.3199,13.6312
12.378,15.935
12.4423,19.6888
12.5569,27.8022
12.6161,30.0976
12.6318,30.254
12.691,29.2679
12.7777,26.1046
12.8368,25.1837
12.8998,26.2041
13.012,30.2426
13.047,30.6966
13.1171,29.6893
13.1969,27.916
13.2206,27.7443
13.3288,29.019
13.3739,29.4497
13.4371,28.5369
13.516,24.8316
13.6174,19.2504
13.6828,16.9227
13.7319,16.0801
13.7705,15.898
13.8505,16.1064
13.9066,15.7891
13.9726,14.3799
14.0669,11.8434
14.1363,10.7461
14.193,10.4566
14.2781,10.7819
14.4881,12.5249
14.5904,12.869
14.684,12.4553
14.7907,10.878
14.8678,9.64222
14.9322,9.13265
14.9394,9.13052
14.9847,9.52427
15.0158,10.343
15.0547,12.1154
15.1092,15.1394
15.138,16.036
15.1489,16.1177
15.177,15.622
15.2169,13.629
15.2633,11.0086
15.3012,9.56397
15.34,8.83275
15.3886,8.62846
15.4468,8.9324
15.6182,10.6135
15.6959,10.9232
15.8253,10.7958
15.8796,11.0209
15.9364,11.8134
16.0266,13.6159
16.059,13.8158
16.107,13.3075
16.2029,11.2137
16.2585,10.602
16.2927,10.5156
16.3888,10.9312
16.5647,11.9085
16.878,13.1731
16.969,12.8502
17.186,10.7696
17.256,10.5339
17.3505,10.8722
17.5009,11.7801
17.5327,11.8158
17.5794,11.8117
17.6682,12.1675
17.7886,13.4858
17.8023,13.5025
17.8582,12.9318
17.9887,9.69991
18.045,8.83006
18.1012,8.46167
18.12,8.43007
18.19,8.61644
18.344,9.96243
18.4721,10.9281
18.687,11.3451
18.7645,11.9363
18.8499,13.3291
19.0928,19.5036
19.2129,21.1248
19.257,21.2648
19.3409,20.508
19.5014,17.256
19.5893,16.5977
19.6139,16.5835
19.7836,17.2128
19.8737,18.5319
19.9613,20.0766
19.9935,20.2183
20.0581,19.4349
20.1881,16.5815
20.3203,14.5532
20.4995,9.67039
20.5608,8.5461
20.5979,8.11
20.6721,7.71131
20.683,7.69813
20.7752,7.93226
20.9043,8.89489
21.0321,10.4089
21.1513,11.8357
21.4636,12.6262
21.5664,12.935
21.6089,13.6792
21.6423,14.9225
21.6849,17.6062
21.7518,22.9997
21.7844,24.5279
21.7992,24.6903
21.8336,23.6785
21.8825,19.9275
21.9337,15.8415
21.963,14.2592
22.002,13.1028
22.0555,12.7111
22.1492,12.9065
22.2363,12.4636
22.414,10.7856
22.769,7.9825
23.0335,6.79951
23.2924,4.79105
23.4241,4.15195
23.8513,2.98145
24.0347,2.59117
24.1331,2.49023
24.1868,2.47955
24.2875,2.58258
24.3546,2.81064
24.4049,3.16751
24.4384,3.57559
24.4715,4.19018
24.504,5.06529
24.548,6.66997
24.602,8.79042
24.6404,9.74944
24.6656,9.93633
24.698,9.68871
24.7668,8.4804
24.81,8.14799
24.8516,8.35336
25.0344,11.0455
25.0949,11.3515
25.2325,10.6393
25.366,11.3574
25.422,11.0217
25.5422,9.31148
25.6938,8.39877
25.7627,7.45621
25.8738,5.57809
25.9393,4.78236
26.0074,4.28704
26.0591,4.09322
26.1107,4.02036
26.1947,4.10628
26.2787,4.41332
26.3676,4.99152
26.4565,5.89802
26.5355,7.08527
26.6146,8.77657
26.6897,10.9978
26.7845,14.7401
26.9189,20.4997
26.9953,22.4453
27.0506,22.8093
27.1525,21.6974
27.4145,17.0861
27.5527,13.0675
27.6576,10.1421
27.7425,8.5164
27.8116,7.68509
27.8595,7.32624
27.9553,7.04166
28.0523,7.23958
28.1809,8.11525
28.3946,10.4891
28.4931,12.0387
28.5489,13.6602
28.5984,16.1111
28.7055,23.6578
28.7487,25.129
28.7548,25.1687
28.7929,24.4846
28.9039,18.5267
28.9554,16.7416
29.0048,15.8973
29.0704,15.5425
29.1442,15.9901
29.1974,17.163
29.2618,19.8292
29.3486,24.1321
29.4018,25.2238
29.4583,24.2683
29.5535,21.0582
29.5946,20.583
29.6591,21.2436
29.739,22.1622
29.7913,21.4426
29.881,18.1133
29.9668,15.0763
30.0566,13.1483
30.2822,9.54672
30.353,8.83315
30.581,7.79803
30.7182,6.83273
30.7879,6.64752
30.9516,7.0733
31.0242,6.82605
31.1769,5.50105
31.2539,5.21874
31.2698,5.21296
31.3413,5.36824
31.5002,6.08873
31.5555,6.18184
31.6495,6.01856
31.7657,5.64919
31.8156,5.58517
32.0239,5.74618
32.0878,5.73177
32.2241,5.91751
32.313,6.08254
32.3907,5.86317
32.5426,4.79203
32.6093,4.61368
32.6586,4.71562
32.8145,5.64387
32.8386,5.68621
32.8914,5.5508
32.9787,4.82444
33.0556,4.15265
33.12,3.80667
33.1843,3.67317
33.2623,3.73184
33.3662,4.07932
33.4658,4.65586
33.5465,5.35714
33.6186,6.29299
33.6996,7.81946
33.8091,10.0374
33.8855,10.8044
33.9782,11.4253
34.0453,12.6639
34.1424,14.9442
34.1798,15.2212
34.2231,14.7585
34.2826,12.9541
34.3681,9.88494
34.4176,8.70405
34.466,8.08502
34.5265,7.86905
34.6032,8.1446
34.6693,8.76081
34.7218,9.63301
34.7706,11.0341
34.8109,12.8767
34.8614,16.2315
34.9425,22.623
34.9876,24.7689
35.0083,25.0657
35.0497,24.3421
35.1597,19.1403
35.2018,18.0228
35.2879,17.4998
35.3644,17.0368
35.5405,13.8546
35.6004,13.4176
35.6805,13.8162
35.8523,15.9907
35.8902,16.1354
35.9918,15.5483
36.1273,14.0808
36.3853,12.7155
36.5601,10.5885
36.668,9.24905
36.7579,8.55162
36.7983,8.46239
36.8388,8.59211
36.8882,9.16258
36.9377,10.2844
37.0567,13.9965
37.1058,14.5903
37.11,14.5916
37.1599,14.0682
37.2467,12.2239
37.2974,11.7255
37.3096,11.7191
37.3584,12.0934
37.4947,14.2478
37.5272,14.4281
37.5995,14.0096
37.8172,10.5446
38.0954,7.03507
38.2042,6.03889
38.3283,5.32143
38.4393,4.97161
38.5351,4.87046
38.6596,5.0322
38.8135,5.64982
38.936,6.49697
39.0261,7.54852
39.1998,10.4368
39.3069,11.3527
39.3504,11.7576
39.4022,12.8526
39.4491,14.7262
39.5501,20.0721
39.5961,21.1161
39.6001,21.1234
39.639,20.4713
39.691,18.0029
39.7711,13.5109
39.8183,11.6987
39.8714,10.537
39.9558,9.70686
40.1159,8.82761
40.1595,8.76227
40.2555,9.12669
40.3672,9.76803
40.3836,9.78442
40.4624,9.44738
40.5428,8.80359
40.5929,8.63106
40.6431,8.78751
40.7865,9.93362
40.8147,9.98448
40.892,9.88899
40.9448,10.2246
40.9859,11.1576
41.0213,12.5636
41.1365,18.9511
41.1847,20.3997
41.2177,20.6075
41.2946,20.2131
41.366,21.177
41.4356,22.2401
41.4842,21.4057
41.5433,18.6112
41.6228,14.437
41.7042,11.3271
41.8124,7.79658
41.8708,6.31943
41.9292,5.32078
41.9988,4.60813
42.0886,4.09229
42.1963,3.78848
42.2435,3.75696
42.2985,3.81371
42.3771,4.09022
42.5467,5.13069
42.6184,5.31115
42.6892,5.1306
42.8668,3.98253
42.9568,3.64311
42.9849,3.58893
43.0,3.56778
43.0,8.65281
46.5,9.6587
50.75,11.978
55.0,14.5919
62.5,11.8957
70.0,9.92538
83.6871,9.15981
90.0,8.8067
107.598,7.94823
110.0,7.83104
130.0,6.58166
150.0,6.00509
179.329,6.50998
180.0,6.52152
215.195,6.24891
225.0,6.17297
268.994,5.52761
275.0,5.43951
300.0,4.76553
325.0,4.22013
375.0,3.85615
448.324,3.54113
450.0,3.53393
537.989,3.19767
550.0,3.15177
657.542,2.92324
700.0,2.83301
836.871,2.75366
900.0,2.71706
1075.98,2.52402
1100.0,2.49767
1300.0,2.3179
1500.0,2.16019
1793.3,1.97983
1800.0,1.97571
2151.95,1.81718
2250.0,1.77302
2689.94,1.62993
2750.0,1.6104
3250.0,1.48803
3750.0,1.39187
4483.24,1.28244
4500.0,1.27994
5379.88,1.18293
5500.0,1.16969
6575.42,1.08628
7000.0,1.05335
8368.71,0.981722
9000.0,0.948686
10759.8,0.885009
11000.0,0.876317
13000.0,0.82275
15000.0,0.781257
17932.9,0.734775
18000.0,0.733712
21519.5,0.693785
22500.0,0.682662
27283.2,0.643921
27283.2,0.643985
57445.6,0.531902
87464.3,0.452163
128909.0,0.376042
182658.0,0.309299
239415.0,0.26267
327973.0,0.206376
414428.0,0.165756
502453.0,0.134867
600000.0,0.110131
700000.0,0.0921291
820000.0,0.0765804
975000.0,0.0625739
1148910.0,0.0515526
1362150.0,0.0420853
1586810.0,0.0348319
1874490.0,0.0280655
2323260.0,0.0201676
2685940.0,0.0151489
3000000.0,0.011965
3349240.0,0.00935736
3700000.0,0.00744855
4000000.0,0.00628011
4399720.0,0.0051704
4800000.0,0.00438687
5300000.0,0.00372501
5774950.0,0.00329292
6449810.0,0.00292564
7349830.0,0.00270004
8899440.0,0.00261547
1.25E7,0.0025765
1.65E7,0.00265746
2.0E7,0.0028546
