96-Cm-242(n,total fission) ENDF/B-VII.1
1.0E-5,237.189
1.31241E-5,207.043
1.70876E-5,181.448
2.2426E-5,158.387
2.91987E-5,138.807
3.83206E-5,121.164
4.98935E-5,106.186
6.54808E-5,92.6891
8.52562E-5,81.2323
1.11891E-4,70.9071
1.45682E-4,62.1406
1.91195E-4,54.2434
2.48937E-4,47.5373
3.26707E-4,41.4928
4.25373E-4,36.3625
5.58264E-4,31.7386
7.26861E-4,27.815
9.53941E-4,24.2776
0.00124203,21.2732
0.00163006,18.5666
0.00212234,16.2687
0.00278538,14.1973
0.00362657,12.44
0.00475955,10.8751
0.00619694,9.526
0.00813293,8.30734
0.0105891,7.28399
0.0138972,6.34274
0.0180942,5.54763
0.0234661,4.87052
0.0253,4.68339
0.033204,4.06947
0.0432317,3.56567
0.0567377,3.08832
0.0738726,2.68519
0.105586,2.21975
0.144742,1.86738
0.18924,1.60465
0.257874,1.34156
0.338436,1.1346
0.462184,0.928624
0.604058,0.773017
0.752956,0.658122
0.944185,0.550521
1.22079,0.443117
1.51485,0.363952
1.83463,0.301573
2.28433,0.239551
2.68281,0.199901
3.16098,0.164006
3.84788,0.128253
4.41713,0.107182
5.10212,0.0881725
5.84025,0.0733072
6.59925,0.0623225
7.511,0.0528089
8.5309,0.0463227
9.3696,0.0438178
9.5973,0.0436615
10.0527,0.0442147
10.6599,0.0475101
11.1153,0.0532244
11.3999,0.0593305
11.6846,0.068825
11.9217,0.0809806
12.1115,0.0953977
12.2965,0.11604
12.4459,0.140411
12.574,0.1704
12.6807,0.205489
12.7804,0.251262
12.8705,0.309705
12.9535,0.386305
13.0211,0.474119
13.0792,0.57846
13.1373,0.724854
13.1871,0.903266
13.2286,1.11132
13.2642,1.35679
13.2974,1.67297
13.3271,2.0673
13.352,2.52971
13.3733,3.08123
13.3918,3.74951
13.4072,4.52653
13.4227,5.62838
13.4345,6.81832
13.4459,8.37694
13.4566,10.3578
13.4673,13.0228
13.4777,16.4974
13.4891,21.539
13.5005,28.1833
13.5133,37.902
13.5275,51.7148
13.5455,73.401
13.5821,121.771
13.6014,139.942
13.6192,146.148
13.6196,146.152
13.6337,142.524
13.6523,127.548
13.6807,91.3636
13.7054,59.3593
13.721,42.7735
13.7338,32.0207
13.7452,24.5333
13.7566,18.7686
13.7673,14.6717
13.778,11.5863
13.7886,9.28387
13.8003,7.44007
13.8116,6.11843
13.8259,4.92976
13.8421,3.98365
13.8603,3.24592
13.8804,2.66436
13.9046,2.16581
13.9331,1.7485
13.9663,1.40315
14.0042,1.12374
14.0458,0.906207
14.0896,0.739966
14.1394,0.602536
14.1987,0.484885
14.2652,0.391014
14.3411,0.314537
14.4241,0.254852
14.5189,0.206204
14.6304,0.165874
14.7585,0.13353
14.8913,0.109901
15.0621,0.0886474
15.2329,0.0737523
15.4037,0.0629385
15.6313,0.0526106
15.916,0.0437163
16.2575,0.0365973
16.6503,0.0312085
17.1645,0.0265933
17.749,0.0233212
18.4796,0.0208951
19.2101,0.0194833
20.379,0.0185701
20.6712,0.0185239
21.9503,0.0193056
22.9921,0.0211942
23.8603,0.0238673
24.7285,0.0281494
25.5099,0.034364
26.0308,0.0405942
26.5517,0.0496304
26.9475,0.0592534
27.2857,0.070753
27.6465,0.0880102
27.9397,0.108156
28.1877,0.131901
28.4048,0.160702
28.6134,0.1993
28.791,0.245152
28.9601,0.306476
29.0982,0.376752
29.2279,0.468604
29.3406,0.580247
29.4393,0.715765
29.5295,0.887595
29.6126,1.10939
29.6817,1.36643
29.7465,1.70296
29.8057,2.13817
29.8564,2.66788
29.8959,3.23965
29.9354,4.0384
29.9658,4.90909
29.9898,5.85344
30.0137,7.17516
30.0352,8.881
30.0529,10.8939
30.0687,13.3689
30.0845,16.7666
30.1,21.3439
30.1152,27.4403
30.1304,35.5897
30.1451,45.8429
30.1609,60.0223
30.1798,81.8277
30.2015,113.674
30.2339,172.325
30.2764,251.755
30.3029,286.552
30.3268,299.312
30.3295,299.466
30.3516,290.769
30.3796,257.261
30.4239,175.911
30.4563,116.853
30.4788,83.3526
30.498,60.9833
30.5149,45.7387
30.5304,35.0191
30.5459,26.8955
30.5611,20.943
30.5764,16.5391
30.5916,13.2972
30.6084,10.7
30.6275,8.59811
30.6491,6.955
30.6739,5.64812
30.7021,4.61326
30.7359,3.74018
30.7725,3.0647
30.8148,2.49973
30.8642,2.02378
30.9219,1.6249
30.9811,1.32981
31.0516,1.07463
31.1305,0.868795
31.2151,0.708613
31.3137,0.572984
31.4293,0.459488
31.5477,0.375945
31.683,0.306668
31.8409,0.248848
32.0213,0.202128
32.2129,0.166828
32.4497,0.13639
32.7203,0.11298
33.036,0.0951265
33.3066,0.085304
33.6427,0.0779276
34.0418,0.0747167
34.452,0.0771541
34.7992,0.0843169
35.0596,0.0938297
35.32,0.108463
35.5587,0.128615
35.754,0.152529
35.9493,0.18683
36.1093,0.226966
36.2612,0.28128
36.3833,0.342809
36.4972,0.422809
36.6003,0.524554
36.6871,0.644031
36.7712,0.806202
36.8376,0.985036
36.9041,1.23532
36.9611,1.54071
37.0099,1.91117
37.0506,2.34534
37.0831,2.82804
37.1102,3.38222
37.1349,4.08464
37.158,5.0212
37.1787,6.2381
37.1968,7.74038
37.2139,9.72264
37.2291,12.118
37.2442,15.3079
37.2601,19.7348
37.2765,25.7932
37.2944,34.5026
37.3115,45.2047
37.3316,61.0581
37.3576,86.8611
37.4325,174.59
37.4585,196.291
37.487,206.23
37.4895,206.311
37.516,199.146
37.5443,177.355
37.5906,123.762
37.6289,79.5821
37.6517,58.042
37.6707,43.5875
37.6896,32.2487
37.7059,24.7541
37.7222,19.0
37.7385,14.6669
37.7532,11.7063
37.7694,9.28921
37.7855,7.51048
37.804,6.03896
37.8236,4.92504
37.8426,4.14746
37.8698,3.35864
37.8969,2.80363
37.9294,2.32113
37.9701,1.88789
38.0189,1.51873
38.0759,1.21472
38.141,0.969985
38.2061,0.794131
38.2821,0.644488
38.3689,0.520788
38.4638,0.4229
38.5804,0.3369
38.7106,0.269183
38.8571,0.215358
39.009,0.175473
39.1935,0.140707
39.3833,0.115018
39.6112,0.0928905
39.877,0.0746829
40.1808,0.0600799
40.528,0.0484282
40.8752,0.0401869
41.3553,0.0322015
41.8354,0.0266397
42.4116,0.02194
43.0837,0.0182124
43.9479,0.0150453
44.9081,0.0127996
45.8684,0.0113697
47.0206,0.0103366
48.3384,0.00988019
48.6019,0.00986007
50.1833,0.0103114
51.501,0.0115099
52.5552,0.0132783
53.4777,0.0157574
54.1366,0.0183915
54.7954,0.0221088
55.4543,0.0275436
55.9308,0.0332267
56.4073,0.0413158
56.7721,0.0500163
57.1369,0.0621405
57.4645,0.0776239
57.725,0.0948506
57.9856,0.11887
58.1941,0.145584
58.3802,0.178314
58.5589,0.221797
58.7078,0.271879
58.8381,0.331497
58.9684,0.413662
59.0875,0.519473
59.1917,0.650485
59.2764,0.798828
59.3571,0.995527
59.4206,1.20923
59.4821,1.49374
59.5342,1.83033
59.5788,2.23274
59.6179,2.72961
59.6505,3.31821
59.6798,4.07423
59.7039,4.95028
59.7274,6.1368
59.7482,7.58895
59.7687,9.51988
59.7888,12.065
59.8089,15.4431
59.829,19.8645
59.8491,25.5454
59.8714,33.5722
59.8975,45.4515
59.9314,64.9285
60.0285,130.979
60.0672,148.48
60.0997,153.487
60.1351,147.566
60.1744,128.936
60.2757,60.3185
60.3047,44.1977
60.3315,32.3157
60.3531,24.8018
60.3755,18.758
60.3941,14.8699
60.4157,11.4285
60.4358,9.04366
60.4559,7.26291
60.4793,5.74967
60.5028,4.66865
60.5296,3.79067
60.5564,3.16385
60.5914,2.58197
60.6286,2.14302
60.6733,1.76269
60.7235,1.4519
60.7887,1.16259
60.8557,0.949242
60.9338,0.768604
61.0232,0.619943
61.1274,0.495973
61.2316,0.406137
61.3619,0.324654
61.5108,0.258545
61.6634,0.209901
61.8421,0.16872
62.0357,0.13658
62.2442,0.11142
62.475,0.0909377
62.7355,0.0740185
63.011,0.0609016
63.3758,0.0484163
63.7406,0.0394992
64.1501,0.0322499
64.6266,0.0261661
65.1496,0.0214023
65.715,0.0177825
66.1996,0.0153286
66.8458,0.0128986
67.6536,0.0107281
68.6229,0.00889926
69.5922,0.0076577
71.2077,0.00633661
72.5001,0.00571639
73.7925,0.00536349
75.0849,0.00522497
76.3109,0.00527711
77.537,0.005521
79.0695,0.00618606
80.2955,0.00706901
81.3682,0.00831403
82.2877,0.00992308
83.054,0.0118713
83.7436,0.0144005
84.4333,0.0180244
84.893,0.0214788
85.345,0.0261304
85.7405,0.0317495
86.0936,0.0386219
86.4397,0.047997
86.7292,0.0589357
86.9764,0.0717563
87.2095,0.0883012
87.4355,0.110683
87.6262,0.137249
87.7957,0.170168
87.944,0.210124
88.0853,0.263352
88.2088,0.329075
88.3112,0.404863
88.4101,0.507169
88.4949,0.631273
88.569,0.784802
88.6308,0.96559
88.6838,1.18571
88.7279,1.44958
88.7633,1.75195
88.795,2.13971
88.8233,2.62955
88.848,3.22605
88.8727,4.04728
88.896,5.10537
88.9183,6.45833
88.9405,8.24352
88.9624,10.5277
88.9861,13.7116
89.0133,18.4584
89.0408,24.6141
89.0726,33.5049
89.1135,47.5668
89.2096,84.176
89.2534,96.0079
89.296,100.65
89.2998,100.68
89.3381,97.4529
89.3763,88.4869
89.437,66.7053
89.5062,40.3507
89.5444,28.464
89.5761,20.6257
89.6023,15.5776
89.6277,11.7551
89.6489,9.27677
89.6729,7.11223
89.6955,5.57989
89.7181,4.42935
89.7435,3.47989
89.7697,2.78097
89.7979,2.24487
89.8297,1.82316
89.865,1.49742
89.9091,1.21655
89.9621,0.985232
90.0168,0.815592
90.091,0.651647
90.1758,0.520521
90.2623,0.424765
90.3611,0.34513
90.4794,0.276581
90.603,0.224977
90.7408,0.183053
90.9102,0.145991
91.0798,0.11932
91.2775,0.0966927
91.5176,0.0770574
91.7648,0.0626086
92.0614,0.0502228
92.4075,0.0400939
92.7536,0.0328933
93.142,0.0270694
93.594,0.0222311
94.1451,0.0181672
94.7293,0.0152122
95.3135,0.0132177
96.0437,0.0115992
96.7737,0.0107062
97.5037,0.0104316
98.1847,0.0107633
99.0003,0.0120873
99.5384,0.0138393
99.942,0.0158939
100.362,0.0191202
100.677,0.022684
100.982,0.0276464
101.223,0.0331986
101.424,0.0395365
101.622,0.0480689
101.795,0.0583649
101.949,0.071011
102.1,0.0883206
102.227,0.108643
102.335,0.132571
102.437,0.16378
102.523,0.200538
102.597,0.24388
102.665,0.299013
102.721,0.362297
102.766,0.433659
102.804,0.52021
102.839,0.631429
102.87,0.773369
102.897,0.94903
102.921,1.17127
102.946,1.47638
102.971,1.89486
102.993,2.40392
103.017,3.1134
103.04,4.04395
103.064,5.2432
103.09,6.92475
103.12,9.43523
103.155,13.1517
103.202,19.3444
103.302,34.1007
103.348,38.9653
103.393,41.0213
103.4,41.0628
103.441,39.7271
103.489,35.1341
103.564,24.2767
103.625,15.4881
103.662,11.197
103.691,8.37582
103.72,6.20964
103.745,4.73612
103.77,3.59444
103.795,2.72859
103.82,2.09037
103.845,1.61959
103.869,1.27536
103.894,1.02449
103.921,0.826644
103.952,0.667738
103.987,0.544512
104.027,0.446815
104.073,0.368789
104.129,0.303012
104.193,0.24836
104.263,0.205737
104.346,0.168252
104.45,0.134885
104.558,0.109902
104.691,0.0879194
104.839,0.0705629
104.987,0.0580383
105.154,0.0476948
105.348,0.038891
105.561,0.0318826
105.808,0.0260077
106.068,0.0215323
106.364,0.0177882
106.717,0.0145814
107.111,0.0120185
107.561,0.00994057
108.042,0.00837574
108.619,0.0069891
109.253,0.00591055
110.022,0.00499581
111.023,0.00419492
112.176,0.00359148
113.407,0.00317401
114.638,0.002906
116.484,0.00269417
118.286,0.00263723
120.064,0.00273958
121.25,0.00290761
122.436,0.00319748
123.326,0.00351247
124.364,0.00411456
125.105,0.0047881
125.698,0.00557536
126.217,0.0065243
126.7,0.00782214
127.096,0.00935095
127.435,0.0111927
127.762,0.013719
128.033,0.016693
128.289,0.020706
128.497,0.0253479
128.682,0.031095
128.848,0.0383826
128.985,0.0467107
129.11,0.0571947
129.217,0.0695602
129.312,0.0846078
129.402,0.104165
129.476,0.12697
129.543,0.156163
129.595,0.189014
129.637,0.22676
129.675,0.277566
129.706,0.336561
129.738,0.420498
129.764,0.521507
129.791,0.660464
129.818,0.851218
129.842,1.07819
129.869,1.41687
129.895,1.86633
129.923,2.47758
129.954,3.34424
129.985,4.47932
130.022,6.20637
130.072,9.05143
130.185,16.5609
130.243,19.4135
130.293,20.4229
130.3,20.4384
130.345,19.7776
130.395,17.6885
130.474,12.6488
130.545,8.01042
130.588,5.69185
130.625,4.11012
130.657,3.02387
130.684,2.30836
130.711,1.75638
130.737,1.33414
130.764,1.01692
130.791,0.782086
130.817,0.614165
130.843,0.490815
130.869,0.400248
130.899,0.323811
130.931,0.2683
130.966,0.223315
131.011,0.184231
131.065,0.151931
131.132,0.123936
131.212,0.100457
131.297,0.0827234
131.401,0.067035
131.511,0.0550928
131.636,0.0452367
131.782,0.0369443
131.942,0.030379
132.121,0.025112
132.341,0.020486
132.591,0.016823
132.882,0.0138721
133.227,0.0114989
133.62,0.00969586
134.013,0.00849236
134.556,0.00740964
135.099,0.00674186
135.824,0.00627069
136.911,0.00612455
138.152,0.00650211
139.256,0.00728956
140.291,0.0085083
141.154,0.00999804
142.016,0.0121504
142.8,0.0150218
143.553,0.0190002
144.118,0.0234029
144.62,0.0289277
145.028,0.0351789
145.428,0.043669
145.768,0.0538082
146.082,0.0669457
146.354,0.0828388
146.583,0.101364
146.792,0.124484
146.97,0.151579
147.149,0.189059
147.298,0.2326
147.442,0.291882
147.561,0.360572
147.663,0.442188
147.752,0.540863
147.837,0.673523
147.901,0.814818
147.954,0.980004
148.003,1.19751
148.046,1.47286
148.079,1.78561
148.113,2.22307
148.143,2.75244
148.173,3.47164
148.204,4.49392
148.234,5.81678
148.262,7.49602
148.294,9.87876
148.324,12.8773
148.36,17.3247
148.402,24.0513
148.455,34.4342
148.578,61.8522
148.635,71.4246
148.688,75.3754
148.7,75.5051
148.751,72.8904
148.812,63.7619
148.97,29.0994
149.015,21.0018
149.054,15.486
149.089,11.4501
149.12,8.76243
149.149,6.78637
149.179,5.18819
149.21,3.99702
149.241,3.12005
149.27,2.50947
149.299,2.04426
149.333,1.65837
149.372,1.35158
149.412,1.12326
149.465,0.914427
149.529,0.743455
149.601,0.608529
149.69,0.491131
149.792,0.396656
149.907,0.321272
150.041,0.258964
150.188,0.210618
150.357,0.170986
150.549,0.13977
150.757,0.116055
150.995,0.0974408
151.292,0.0824221
151.59,0.0736146
151.938,0.069291
152.047,0.0691492
152.359,0.0722057
152.567,0.0776573
152.775,0.0868992
152.935,0.0976604
153.102,0.113958
153.24,0.13346
153.376,0.160516
153.497,0.195471
153.601,0.238457
153.684,0.287008
153.754,0.343464
153.809,0.406321
153.865,0.496899
153.906,0.596356
153.943,0.720377
153.974,0.86894
154.007,1.08846
154.037,1.37208
154.063,1.70065
154.089,2.13324
154.115,2.69839
154.143,3.48432
154.172,4.57447
154.205,6.14063
154.237,8.14383
154.276,11.2143
154.323,15.9341
154.393,24.5129
154.489,36.5526
154.547,41.4647
154.6,43.0115
154.649,41.6707
154.704,37.2325
154.789,26.7969
154.868,16.9183
154.914,12.142
154.951,8.98442
154.986,6.66619
155.019,4.9408
155.047,3.80314
155.075,2.94322
155.103,2.28546
155.131,1.78887
155.159,1.40762
155.19,1.11234
155.22,0.898933
155.255,0.725257
155.294,0.589755
155.335,0.489599
155.387,0.403028
155.45,0.331533
155.523,0.273016
155.616,0.220058
155.727,0.176291
155.849,0.142609
155.988,0.115273
156.133,0.0946516
156.303,0.0772484
156.48,0.0640668
156.688,0.0527118
156.931,0.0431182
157.198,0.0354982
157.542,0.0285502
157.895,0.0234773
158.308,0.019235
158.794,0.0156797
159.336,0.0128813
160.02,0.0103743
160.715,0.0086118
161.508,0.00712577
162.5,0.00581113
163.492,0.00486601
164.782,0.00399222
166.269,0.00330997
167.261,0.0029489
168.848,0.00251748
170.832,0.00213658
173.213,0.00181701
175.594,0.00161108
177.974,0.00145485
181.149,0.00132551
185.681,0.00123635
188.398,0.00121779
195.19,0.00128094
199.265,0.00139389
204.019,0.00161207
207.415,0.0018537
210.132,0.00212036
212.169,0.0023788
214.546,0.00277041
217.263,0.00339643
219.3,0.00407106
221.338,0.00503001
222.696,0.00591441
224.055,0.00710702
225.328,0.0086071
226.347,0.0102868
227.338,0.0125433
228.248,0.0154105
229.025,0.0188961
229.69,0.0230463
230.26,0.0279702
230.806,0.0345235
231.305,0.0430397
231.732,0.0534107
232.113,0.0664293
232.421,0.0812257
232.706,0.100161
232.95,0.122536
233.187,0.153
233.395,0.190702
233.561,0.232572
233.727,0.290956
233.864,0.358463
233.989,0.445034
234.081,0.533352
234.174,0.658358
234.25,0.803916
234.315,0.985877
234.372,1.21712
234.421,1.50881
234.464,1.86215
234.505,2.34281
234.542,2.92499
234.579,3.70202
234.618,4.81163
234.657,6.28045
234.697,8.19423
234.737,10.7144
234.784,14.482
234.839,19.9391
234.913,28.9764
235.048,46.9556
235.122,54.035
235.189,56.7986
235.2,56.8576
235.264,54.9248
235.328,49.5599
235.43,36.6854
235.537,22.6337
235.599,15.9956
235.646,11.9194
235.688,9.08272
235.73,6.86386
235.769,5.25828
235.808,4.04157
235.846,3.15788
235.884,2.50001
235.922,2.01292
235.966,1.60484
236.013,1.29412
236.067,1.05111
236.126,0.864039
236.195,0.713702
236.284,0.577563
236.387,0.467489
236.512,0.375276
236.655,0.301671
236.806,0.246262
236.993,0.197873
237.207,0.159425
237.421,0.132265
237.67,0.109674
237.967,0.0909742
238.323,0.0759661
238.707,0.0655304
239.141,0.0583171
239.663,0.0541163
240.01,0.053431
240.441,0.0546885
240.98,0.059757
241.412,0.0672513
241.836,0.0788741
242.188,0.09331
242.54,0.114476
242.827,0.139593
243.079,0.170729
243.316,0.212441
243.518,0.262788
243.683,0.320444
243.834,0.393206
243.969,0.483576
244.082,0.588735
244.179,0.712746
244.265,0.865659
244.343,1.0614
244.403,1.27856
244.455,1.53871
244.508,1.90521
244.553,2.35748
244.598,2.98287
244.639,3.74376
244.679,4.76258
244.722,6.22452
244.765,8.16784
244.808,10.6934
244.857,14.368
244.914,19.8053
244.99,28.8412
245.145,49.5798
245.222,56.9777
245.294,59.6694
245.299,59.6861
245.368,57.5753
245.444,50.8489
245.587,31.8546
245.669,21.587
245.728,15.6678
245.774,11.8735
245.818,9.09475
245.861,6.93381
245.901,5.38888
245.944,4.14311
245.987,3.22777
246.026,2.61797
246.071,2.09485
246.117,1.71705
246.168,1.40675
246.22,1.18282
246.292,0.961761
246.378,0.778918
246.468,0.644007
246.576,0.526779
246.702,0.428231
246.845,0.347252
247.018,0.278055
247.212,0.223045
247.438,0.177791
247.672,0.144517
247.923,0.118462
248.225,0.0958647
248.577,0.0771524
248.98,0.0621213
249.411,0.0507669
249.914,0.041372
250.432,0.0345064
251.036,0.0288229
251.74,0.0242284
252.516,0.0208159
253.292,0.018564
254.178,0.0170192
255.28,0.016278
256.22,0.0165204
257.16,0.0176786
258.112,0.0201023
258.945,0.0237282
259.61,0.028194
260.156,0.0335184
260.646,0.0402547
261.087,0.0487206
261.465,0.0587394
261.822,0.0718392
262.165,0.0895775
262.452,0.110505
262.697,0.135227
262.928,0.167498
263.124,0.2054
263.292,0.249752
263.446,0.305175
263.593,0.378541
263.719,0.46662
263.829,0.574754
263.925,0.707555
264.008,0.875183
264.075,1.07328
264.132,1.31606
264.183,1.61747
264.226,1.98013
264.264,2.40112
264.308,3.0563
264.351,3.95157
264.395,5.16168
264.437,6.69729
264.483,8.90118
264.53,11.7311
264.586,16.0819
264.649,22.1639
264.849,44.819
264.924,50.7246
264.999,52.8626
265.066,51.1971
265.14,45.8385
265.259,32.6717
265.366,20.6096
265.429,14.8206
265.483,10.8817
265.532,8.09501
265.577,6.1371
265.619,4.7342
265.661,3.67241
265.701,2.91403
265.745,2.29309
265.789,1.84155
265.839,1.47241
265.883,1.23881
265.938,1.02713
266.008,0.836422
266.092,0.678779
266.19,0.550896
266.295,0.453027
266.421,0.36809
266.568,0.297051
266.736,0.239089
266.925,0.192509
267.146,0.153807
267.38,0.124361
267.66,0.0992337
267.968,0.0796124
268.304,0.0642855
268.661,0.0524875
269.102,0.0420128
269.55,0.0343328
270.11,0.0274347
270.712,0.022179
271.384,0.0179649
272.168,0.0144622
273.009,0.0117679
273.997,0.00951318
274.842,0.00813016
275.0,0.0079765
275.0,1.535
300.0,1.4561
322.371,1.39396
340.237,1.3491
368.91,1.2845
400.0,1.223
472.871,1.1777
543.879,1.14113
643.526,1.09864
700.0,1.078
731.915,1.00953
761.032,0.953193
799.307,0.886775
832.817,0.834759
871.79,0.780413
913.893,0.728073
943.76,0.694414
980.89,0.65607
1000.0,0.6377
1195.53,0.645961
1355.4,0.652716
1500.0,0.6578
1732.05,0.635937
2000.0,0.6148
2391.06,0.623797
2710.81,0.631153
3000.0,0.6367
3197.81,0.619692
3575.87,0.591014
4012.62,0.562829
4340.6,0.544387
4769.76,0.523052
5613.08,0.4845
6073.66,0.466168
6676.5,0.445082
7000.0,0.4349
7913.08,0.413604
8603.02,0.399685
9510.8,0.383599
10000.0,0.3758
11326.4,0.363066
12570.8,0.352741
14118.2,0.341588
15988.1,0.330029
18561.8,0.316674
20000.0,0.3102
22133.6,0.303244
25768.4,0.293101
30000.0,0.283297
34868.2,0.273924
39665.1,0.266137
45992.2,0.257468
54387.9,0.24771
61702.1,0.240408
73191.5,0.230868
81821.5,0.224846
93531.1,0.217827
100000.0,0.2144
100000.0,0.2144
173168.0,0.300111
209776.0,0.341609
300000.0,0.465303
400000.0,0.714901
500000.0,1.01701
600000.0,1.49005
620000.0,1.59596
700000.0,1.37802
868436.0,1.70603
1000000.0,1.9
1200000.0,2.08417
1500000.0,2.17978
2744410.0,2.01578
4000000.0,1.93104
6000000.0,1.9756
6500000.0,2.0805
7000000.0,2.4327
7500000.0,2.58889
9000000.0,2.6264
1.2E7,2.59041
1.4E7,2.90701
2.0E7,2.8151
