96-Cm-244(n,&gamma;) ENDF/B-VII.1
1.0E-5,765.878
1.31241E-5,668.537
1.70876E-5,585.892
2.2426E-5,511.43
2.91987E-5,448.208
3.83206E-5,391.239
4.98935E-5,342.877
6.54808E-5,299.298
8.52562E-5,262.306
1.11891E-4,228.967
1.45682E-4,200.662
1.91195E-4,175.164
2.48937E-4,153.513
3.26707E-4,133.998
4.25373E-4,117.435
5.58264E-4,102.508
7.26861E-4,89.8424
9.53941E-4,78.4244
0.00124203,68.7279
0.00163006,59.9937
0.00212234,52.58
0.00278538,45.8988
0.00362657,40.232
0.00475955,35.1887
0.00619694,30.8428
0.00813293,26.9195
0.0105891,23.6288
0.0138972,20.6053
0.0180942,18.0554
0.0234661,15.8858
0.0253,15.2818
0.033204,13.3237
0.0474582,11.163
0.0617907,9.78209
0.0883169,8.20002
0.115908,7.16448
0.150913,6.28865
0.198059,5.51065
0.257874,4.8471
0.338436,4.26057
0.440644,3.76477
0.574961,3.34264
0.818972,2.87909
1.11462,2.5811
1.5001,2.3817
1.97434,2.30414
2.5397,2.3744
3.09105,2.59132
3.65174,2.99376
4.11898,3.53005
4.49277,4.16001
4.8432,4.99791
5.12354,5.94066
5.40389,7.2468
5.64919,8.8678
5.85945,10.8075
6.03466,13.0205
6.20988,16.048
6.36757,19.8876
6.48438,23.7636
6.61579,29.7435
6.7326,37.2656
6.83116,46.2059
6.91074,56.109
6.98666,68.9826
7.05602,85.1932
7.12172,106.67
7.17794,132.405
7.22612,162.872
7.27285,203.984
7.31373,254.525
7.35023,317.845
7.3809,392.041
7.40718,479.502
7.43171,591.994
7.45449,738.509
7.47201,894.796
7.48953,1112.06
7.50413,1367.64
7.51581,1648.96
7.52749,2034.26
7.53859,2542.2
7.5491,3206.31
7.55932,4086.23
7.56954,5267.68
7.57976,6820.24
7.59174,9179.33
7.60605,12765.0
7.64197,23126.2
7.65598,25870.3
7.66951,26835.4
7.68262,25973.1
7.69862,22829.6
7.73921,11240.2
7.75206,8282.04
7.76257,6368.69
7.77206,5013.58
7.7817,3950.67
7.79134,3145.38
7.80229,2470.77
7.81251,2011.13
7.82477,1610.82
7.83821,1299.63
7.85222,1066.55
7.86916,863.863
7.8896,690.76
7.91296,551.585
7.93749,447.238
7.96553,361.117
7.99707,291.312
8.03445,232.137
8.07299,188.198
8.11972,149.819
8.16644,122.081
8.22485,97.0264
8.28909,77.4177
8.35918,62.0913
8.43511,50.1211
8.52709,39.6998
8.61616,32.3903
8.71837,26.2241
8.82642,21.4272
8.94907,17.4086
9.09508,13.9313
9.25862,11.1422
9.44551,8.86322
9.65577,7.03677
9.86019,5.75193
10.1055,4.63146
10.3566,3.79112
10.6603,3.05674
10.9874,2.485
11.3145,2.07024
11.7015,1.71615
12.0886,1.46081
12.5531,1.24501
13.2216,1.06722
13.7034,1.01865
13.7841,1.01757
14.1473,1.04261
14.5104,1.12965
14.8029,1.27064
15.0551,1.47729
15.2569,1.73691
15.4334,2.07612
15.5772,2.47899
15.7007,2.96977
15.8243,3.67268
15.9302,4.54671
16.0185,5.584
16.0941,6.82453
16.1647,8.44213
16.2278,10.4827
16.2808,12.8826
16.3262,15.7164
16.3703,19.5449
16.4081,24.1506
16.4399,29.5166
16.4699,36.6022
16.4956,45.2455
16.5168,55.3728
16.5345,67.289
16.5486,80.4607
16.5612,96.36
16.5748,119.971
16.5869,148.971
16.599,188.471
16.6106,239.466
16.6227,310.367
16.6346,401.431
16.6469,523.267
16.6623,717.594
16.6812,1020.64
16.7276,1891.78
16.7478,2169.7
16.766,2280.71
16.7696,2284.17
16.7853,2225.4
16.8033,2025.91
16.831,1539.43
16.8633,936.149
16.88,681.978
16.8951,498.956
16.9087,372.416
16.9212,284.334
16.9327,222.924
16.944,176.944
16.9566,139.125
16.9692,111.66
16.9808,92.9876
16.996,75.2328
17.0111,62.5206
17.0292,51.5179
17.0519,41.7929
17.0792,33.6343
17.1079,27.509
17.1432,22.1176
17.1798,18.0975
17.2239,14.5886
17.2744,11.7266
17.3273,9.5633
17.3879,7.77026
17.4522,6.38266
17.5316,5.14099
17.6148,4.20405
17.7157,3.389
17.8317,2.72785
17.9553,2.22852
18.0864,1.84654
18.2377,1.52855
18.4143,1.26233
18.6059,1.05667
18.8531,0.872695
19.1002,0.745736
19.3827,0.646234
19.7345,0.566314
20.1546,0.517251
20.4404,0.507995
20.7059,0.518852
20.9714,0.553533
21.2164,0.617565
21.4002,0.697336
21.5763,0.815136
21.7141,0.953555
21.8443,1.14463
21.9515,1.37247
22.0434,1.64851
22.1251,1.99166
22.1966,2.40891
22.2604,2.92549
22.3216,3.62315
22.3727,4.44303
22.4174,5.44265
22.4556,6.62896
22.4926,8.23988
22.5233,10.1419
22.5475,12.2643
22.5705,15.1336
22.5896,18.5985
22.605,22.5038
22.6203,27.9486
22.6341,34.758
22.6478,44.1108
22.6616,56.9114
22.6744,72.7717
22.6884,95.8136
22.703,127.14
22.7193,172.656
22.7382,239.551
22.7673,367.105
22.803,528.614
22.8255,601.208
22.8471,630.275
22.8496,630.62
22.8696,610.71
22.8898,553.73
22.9235,408.432
22.9559,261.878
22.9766,184.963
22.9929,136.917
23.0072,103.984
23.0213,79.0259
23.034,61.7074
23.0471,48.3149
23.0608,37.8097
23.0746,30.1453
23.089,24.3271
23.1042,19.9065
23.1216,16.297
23.1433,13.1578
23.1665,10.8205
23.192,8.97856
23.2227,7.37752
23.2571,6.07032
23.3018,4.85919
23.3477,3.972
23.4013,3.22604
23.4626,2.61648
23.5341,2.11183
23.6157,1.70484
23.7025,1.39702
23.8046,1.13893
23.9195,0.933593
24.0446,0.774509
24.2003,0.635261
24.3687,0.530285
24.5653,0.444164
24.8154,0.369352
25.0656,0.31822
25.4229,0.268975
25.8727,0.229907
26.3644,0.203839
26.8577,0.188422
27.351,0.178394
28.0087,0.173592
28.6952,0.176939
29.5603,0.193571
30.0966,0.213247
30.633,0.244048
31.1693,0.290858
31.6156,0.349512
32.0152,0.427941
32.3537,0.524879
32.6257,0.635738
32.8866,0.785031
33.1086,0.96519
33.3028,1.18544
33.4804,1.46577
33.6358,1.8081
33.7746,2.2342
33.8911,2.72689
34.0076,3.41073
34.1048,4.20686
34.1908,5.17877
34.2685,6.38862
34.3406,7.95351
34.3989,9.70121
34.4572,12.1305
34.5058,14.9768
34.5474,18.3725
34.5849,22.6634
34.6126,27.0856
34.6404,33.3006
34.6612,39.8927
34.682,49.1719
34.7007,61.0744
34.7174,75.8607
34.7336,95.6942
34.7486,120.444
34.7636,153.292
34.7794,199.103
34.7944,255.421
34.8118,339.915
34.829,445.242
34.8521,622.087
34.8854,938.71
34.9301,1385.33
34.96,1601.98
34.9876,1680.63
34.9898,1681.06
35.0162,1618.08
35.0455,1419.96
35.121,680.114
35.1451,484.388
35.1651,355.919
35.1815,273.012
35.1981,207.26
35.2137,160.296
35.2286,125.794
35.2436,99.7138
35.2586,80.1539
35.2753,64.1397
35.2928,51.9929
35.3127,42.1213
35.3352,34.3504
35.3619,27.954
35.3896,23.2401
35.4229,19.1496
35.4618,15.6959
35.5103,12.6037
35.5616,10.2614
35.6199,8.3328
35.6879,6.71149
35.7656,5.38601
35.8475,4.37776
35.9446,3.513
36.0556,2.80812
36.1721,2.2765
36.3054,1.837
36.4552,1.4815
36.6328,1.18165
36.8159,0.959619
37.0379,0.766946
37.2766,0.620088
37.5485,0.500204
37.8316,0.410541
38.1868,0.32979
38.5466,0.272318
38.9203,0.227709
39.3873,0.187226
39.9478,0.152671
40.6017,0.124917
41.2555,0.105359
42.1896,0.0861989
43.1237,0.0733863
44.0579,0.0645081
45.0923,0.0576762
46.4138,0.0527331
47.405,0.0514862
48.3962,0.0531341
49.1395,0.0574908
49.5877,0.0625398
49.9885,0.069629
50.3851,0.0810728
50.6796,0.0944236
50.925,0.110961
51.1507,0.133558
51.3274,0.15933
51.4844,0.191873
51.6218,0.232346
51.7396,0.281223
51.8476,0.344238
51.9359,0.416092
52.0242,0.516912
52.0929,0.626766
52.1604,0.777691
52.212,0.938467
52.2635,1.16419
52.3015,1.40033
52.3322,1.66448
52.3629,2.04187
52.3874,2.48138
52.4095,3.04798
52.4291,3.75989
52.4463,4.61534
52.4635,5.77101
52.4806,7.32866
52.4972,9.32747
52.5138,11.9449
52.5312,15.5219
52.5503,20.6233
52.5695,27.1497
52.593,37.3477
52.619,51.4186
52.6637,80.8526
52.7133,113.655
52.7486,129.636
52.7798,134.546
52.8124,129.174
52.8428,115.613
52.8958,80.9311
52.9395,52.128
52.9665,37.4829
52.9881,28.0382
53.0087,20.8929
53.0278,15.7418
53.0455,12.0779
53.0632,9.28172
53.0808,7.18236
53.099,5.5885
53.1162,4.47904
53.1358,3.55803
53.153,2.97115
53.1757,2.41128
53.1971,2.03416
53.2278,1.65538
53.2646,1.34698
53.3076,1.09888
53.3591,0.890457
53.4106,0.74044
53.4769,0.600692
53.5542,0.485168
53.6388,0.39529
53.737,0.321157
53.8474,0.262075
53.9676,0.216236
54.1099,0.177719
54.2817,0.145327
54.4706,0.120598
54.6792,0.101533
54.9295,0.085668
55.2585,0.0717138
55.6638,0.0606904
56.0691,0.0538893
56.5311,0.0482416
57.22,0.0431417
57.9088,0.0401124
59.1487,0.0375696
60.2508,0.0371344
61.9634,0.0391473
63.1052,0.0429709
63.9614,0.0484343
64.583,0.0548168
65.0311,0.0620947
65.4786,0.0734763
65.8142,0.0868471
66.0988,0.104088
66.3124,0.123193
66.4954,0.146542
66.6631,0.177084
66.8004,0.212619
66.9224,0.256986
67.0292,0.311391
67.1207,0.376217
67.2122,0.467853
67.2884,0.577355
67.3482,0.697428
67.4016,0.846354
67.446,1.02046
67.4816,1.21589
67.5134,1.46312
67.5388,1.74287
67.5642,2.13992
67.5858,2.61807
67.6062,3.24136
67.6265,4.10111
67.6443,5.11574
67.6621,6.45071
67.6818,8.40525
67.7009,10.8918
67.7218,14.4527
67.7422,18.8778
67.7653,25.2258
67.7938,35.076
67.8314,51.2634
67.9117,89.6062
67.9524,103.142
67.9878,107.557
67.9898,107.57
68.0236,103.937
68.0632,91.5061
68.1298,60.1539
68.1756,39.2273
68.2056,28.083
68.2299,20.8435
68.2536,15.3469
68.2742,11.648
68.2948,8.81071
68.3131,6.88637
68.3332,5.29256
68.3509,4.23593
68.3713,3.33909
68.3916,2.68831
68.4126,2.20166
68.4348,1.82834
68.4602,1.52273
68.492,1.25579
68.5289,1.04153
68.5746,0.856219
68.6318,0.695071
68.7005,0.560828
68.7805,0.452172
68.8644,0.372005
68.9712,0.300447
69.0881,0.246235
69.2304,0.200856
69.3728,0.16942
69.5507,0.142064
69.7642,0.119889
69.9981,0.103681
70.2777,0.0908916
70.6132,0.0811443
71.0006,0.0743376
71.4915,0.0698782
72.3307,0.0673036
73.2531,0.069307
74.36,0.0757351
75.4739,0.0862429
76.6015,0.102061
77.5413,0.121256
78.2931,0.142067
79.0449,0.17018
79.7497,0.205352
80.4545,0.255797
81.0168,0.312347
81.5076,0.379723
82.0096,0.476604
82.4136,0.585868
82.7942,0.729607
83.1361,0.91108
83.4429,1.14186
83.6915,1.40201
83.9285,1.74413
84.146,2.18642
84.3286,2.70613
84.4917,3.34957
84.6315,4.10872
84.7636,5.09676
84.8879,6.40151
84.985,7.81623
85.0802,9.73389
85.1598,11.9705
85.2278,14.5991
85.2865,17.7141
85.3375,21.4366
85.3832,26.1076
85.4206,31.5225
85.4536,38.2841
85.4844,47.2751
85.5115,58.4897
85.5355,72.2535
85.5596,91.0099
85.584,116.872
85.6073,150.104
85.6306,193.898
85.6531,248.488
85.6803,333.35
85.7075,441.64
85.7425,617.048
85.7883,901.108
85.8714,1451.81
85.9165,1659.74
85.9576,1731.56
85.9598,1731.74
86.002,1663.13
86.0439,1475.58
86.1235,953.594
86.1744,632.91
86.2086,458.121
86.2366,343.913
86.2638,256.786
86.2878,197.121
86.3111,152.633
86.3345,118.812
86.3578,93.4419
86.3826,73.5015
86.4075,59.0021
86.4323,48.415
86.4611,39.5675
86.496,32.042
86.5349,26.2606
86.5815,21.429
86.6301,17.8348
86.6883,14.6855
86.7602,11.8829
86.8418,9.60568
86.9369,7.70892
87.0457,6.16921
87.1603,5.00452
87.2962,4.00973
87.4516,3.20148
87.6147,2.59359
87.8012,2.09232
88.0109,1.68788
88.2596,1.34771
88.5159,1.09689
88.8267,0.880401
89.1607,0.716823
89.5414,0.585249
89.9376,0.489219
90.4348,0.406692
90.9326,0.354126
91.3075,0.327753
91.8072,0.308198
92.1759,0.304815
92.7269,0.319231
93.1402,0.351211
93.4842,0.398558
93.7936,0.466703
94.0515,0.552956
94.2749,0.662732
94.4755,0.805124
94.6417,0.972807
94.8021,1.20343
94.9339,1.47298
95.0542,1.81985
95.1574,2.23837
95.249,2.75987
95.3293,3.40086
95.4009,4.21209
95.4611,5.19115
95.5098,6.34041
95.5441,7.4904
95.5785,9.11986
95.6086,11.1846
95.6344,13.6961
95.6587,16.9979
95.6817,21.2694
95.7046,27.0849
95.7275,34.9555
95.7498,45.1929
95.7718,58.3219
95.7961,77.2978
95.8203,101.587
95.8484,137.508
95.8793,187.497
95.9206,270.469
96.0249,513.568
96.0696,589.786
96.1122,621.729
96.12,622.49
96.159,602.32
96.2025,537.737
96.2713,382.723
96.3343,237.984
96.3721,167.369
96.4029,121.802
96.4297,90.7411
96.4541,68.7366
96.4781,51.9923
96.501,39.8737
96.524,30.7523
96.5469,23.9733
96.5698,18.9771
96.5949,15.0178
96.6199,12.1838
96.6486,9.88915
96.6787,8.19713
96.7131,6.83156
96.756,5.63738
96.8076,4.63669
96.8649,3.84205
96.9337,3.15068
97.0196,2.53303
97.1199,2.02564
97.2202,1.66195
97.3405,1.34582
97.478,1.08749
97.6327,0.880192
97.8161,0.706218
98.0052,0.578054
98.2344,0.466889
98.4808,0.381974
98.7615,0.312563
99.1058,0.252551
99.4651,0.20825
99.8962,0.171096
100.424,0.138732
101.048,0.112563
101.777,0.091831
102.401,0.0794739
103.234,0.0670714
104.275,0.0562987
105.524,0.0473591
106.773,0.0414864
108.438,0.0359406
109.687,0.0330535
111.352,0.03057
113.748,0.0288636
114.479,0.0287237
116.672,0.0294194
119.353,0.0327496
120.815,0.036324
122.278,0.0420465
123.496,0.0491721
124.715,0.0599597
125.811,0.0749275
126.634,0.0919104
127.273,0.110798
127.862,0.135085
128.382,0.165109
128.828,0.199858
129.231,0.243875
129.583,0.296672
129.939,0.371204
130.244,0.461679
130.499,0.567091
130.734,0.701563
130.938,0.863577
131.126,1.06962
131.284,1.30824
131.425,1.59934
131.566,2.00439
131.683,2.47834
131.784,3.04043
131.881,3.80216
131.963,4.72027
132.032,5.82202
132.082,6.96608
132.122,8.23522
132.163,10.0299
132.195,12.1082
132.225,14.7017
132.254,18.3049
132.279,22.5205
132.304,28.1486
132.332,36.3545
132.358,47.0272
132.384,61.0986
132.411,79.3477
132.438,103.31
132.47,138.943
132.507,192.169
132.548,266.875
132.623,429.968
132.693,582.279
132.749,668.162
132.8,695.413
132.85,669.07
132.903,589.097
133.004,367.704
133.062,245.692
133.103,176.185
133.135,132.353
133.168,97.7568
133.197,73.301
133.224,56.2012
133.249,43.7053
133.276,33.7347
133.303,26.3228
133.33,20.8575
133.358,16.7335
133.387,13.5684
133.421,11.0044
133.454,9.1896
133.491,7.75089
133.541,6.36677
133.602,5.21594
133.677,4.21292
133.753,3.49326
133.843,2.85989
133.957,2.2882
134.075,1.86675
134.222,1.48809
134.383,1.19666
134.554,0.975113
134.766,0.780795
134.99,0.635094
135.252,0.515795
135.557,0.42053
135.872,0.354164
136.251,0.30327
136.555,0.279959
136.89,0.270955
137.195,0.280652
137.399,0.30042
137.602,0.336617
137.752,0.379479
137.894,0.441249
138.013,0.51749
138.117,0.612994
138.212,0.74113
138.291,0.898697
138.349,1.06788
138.402,1.29658
138.444,1.57445
138.476,1.87801
138.508,2.31122
138.536,2.8483
138.563,3.59775
138.587,4.47186
138.611,5.62941
138.635,7.15039
138.661,9.38047
138.688,12.3179
138.714,16.1157
138.745,21.8519
138.776,29.3153
138.812,40.0149
138.86,57.8288
138.986,112.053
139.043,129.958
139.094,136.447
139.1,136.525
139.147,132.047
139.195,118.867
139.269,88.4333
139.35,53.6956
139.396,37.381
139.429,27.8922
139.462,20.3653
139.491,15.2618
139.518,11.6534
139.543,8.99313
139.569,6.85608
139.596,5.2612
139.622,4.08545
139.649,3.2257
139.676,2.5728
139.704,2.10334
139.732,1.76266
139.768,1.45194
139.803,1.23393
139.851,1.02995
139.91,0.854436
139.978,0.714437
140.057,0.5956
140.152,0.492627
140.263,0.406461
140.39,0.336023
140.538,0.277464
140.723,0.226212
140.908,0.18998
141.159,0.155419
141.437,0.129109
141.746,0.108538
142.123,0.0909689
142.576,0.0765123
143.104,0.0646376
143.809,0.0538671
144.664,0.0452126
145.671,0.0384982
146.828,0.0333195
148.036,0.0296119
149.848,0.0261914
152.063,0.0237027
154.479,0.0226224
155.68,0.0224501
158.452,0.0232323
160.828,0.025325
162.412,0.0278324
163.599,0.0305169
164.787,0.0347922
165.777,0.0404721
166.569,0.0472794
167.163,0.0551228
167.658,0.0646958
168.127,0.0778766
168.47,0.092122
168.756,0.108809
169.016,0.130022
169.271,0.159821
169.476,0.194444
169.663,0.239504
169.827,0.296181
169.955,0.358301
170.082,0.446137
170.181,0.542883
170.259,0.648249
170.337,0.797772
170.389,0.941214
170.441,1.14986
170.482,1.39939
170.519,1.71943
170.548,2.08272
170.575,2.54506
170.603,3.17167
170.63,4.02
170.657,5.16239
170.683,6.60421
170.709,8.48166
170.738,11.2393
170.768,14.8274
170.8,19.8575
170.836,27.2557
170.875,37.317
170.926,53.671
171.073,110.948
171.137,128.962
171.194,135.52
171.2,135.582
171.252,131.026
171.304,118.357
171.387,87.5768
171.477,52.7521
171.523,37.7145
171.564,27.2312
171.6,19.851
171.632,14.8313
171.661,11.2489
171.691,8.49404
171.717,6.61725
171.743,5.14368
171.771,4.00801
171.798,3.16416
171.825,2.54046
171.857,2.02479
171.886,1.6777
171.921,1.38025
171.962,1.14052
172.009,0.952766
172.071,0.782997
172.149,0.639681
172.24,0.52401
172.349,0.426745
172.477,0.347509
172.609,0.289186
172.765,0.240263
172.947,0.200117
173.168,0.166584
173.433,0.139759
173.751,0.119023
174.14,0.103605
174.625,0.0933192
175.207,0.0883932
175.303,0.0882309
175.766,0.0894026
176.318,0.0943154
176.87,0.104032
177.429,0.120097
177.894,0.14009
178.266,0.163275
178.654,0.197927
178.998,0.242967
179.292,0.299154
179.55,0.370331
179.759,0.452177
179.955,0.561007
180.127,0.697025
180.274,0.862743
180.403,1.06783
180.514,1.31567
180.606,1.60496
180.679,1.92637
180.741,2.29896
180.79,2.7154
180.839,3.31486
180.877,3.9954
180.914,4.93034
180.946,6.08896
180.979,7.70949
181.006,9.60685
181.034,12.1318
181.061,15.363
181.088,19.5602
181.118,25.8293
181.149,34.0173
181.183,45.6792
181.219,62.0734
181.259,84.5954
181.305,116.794
181.381,180.945
181.476,263.392
181.539,301.348
181.597,314.742
181.6,314.78
181.654,304.161
181.71,272.929
181.801,196.783
181.885,124.252
181.937,86.8137
181.977,63.5671
182.014,46.8722
182.048,34.959
182.078,26.7556
182.109,20.2729
182.135,15.9211
182.162,12.5635
182.189,9.99821
182.217,8.00401
182.244,6.50899
182.277,5.23062
182.309,4.31116
182.349,3.50875
182.386,2.98524
182.435,2.48843
182.496,2.05875
182.564,1.72482
182.656,1.40093
182.763,1.13524
182.889,0.91599
183.036,0.736318
183.196,0.599559
183.368,0.494431
183.576,0.403708
183.797,0.335711
184.055,0.279563
184.362,0.233193
184.73,0.195667
185.154,0.167347
185.624,0.147751
186.212,0.132895
186.916,0.124459
187.412,0.122937
188.229,0.126269
189.251,0.139982
190.069,0.159742
190.874,0.188857
191.548,0.225854
192.125,0.271165
192.682,0.333817
193.142,0.407584
193.578,0.507025
193.932,0.621625
194.261,0.77063
194.545,0.951102
194.803,1.18225
195.016,1.44721
195.213,1.78738
195.39,2.21263
195.542,2.71809
195.684,3.37495
195.808,4.18258
195.917,5.18062
196.008,6.358
196.079,7.64658
196.144,9.28059
196.198,11.2235
196.241,13.4039
196.281,16.25
196.318,19.8511
196.353,24.5336
196.387,30.7298
196.422,39.1082
196.454,49.7825
196.49,65.1393
196.525,85.373
196.559,109.802
196.601,149.574
196.649,206.691
196.709,298.494
196.862,568.292
196.925,650.095
196.988,686.966
197.0,687.955
197.057,665.669
197.115,600.795
197.209,444.191
197.306,273.277
197.359,195.726
197.405,143.103
197.441,109.724
197.478,83.3977
197.511,64.6426
197.543,50.7589
197.575,40.0807
197.607,31.9558
197.643,25.0731
197.678,20.2682
197.719,16.2578
197.759,13.4054
197.81,10.9006
197.861,9.14038
197.924,7.56974
198.0,6.23233
198.088,5.11563
198.195,4.15477
198.324,3.32829
198.461,2.70586
198.62,2.18505
198.797,1.77119
199.0,1.43326
199.238,1.15263
199.486,0.945082
199.794,0.763177
200.149,0.619401
200.544,0.509684
200.969,0.429186
201.394,0.373952
201.982,0.324616
202.65,0.294176
203.389,0.283154
204.129,0.293207
204.685,0.315937
205.317,0.362337
205.854,0.427395
206.301,0.510235
206.699,0.619187
207.047,0.758063
207.34,0.926002
207.583,1.12195
207.802,1.3659
208.011,1.69266
208.18,2.06217
208.329,2.5097
208.453,3.01546
208.58,3.72435
208.684,4.53792
208.771,5.47103
208.856,6.75002
208.918,8.09334
208.968,9.58756
209.019,11.7886
209.062,14.4192
209.098,17.453
209.137,22.0048
209.173,27.8586
209.207,35.4564
209.243,46.2499
209.278,60.0004
209.313,77.8856
209.351,103.266
209.39,136.436
209.438,187.321
209.5,269.774
209.665,526.893
209.736,603.502
209.8,627.238
209.856,608.682
209.913,554.324
209.999,430.273
210.109,256.332
210.168,180.067
210.215,130.77
210.257,97.0442
210.293,74.4784
210.329,56.9583
210.365,43.6317
210.4,33.6641
210.436,26.3012
210.471,21.0307
210.506,17.1386
210.546,13.9045
210.585,11.5741
210.632,9.58845
210.695,7.78362
210.757,6.52546
210.839,5.34408
210.943,4.29558
211.055,3.50454
211.189,2.82957
211.346,2.27547
211.515,1.85259
211.713,1.5006
211.927,1.23322
212.171,1.01733
212.464,0.836886
212.762,0.70992
213.06,0.619914
213.486,0.534034
213.86,0.48708
214.421,0.45092
214.796,0.445139
215.401,0.464544
215.805,0.498532
216.309,0.572685
216.756,0.680465
217.102,0.805743
217.413,0.967955
217.696,1.17829
217.938,1.43325
218.151,1.74706
218.353,2.16445
218.52,2.64938
218.682,3.30878
218.814,4.07478
218.935,5.06148
219.039,6.26726
219.117,7.5376
219.182,8.99993
219.247,11.0865
219.301,13.6319
219.349,16.9283
219.392,21.1097
219.431,26.4573
219.466,32.8316
219.504,42.337
219.542,54.8538
219.579,71.4158
219.62,95.377
219.661,125.711
219.707,169.72
219.763,237.624
219.851,367.563
219.959,532.545
220.026,605.167
220.091,634.821
220.1,635.281
220.165,611.756
220.231,543.958
220.344,374.268
220.433,242.634
220.486,176.965
220.532,131.512
220.575,98.4065
220.617,73.5983
220.655,56.307
220.693,43.2665
220.729,33.9609
220.765,27.022
220.802,21.8705
220.844,17.5293
220.89,14.1692
220.942,11.5359
220.999,9.50114
221.066,7.85777
221.152,6.36161
221.253,5.14639
221.374,4.12502
221.513,3.30754
221.66,2.69045
221.841,2.14967
222.031,1.74827
222.262,1.40342
222.527,1.1271
222.81,0.921013
223.11,0.765595
223.456,0.638472
223.859,0.535433
224.367,0.450634
224.759,0.40845
225.347,0.372219
225.82,0.362655
226.412,0.374861
226.807,0.40107
227.202,0.447147
227.602,0.523722
227.905,0.613175
228.158,0.719913
228.411,0.872489
228.613,1.04622
228.798,1.26892
228.975,1.57093
229.127,1.94155
229.253,2.37813
229.371,2.95858
229.466,3.63134
229.54,4.38052
229.606,5.36196
229.658,6.47955
229.705,7.96713
229.747,9.87544
229.784,12.222
229.821,15.4707
229.855,19.6675
229.889,25.1357
229.923,32.3801
229.957,41.8519
229.992,54.9012
230.03,72.7097
230.075,99.4731
230.125,138.691
230.186,198.091
230.355,390.721
230.429,450.763
230.496,471.338
230.5,471.388
230.564,454.2
230.635,400.277
230.754,265.04
230.837,173.874
230.893,123.751
230.941,89.4542
230.982,66.2524
231.02,49.9098
231.056,38.0238
231.09,29.4482
231.123,22.9201
231.157,18.0093
231.19,14.4444
231.227,11.4788
231.264,9.33321
231.3,7.76877
231.349,6.31092
231.406,5.14893
231.469,4.26679
231.545,3.52933
231.639,2.88358
231.753,2.34001
231.89,1.8828
232.038,1.5372
232.214,1.24656
232.421,1.01423
232.598,0.874493
232.853,0.737621
233.049,0.670589
233.245,0.631498
233.441,0.621541
233.597,0.640053
233.753,0.694356
233.878,0.784513
233.962,0.894069
234.024,1.0329
234.076,1.22125
234.118,1.45463
234.155,1.75413
234.191,2.18517
234.222,2.7015
234.254,3.40137
234.285,4.3412
234.316,5.58815
234.347,7.21912
234.381,9.51704
234.417,12.603
234.456,17.0073
234.499,23.1803
234.551,32.6159
234.616,47.2376
234.75,79.9074
234.825,93.3157
234.891,98.1822
234.9,98.2575
234.962,94.8573
235.023,85.4183
235.124,62.0597
235.223,37.9899
235.281,26.6074
235.326,19.3661
235.367,14.2977
235.402,10.8267
235.437,8.12249
235.468,6.26441
235.499,4.8305
235.531,3.74021
235.562,2.92161
235.593,2.31312
235.625,1.86384
235.658,1.50978
235.698,1.22269
235.737,1.02387
235.784,0.859953
235.838,0.731067
235.901,0.630359
235.984,0.537458
236.088,0.456561
236.234,0.378571
236.391,0.32097
236.61,0.265785
236.849,0.224869
237.136,0.191153
237.538,0.15953
238.006,0.135367
238.597,0.115834
239.305,0.101909
239.824,0.0969768
240.108,0.0964395
240.513,0.0993818
240.817,0.10615
241.07,0.117233
241.298,0.135138
241.45,0.154858
241.586,0.182771
241.688,0.215802
241.758,0.252265
241.809,0.291657
241.856,0.345796
241.894,0.409913
241.932,0.501967
241.963,0.609535
241.995,0.756215
242.027,0.955535
242.056,1.20595
242.087,1.55074
242.118,2.00307
242.149,2.58803
242.185,3.4535
242.222,4.63523
242.263,6.30743
242.31,8.73121
242.366,12.3401
242.455,19.3785
242.554,27.3346
242.627,31.5142
242.695,33.0343
242.7,33.0418
242.767,31.7362
242.834,28.1446
242.95,18.9236
243.034,12.3187
243.089,8.7899
243.133,6.4726
243.172,4.83508
243.21,3.59074
243.244,2.72101
243.277,2.07291
243.307,1.61135
243.338,1.2565
243.368,0.98695
243.399,0.7842
243.433,0.616803
243.467,0.496805
243.505,0.402765
243.543,0.337115
243.588,0.282768
243.642,0.240114
243.712,0.202629
243.794,0.173973
243.915,0.145043
244.067,0.121141
244.244,0.102549
244.421,0.0896972
244.705,0.0758792
245.059,0.064975
245.555,0.0555945
246.176,0.0485343
246.894,0.0433055
248.05,0.0382159
249.365,0.0346794
251.118,0.0321582
252.871,0.0313104
254.944,0.0325084
256.499,0.0356144
257.536,0.03942
258.572,0.0453234
259.35,0.0524853
259.998,0.0613318
260.516,0.0714718
261.034,0.0858425
261.448,0.102024
261.846,0.124579
262.191,0.152798
262.463,0.184352
262.727,0.227322
262.936,0.275294
263.146,0.342804
263.322,0.424021
263.469,0.518839
263.601,0.638113
263.708,0.774727
263.798,0.933991
263.873,1.12294
263.933,1.34106
263.985,1.61864
264.03,1.9644
264.069,2.39065
264.106,2.9521
264.143,3.73544
264.174,4.64981
264.205,5.86293
264.237,7.46188
264.268,9.54983
264.3,12.2455
264.336,16.2384
264.372,21.402
264.413,29.017
264.458,39.6796
264.511,55.7178
264.573,79.0352
264.754,156.866
264.826,178.369
264.895,186.481
264.9,186.513
264.968,179.519
265.034,161.042
265.139,117.137
265.245,71.5269
265.307,49.8258
265.355,36.3708
265.398,26.8864
265.435,20.3404
265.473,15.2392
265.508,11.5566
265.539,9.018
265.571,7.05623
265.602,5.55667
265.633,4.42037
265.669,3.46086
265.703,2.80581
265.737,2.3227
265.777,1.90372
265.824,1.56386
265.88,1.28932
265.948,1.06739
266.023,0.896696
266.118,0.741881
266.244,0.59961
266.391,0.484515
266.553,0.395838
266.732,0.326254
266.954,0.266433
267.205,0.220094
267.499,0.18381
267.79,0.159659
268.101,0.14238
268.412,0.13121
268.827,0.12325
269.242,0.121463
269.706,0.126222
270.17,0.137865
270.518,0.153027
270.924,0.180288
271.286,0.217609
271.567,0.260016
271.802,0.309268
272.03,0.375629
272.241,0.462312
272.425,0.569437
272.589,0.704516
272.723,0.858935
272.84,1.04615
272.941,1.26994
273.028,1.54635
273.095,1.85375
273.149,2.20565
273.201,2.69988
273.242,3.26103
273.283,4.05294
273.318,4.99636
273.353,6.28059
273.389,8.07338
273.422,10.3149
273.456,13.2691
273.489,17.117
273.527,22.7639
273.565,30.0961
273.607,40.5732
273.65,54.3571
273.701,74.7576
273.768,107.85
273.947,209.7
274.024,240.279
274.096,251.392
274.1,251.416
274.164,243.363
274.23,220.269
274.332,165.523
274.448,98.8288
274.513,68.6342
274.562,50.0594
274.603,38.0234
274.644,28.1308
274.682,21.2465
274.72,15.9693
274.753,12.387
274.785,9.76449
274.82,7.56834
274.855,5.943
274.891,4.74675
274.926,3.86724
274.968,3.10224
275.014,2.53891
275.066,2.08634
275.127,1.73248
275.206,1.418
275.289,1.18444
275.406,0.95321
275.54,0.768285
275.681,0.629231
275.852,0.507802
276.033,0.41537
276.244,0.337369
276.478,0.274905
276.746,0.223555
277.048,0.182127
277.37,0.150164
277.756,0.122466
278.171,0.101114
278.682,0.0824643
279.255,0.0679012
279.924,0.0557178
280.688,0.0460314
281.49,0.0388893
282.56,0.0322936
283.782,0.0273539
285.005,0.0238172
286.839,0.0202726
288.673,0.0181173
290.507,0.0165703
292.952,0.0153432
296.619,0.014589
297.842,0.0145136
302.235,0.0152063
304.676,0.0163641
306.628,0.0179823
308.092,0.0197615
309.557,0.0227414
310.777,0.0268174
311.631,0.0314474
312.241,0.0363938
312.851,0.0437426
313.34,0.0524762
313.767,0.063679
314.122,0.0776113
314.414,0.0941585
314.657,0.113734
314.885,0.139693
315.072,0.170012
315.232,0.206311
315.388,0.256118
315.516,0.315823
315.618,0.384704
315.698,0.465229
315.762,0.561786
315.81,0.667624
315.85,0.791112
315.892,0.969616
315.932,1.21441
315.965,1.49486
315.999,1.86986
316.032,2.3693
316.066,3.02995
316.1,3.93529
316.133,5.04293
316.171,6.68165
316.208,8.80089
316.25,11.8681
316.294,15.9757
316.347,22.1374
316.409,31.4914
316.5,48.0095
316.637,74.2097
316.717,84.9222
316.794,89.0108
316.8,89.0345
316.868,86.1754
316.952,75.8823
317.075,52.913
317.18,33.2409
317.241,23.7451
317.295,17.1112
317.339,12.7732
317.379,9.64715
317.419,7.20391
317.455,5.50155
317.487,4.3177
317.524,3.28923
317.56,2.51789
317.596,1.94599
317.632,1.52562
317.669,1.20856
317.71,0.965825
317.75,0.793522
317.796,0.652496
317.843,0.553755
317.907,0.460213
317.982,0.386167
318.076,0.322008
318.196,0.26436
318.33,0.218975
318.491,0.180118
318.672,0.148881
318.897,0.121899
319.159,0.10034
319.432,0.0848395
319.785,0.071171
320.138,0.0620004
320.551,0.0547599
321.1,0.048644
321.788,0.0445589
322.704,0.0429035
323.639,0.0446137
324.573,0.04965
325.203,0.0558932
325.728,0.0640827
326.252,0.0766589
326.655,0.0916457
327.001,0.11093
327.281,0.133924
327.53,0.163865
327.744,0.201391
327.917,0.245016
328.065,0.298113
328.197,0.365985
328.293,0.437398
328.37,0.519625
328.437,0.626001
328.495,0.763657
328.543,0.934181
328.584,1.14382
328.618,1.38344
328.652,1.70441
328.688,2.15392
328.721,2.70658
328.754,3.42969
328.787,4.36757
328.82,5.57105
328.858,7.38677
328.899,9.929
328.94,13.2061
328.987,17.9458
329.035,24.0791
329.094,33.4037
329.179,49.8453
329.333,81.6927
329.417,93.7905
329.495,98.1849
329.5,98.2015
329.57,95.0159
329.64,86.1163
329.741,66.7457
329.873,39.3602
329.938,28.1476
329.992,20.4012
330.039,15.1521
330.084,11.1484
330.125,8.32995
330.164,6.29856
330.202,4.74575
330.235,3.72519
330.268,2.93527
330.301,2.3296
330.334,1.86867
330.368,1.50712
330.402,1.23714
330.444,1.00137
330.485,0.833543
330.526,0.712148
330.582,0.595133
330.649,0.500226
330.726,0.425339
330.822,0.359168
330.959,0.293374
331.107,0.244017
331.291,0.201255
331.505,0.16708
331.755,0.139981
332.032,0.119636
332.375,0.10296
332.786,0.0903482
333.355,0.080626
334.003,0.0755132
334.651,0.0742207
335.499,0.0768286
336.346,0.0833277
337.154,0.0936657
338.003,0.110013
338.731,0.131667
339.357,0.159665
339.863,0.192774
340.304,0.234575
340.669,0.284106
340.981,0.344168
341.25,0.416444
341.503,0.512425
341.723,0.632351
341.92,0.786066
342.08,0.965537
342.221,1.18909
342.321,1.41243
342.413,1.70006
342.493,2.06609
342.557,2.50036
342.614,3.05912
342.662,3.75131
342.704,4.59946
342.746,5.77109
342.788,7.3909
342.824,9.25673
342.865,12.0844
342.905,15.7622
342.945,20.5765
342.985,26.7706
343.031,35.6907
343.079,47.8156
343.136,65.9753
343.203,92.8014
343.32,149.528
343.446,208.956
343.526,233.879
343.6,241.851
343.68,232.355
343.762,205.55
343.905,136.731
344.006,88.7206
344.074,62.4319
344.129,45.5878
344.177,33.9533
344.22,25.9376
344.26,19.9368
344.3,15.2818
344.34,11.7313
344.376,9.29517
344.412,7.42874
344.454,5.80787
344.496,4.63519
344.538,3.78629
344.586,3.09373
344.643,2.53525
344.707,2.1021
344.787,1.73829
344.879,1.45389
344.999,1.19802
345.14,0.991326
345.3,0.826208
345.493,0.689029
345.718,0.580263
345.978,0.497295
346.303,0.432439
346.693,0.389615
347.111,0.37053
347.25,0.368712
347.738,0.377412
348.225,0.408232
348.713,0.463544
349.2,0.551749
349.627,0.668564
349.992,0.814398
350.306,0.991841
350.567,1.19656
350.828,1.4812
351.054,1.82911
351.237,2.21776
351.403,2.69763
351.555,3.30654
351.685,4.02912
351.805,4.95629
351.905,6.05827
351.989,7.37293
352.063,9.03228
352.125,11.0177
352.174,13.1958
352.23,16.5585
352.283,21.0319
352.33,26.3944
352.377,33.494
352.43,43.9748
352.482,57.8287
352.534,75.6898
352.592,100.543
352.667,141.416
352.778,216.829
352.926,319.491
353.018,362.671
353.1,376.109
353.177,364.251
353.267,323.304
353.409,226.029
353.525,146.569
353.601,103.827
353.664,76.2953
353.72,57.2727
353.772,43.5619
353.824,33.1935
353.871,26.1713
353.923,20.3659
353.97,16.5101
354.026,13.1672
354.075,11.0293
354.131,9.21346
354.2,7.57924
354.284,6.20581
354.388,5.01907
354.493,4.17737
354.623,3.41483
354.776,2.77752
354.945,2.26795
355.154,1.8227
355.376,1.48838
355.651,1.19813
355.938,0.985765
356.251,0.82253
356.617,0.690965
356.995,0.59946
357.453,0.531254
357.818,0.502704
358.184,0.494806
358.638,0.516189
358.941,0.554857
359.244,0.622082
359.517,0.719874
359.76,0.854798
359.962,1.02378
360.133,1.2327
360.268,1.46802
360.381,1.74307
360.475,2.06949
360.548,2.42028
360.62,2.92691
360.674,3.478
360.725,4.22753
360.773,5.1972
360.813,6.33999
360.854,7.87918
360.894,9.94736
360.936,12.7966
360.975,16.3565
361.015,20.9657
361.06,27.8034
361.103,36.2931
361.149,47.5987
361.203,64.1392
361.269,89.7235
361.36,132.926
361.518,213.572
361.61,246.86
361.691,258.64
361.7,258.747
361.779,249.4
361.862,222.002
361.995,156.274
362.112,97.9581
362.179,70.6945
362.233,52.9031
362.285,38.9918
362.335,28.8692
362.38,21.8145
362.424,16.5755
362.463,12.9964
362.502,10.2662
362.542,8.2046
362.58,6.69701
362.627,5.33773
362.675,4.37885
362.73,3.60388
362.785,3.07271
362.848,2.65467
362.927,2.30535
363.037,2.00486
363.131,1.86095
363.225,1.8075
363.32,1.87084
363.393,2.05731
363.443,2.29587
363.492,2.67815
363.535,3.1833
363.578,3.91178
363.621,4.94301
363.657,6.14165
363.7,8.00863
363.743,10.5026
363.786,13.7591
363.835,18.583
363.884,24.7387
363.947,34.7109
364.024,49.8805
364.213,92.9721
364.307,108.525
364.389,114.177
364.399,114.251
364.479,110.079
364.557,98.5545
364.685,70.5595
364.805,43.4958
364.874,30.7517
364.928,22.7587
364.978,16.8443
365.021,12.7573
365.064,9.61865
365.107,7.21477
365.145,5.60816
365.182,4.39808
365.216,3.52633
365.251,2.85622
365.292,2.25759
365.334,1.82618
365.375,1.51502
365.419,1.27841
365.474,1.06992
365.529,0.925919
365.603,0.793065
365.707,0.667321
365.83,0.566695
365.983,0.478171
366.168,0.402923
366.425,0.330175
366.726,0.272725
367.1,0.224259
367.53,0.186415
368.062,0.154451
368.624,0.131122
369.411,0.10892
370.163,0.0940556
371.218,0.0798783
372.273,0.070587
373.855,0.0623183
375.404,0.0587146
375.921,0.0583576
377.183,0.0596629
378.445,0.0643424
379.306,0.0704625
380.31,0.0822458
380.926,0.0935424
381.576,0.111194
382.132,0.13405
382.618,0.16367
383.011,0.198583
383.363,0.243681
383.652,0.296158
383.924,0.366414
384.148,0.448422
384.341,0.546487
384.525,0.679012
384.669,0.824966
384.79,0.992859
384.89,1.18642
384.97,1.40182
385.04,1.66735
385.1,1.99207
385.152,2.39123
385.201,2.92196
385.243,3.55173
385.285,4.40925
385.328,5.57836
385.371,7.21044
385.413,9.36563
385.455,12.2362
385.497,16.0051
385.543,21.3991
385.591,28.7179
385.639,38.033
385.696,51.9033
385.764,72.66
385.867,110.991
386.016,169.241
386.102,193.641
386.187,203.943
386.2,204.122
386.28,196.946
386.36,177.012
386.488,129.042
386.612,80.9016
386.684,57.4944
386.745,41.5949
386.793,31.5806
386.841,23.6354
386.886,17.8396
386.931,13.3948
386.971,10.3778
387.013,7.96974
387.055,6.1743
387.098,4.84826
387.14,3.87419
387.182,3.15936
387.23,2.56928
387.284,2.10348
387.347,1.73024
387.41,1.46995
387.502,1.20638
387.602,1.00786
387.743,0.813169
387.887,0.671809
388.055,0.552716
388.252,0.453183
388.492,0.367445
388.772,0.298356
389.061,0.248803
389.397,0.208316
389.79,0.175986
390.215,0.152478
390.782,0.132933
391.207,0.124387
391.774,0.118955
392.058,0.118433
392.594,0.12143
393.13,0.130227
393.667,0.146924
394.136,0.1712
394.522,0.201919
394.84,0.239057
395.121,0.285774
395.393,0.351337
395.625,0.432136
395.811,0.524454
395.97,0.634819
396.114,0.774808
396.228,0.930243
396.319,1.1045
396.402,1.33505
396.463,1.57782
396.523,1.92878
396.576,2.37817
396.622,2.92497
396.663,3.59656
396.702,4.47965
396.742,5.66131
396.782,7.23285
396.822,9.30346
396.865,12.2942
396.908,16.1246
396.955,21.6551
397.001,28.4468
397.054,38.4544
397.115,52.8491
397.194,76.3857
397.412,151.859
397.503,174.654
397.59,183.647
397.6,183.748
397.679,177.63
397.758,160.566
397.885,118.582
398.019,72.1711
398.093,50.8288
398.154,36.8563
398.207,27.197
398.254,20.4307
398.301,15.1922
398.344,11.5787
398.387,8.81954
398.426,6.86518
398.466,5.38441
398.506,4.2721
398.549,3.39063
398.591,2.74693
398.634,2.27534
398.685,1.86842
398.745,1.53924
398.813,1.28172
398.889,1.08278
398.984,0.907069
399.116,0.735739
399.276,0.593897
399.462,0.479067
399.655,0.394694
399.882,0.323863
400.148,0.265532
400.466,0.216906
400.838,0.178169
401.247,0.149051
401.748,0.125109
402.331,0.106987
402.868,0.0959854
403.674,0.0855785
404.479,0.0801936
405.553,0.0779917
406.703,0.0804076
407.852,0.0879082
408.896,0.100353
409.866,0.118676
410.559,0.139161
411.205,0.167804
411.722,0.202445
412.123,0.241784
412.492,0.294814
412.756,0.349328
413.02,0.427424
413.242,0.524017
413.417,0.635705
413.565,0.772035
413.664,0.901953
413.75,1.06361
413.815,1.2387
413.876,1.47695
413.929,1.7722
413.973,2.11629
414.017,2.58946
414.062,3.2587
414.105,4.14613
414.148,5.35661
414.191,6.99192
414.234,9.17325
414.277,12.0385
414.325,16.1672
414.372,21.51
414.427,29.3759
414.488,40.7091
414.561,57.5089
414.676,89.9848
414.823,131.409
414.91,148.357
414.996,154.733
415.0,154.744
415.079,149.787
415.158,135.917
415.284,101.712
415.422,61.8742
415.499,43.3226
415.561,31.4832
415.614,23.4271
415.662,17.6087
415.706,13.463
415.749,10.3009
415.792,7.87815
415.835,6.05217
415.877,4.73093
415.921,3.71567
415.959,3.04872
416.008,2.44427
416.056,2.02194
416.114,1.67621
416.182,1.41286
416.26,1.21725
416.37,1.04725
416.495,0.927669
416.684,0.823111
416.875,0.76926
417.066,0.749341
417.36,0.767115
417.655,0.836143
417.949,0.961267
418.207,1.13135
418.44,1.35633
418.637,1.62511
418.817,1.96991
418.988,2.43823
419.136,3.01824
419.252,3.67787
419.344,4.41506
419.427,5.35823
419.498,6.51812
419.559,7.91963
419.613,9.6428
419.664,11.8363
419.716,14.9075
419.769,19.0716
419.818,24.2283
419.871,31.6584
419.924,41.3914
419.98,54.6078
420.045,74.402
420.122,103.968
420.227,153.736
420.404,243.075
420.505,278.825
420.599,290.753
420.6,290.754
420.679,282.431
420.764,256.522
420.895,194.588
421.045,118.355
421.128,83.6136
421.194,61.881
421.256,45.7136
421.31,34.8692
421.359,27.2196
421.408,21.3596
421.457,16.8903
421.505,13.5146
421.561,10.6719
421.614,8.68552
421.672,7.13954
421.729,6.00851
421.811,4.8637
421.905,3.96686
422.007,3.28616
422.13,2.70369
422.269,2.22911
422.441,1.80956
422.629,1.48246
422.858,1.20086
423.087,1.00087
423.381,0.820181
423.676,0.696311
423.983,0.608829
424.314,0.550433
424.645,0.525405
424.756,0.52499
425.047,0.54824
425.266,0.599301
425.434,0.672776
425.559,0.766158
425.654,0.880804
425.733,1.03604
425.795,1.23307
425.851,1.49572
425.898,1.82481
425.937,2.20436
425.976,2.71427
426.016,3.39589
426.059,4.40479
426.1,5.67929
426.144,7.49333
426.188,9.87328
426.232,12.9358
426.279,17.0264
426.334,23.1842
426.397,32.0977
426.472,45.3896
426.719,96.7694
426.817,110.464
426.9,114.412
426.983,110.415
427.066,99.3062
427.195,73.4997
427.328,45.3039
427.407,31.5326
427.468,22.9248
427.525,16.6605
427.572,12.5745
427.617,9.48272
427.662,7.17719
427.706,5.42211
427.743,4.27299
427.781,3.38647
427.822,2.6602
427.861,2.13946
427.901,1.75057
427.948,1.41185
427.995,1.17227
428.05,0.976979
428.113,0.824836
428.19,0.69953
428.3,0.582473
428.442,0.484232
428.599,0.4096
428.82,0.338096
429.093,0.279309
429.392,0.236462
429.751,0.201731
430.16,0.174996
430.74,0.150527
431.319,0.135143
432.188,0.121745
432.965,0.116189
433.742,0.115103
434.624,0.118613
435.506,0.12778
436.358,0.14331
437.147,0.166189
437.805,0.194661
438.432,0.234375
438.973,0.284173
439.438,0.344929
439.871,0.425897
440.25,0.52742
440.575,0.650906
440.846,0.794357
441.109,0.98933
441.326,1.21456
441.527,1.5073
441.69,1.83686
441.825,2.21206
441.949,2.68303
442.065,3.31165
442.162,4.08079
442.234,4.91275
442.292,5.83194
442.35,7.09067
442.408,8.84414
442.459,10.9526
442.51,13.7948
442.558,17.3673
442.61,22.4533
442.66,28.9788
442.716,38.3572
442.772,50.4233
442.835,67.8494
442.911,94.0481
443.015,138.128
443.202,223.064
443.298,253.714
443.391,265.758
443.4,265.843
443.493,255.676
443.583,228.825
443.733,162.552
443.864,103.691
443.943,74.6689
444.013,54.2602
444.072,40.7738
444.127,30.8452
444.174,24.3943
444.223,19.0362
444.273,14.9571
444.322,11.8846
444.378,9.34192
444.437,7.42322
444.499,5.99476
444.561,4.97626
444.638,4.07606
444.735,3.30553
444.832,2.76549
444.948,2.29519
445.087,1.88608
445.25,1.54108
445.424,1.27168
445.633,1.03599
445.876,0.838357
446.147,0.680992
446.457,0.552227
446.821,0.445012
447.2,0.365448
447.672,0.295379
448.214,0.239568
448.817,0.196451
449.467,0.164166
450.117,0.141267
450.891,0.121897
452.005,0.10372
453.133,0.0926893
454.274,0.0865112
455.668,0.0838033
456.903,0.0851857
458.138,0.0900305
459.682,0.101947
460.917,0.117844
461.997,0.138868
462.924,0.16495
463.773,0.198882
464.583,0.245313
465.239,0.299009
465.857,0.370386
466.359,0.451633
466.809,0.552154
467.24,0.686196
467.6,0.84206
467.915,1.02946
468.224,1.28511
468.494,1.6005
468.735,1.99729
468.938,2.46426
469.105,2.99468
469.247,3.6024
469.382,4.39536
469.495,5.31559
469.603,6.55474
469.693,8.03344
469.763,9.61543
469.84,12.065
469.909,15.1872
469.971,19.0035
470.033,24.1496
470.097,31.3584
470.162,40.9473
470.227,53.6894
470.299,71.6118
470.387,99.1691
470.515,149.295
470.684,217.511
470.787,247.495
470.889,259.82
470.9,259.94
470.999,250.304
471.111,219.148
471.402,103.144
471.492,74.0754
471.561,56.2295
471.631,42.25
471.694,32.4401
471.756,25.282
471.82,19.6536
471.878,15.8831
471.945,12.6642
472.006,10.4841
472.084,8.5013
472.161,7.0771
472.246,5.93054
472.361,4.81186
472.5,3.87623
472.65,3.16423
472.83,2.54957
473.023,2.07699
473.248,1.67927
473.512,1.34699
473.782,1.10214
474.091,0.898568
474.438,0.732685
474.843,0.593299
475.274,0.486543
475.789,0.395215
476.406,0.318618
477.037,0.263938
477.796,0.218101
478.568,0.185995
479.339,0.163544
480.246,0.145983
481.115,0.135981
482.273,0.131203
483.244,0.135248
484.216,0.148477
484.864,0.165737
485.481,0.192503
485.922,0.22231
486.275,0.257106
486.597,0.303009
486.872,0.360628
487.108,0.433517
487.305,0.524545
487.437,0.614716
487.535,0.713669
487.614,0.830344
487.683,0.982256
487.742,1.17501
487.791,1.40464
487.84,1.72684
487.887,2.15413
487.931,2.70849
487.975,3.45691
488.02,4.45795
488.064,5.78069
488.109,7.54014
488.155,9.85206
488.207,13.2021
488.264,18.007
488.327,24.7664
488.401,34.7065
488.506,52.1557
488.701,86.8028
488.804,99.5073
488.9,103.675
488.989,100.051
489.078,89.9437
489.224,65.0504
489.363,40.4889
489.445,28.4921
489.51,20.8097
489.569,15.3611
489.622,11.5871
489.668,9.0077
489.713,7.0359
489.757,5.54386
489.802,4.4162
489.846,3.57848
489.89,2.96664
489.941,2.47619
489.992,2.14878
490.043,1.93729
490.093,1.80765
490.183,1.71044
490.219,1.70419
490.308,1.74689
490.415,1.8929
490.522,2.15666
490.612,2.5138
490.682,2.94439
490.751,3.56605
490.811,4.36675
490.862,5.3355
490.914,6.6717
490.961,8.33222
491.011,10.6944
491.061,13.8529
491.111,18.0139
491.161,23.4002
491.214,30.6737
491.269,40.185
491.339,55.4307
491.419,77.3058
491.56,124.593
491.71,173.696
491.811,195.584
491.9,202.265
491.989,195.505
492.085,174.816
492.229,128.043
492.376,78.8952
492.46,55.7342
492.528,40.7455
492.586,30.5735
492.643,22.7838
492.695,17.3747
492.746,13.2315
492.798,10.1141
492.848,7.85749
492.898,6.18721
492.948,4.95804
492.998,4.05415
493.058,3.27475
493.126,2.65906
493.203,2.18706
493.295,1.80637
493.409,1.48247
493.546,1.21468
493.695,1.00847
493.895,0.811835
494.095,0.672515
494.335,0.552285
494.616,0.452879
494.941,0.371756
495.302,0.308909
495.742,0.255584
496.199,0.217317
496.656,0.190237
497.373,0.161901
498.075,0.145022
499.127,0.131059
500.184,0.12652
501.207,0.129346
502.23,0.13871
503.208,0.154718
504.246,0.181636
505.136,0.216669
505.907,0.26101
506.633,0.321326
507.241,0.393574
507.76,0.479913
508.234,0.589638
508.649,0.722688
509.05,0.902701
509.405,1.13051
509.706,1.40162
509.972,1.73852
510.206,2.15015
510.406,2.6399
510.588,3.25759
510.733,3.93888
510.867,4.80427
510.983,5.84386
511.089,7.2023
511.178,8.81036
511.258,10.8407
511.333,13.4592
511.399,16.6841
511.463,20.8151
511.522,25.858
511.594,33.85
511.662,43.9436
511.734,57.7734
511.822,79.0313
511.937,114.423
512.175,195.521
512.286,222.428
512.391,232.471
512.4,232.532
512.503,224.113
512.619,197.121
512.926,93.8775
513.024,67.156
513.103,50.254
513.175,38.11
513.242,29.5464
513.301,23.6754
513.361,19.1343
513.426,15.3484
513.5,12.1998
513.574,9.9298
513.651,8.2118
513.74,6.77475
513.847,5.54502
513.966,4.57067
514.108,3.73247
514.274,3.03378
514.476,2.43268
514.683,1.99086
514.92,1.62534
515.18,1.33612
515.51,1.07539
515.847,0.888704
516.24,0.737273
516.655,0.629086
516.966,0.573591
517.381,0.528131
517.796,0.515227
518.079,0.529135
518.362,0.56909
518.574,0.625129
518.785,0.718839
518.956,0.843601
519.07,0.977684
519.156,1.13069
519.228,1.3207
519.285,1.54042
519.343,1.85396
519.394,2.251
519.443,2.78075
519.492,3.51177
519.541,4.51486
519.591,5.87791
519.64,7.70616
519.691,10.2351
519.74,13.398
519.795,17.9839
519.853,24.0649
519.918,32.8389
520.002,46.9031
520.126,72.6824
520.29,107.576
520.4,123.812
520.499,129.027
520.5,129.027
520.593,124.412
520.684,112.169
520.828,82.7846
520.98,50.2458
521.065,35.277
521.131,26.0105
521.191,19.2134
521.248,14.2627
521.299,10.7749
521.348,8.19216
521.391,6.44225
521.434,5.08098
521.477,4.03333
521.52,3.23398
521.569,2.55425
521.62,2.04331
521.672,1.67661
521.733,1.36748
521.805,1.12395
521.877,0.957769
521.975,0.801759
522.098,0.67002
522.245,0.560439
522.417,0.46963
522.639,0.387179
522.909,0.317488
523.204,0.26454
523.548,0.220931
523.941,0.185626
524.458,0.153244
525.066,0.126974
525.785,0.105564
526.743,0.0859196
527.802,0.0710225
529.073,0.0586539
530.556,0.0485335
532.251,0.040292
534.37,0.0330881
536.912,0.0271368
539.737,0.0225955
543.127,0.018797
546.799,0.0159773
551.037,0.0138352
554.992,0.0124088
559.511,0.0113333
563.667,0.0107348
568.408,0.0104627
577.533,0.0114305
580.733,0.012555
583.34,0.0141792
585.473,0.0162734
587.251,0.0192034
588.614,0.0228236
589.651,0.02707
590.54,0.0323945
591.221,0.0385126
591.843,0.0466161
592.371,0.0565608
592.828,0.0690884
593.2,0.0836169
593.513,0.100697
593.825,0.124879
594.076,0.152523
594.282,0.184053
594.468,0.223214
594.637,0.273237
594.757,0.323491
594.867,0.389059
594.949,0.460846
595.022,0.552059
595.083,0.665111
595.144,0.823675
595.195,1.01653
595.247,1.28503
595.29,1.5877
595.333,1.98523
595.376,2.50436
595.422,3.23855
595.47,4.23946
595.518,5.54333
595.572,7.45385
595.628,10.0159
595.69,13.6747
595.757,18.7338
595.836,26.2459
595.932,37.4747
596.158,67.1209
596.276,78.6845
596.379,83.1079
596.4,83.2391
596.499,80.2709
596.598,72.0229
596.754,52.5175
596.909,32.3855
597.0,22.5944
597.07,16.5075
597.132,12.2454
597.189,9.15976
597.239,7.02098
597.287,5.39252
597.335,4.12455
597.383,3.15237
597.431,2.41719
597.479,1.86772
597.522,1.49874
597.565,1.21804
597.617,0.969044
597.668,0.79
597.73,0.638938
597.792,0.53428
597.864,0.449215
597.947,0.381631
598.05,0.322528
598.188,0.267549
598.352,0.221163
598.531,0.184977
598.737,0.15455
598.985,0.128265
599.26,0.107426
599.59,0.0897679
599.92,0.0772476
600.292,0.0671379
600.815,0.0575097
601.468,0.0501804
602.122,0.0459519
602.838,0.0436058
603.554,0.0431208
604.551,0.0449971
605.547,0.0499791
606.423,0.0576053
607.168,0.0680275
607.806,0.0816961
608.32,0.0979211
608.796,0.119768
609.204,0.14712
609.561,0.181957
609.85,0.222397
610.088,0.26897
610.292,0.323981
610.487,0.397618
610.641,0.478709
610.768,0.573756
610.874,0.687803
610.959,0.820794
611.034,0.990559
611.097,1.201
611.159,1.49311
611.21,1.8314
611.261,2.29271
611.312,2.92094
611.363,3.77175
611.412,4.85911
611.463,6.35561
611.514,8.31244
611.565,10.8296
611.621,14.3833
611.685,19.5438
611.754,26.6577
611.839,37.6835
611.954,56.071
612.176,94.3614
612.284,107.527
612.392,112.695
612.4,112.72
612.495,109.142
612.59,99.1204
612.743,74.3554
612.919,44.0515
613.012,30.755
613.089,22.0831
613.152,16.383
613.211,12.2747
613.267,9.19844
613.318,7.04504
613.369,5.38796
613.42,4.13201
613.471,3.19233
613.522,2.49644
613.573,1.98467
613.624,1.60941
613.683,1.29544
613.745,1.06758
613.82,0.878411
613.904,0.732798
614.011,0.610726
614.151,0.503355
614.3,0.424861
614.508,0.348718
614.742,0.291049
615.022,0.245123
615.256,0.219304
615.629,0.19353
616.001,0.181143
616.25,0.178802
616.684,0.185488
616.974,0.198535
617.336,0.228001
617.61,0.264903
617.854,0.314374
618.056,0.375292
618.226,0.449843
618.368,0.541488
618.481,0.652444
618.57,0.785255
618.641,0.942347
618.702,1.13616
618.753,1.36006
618.803,1.66449
618.855,2.08933
618.904,2.64473
618.954,3.3918
619.004,4.38773
619.053,5.7003
619.103,7.40663
619.158,9.84415
619.212,12.9785
619.275,17.5782
619.346,24.214
619.425,33.505
619.53,48.7319
619.767,86.721
619.883,100.04
619.989,104.875
620.0,104.918
620.099,101.363
620.198,91.4518
620.356,67.2805
620.518,41.3091
620.607,29.4279
620.678,21.7436
620.744,16.0381
620.805,11.9051
620.859,9.05201
620.913,6.79939
620.962,5.25859
621.013,4.00751
621.059,3.16851
621.105,2.52546
621.15,2.03601
621.196,1.66504
621.25,1.33687
621.306,1.09737
621.367,0.911335
621.438,0.759819
621.519,0.640531
621.62,0.538305
621.762,0.44194
621.932,0.363589
622.114,0.304502
622.357,0.249283
622.641,0.205448
622.928,0.174836
623.272,0.149699
623.685,0.130178
624.05,0.11955
624.503,0.112898
624.729,0.112113
625.08,0.114637
625.43,0.123127
625.753,0.13951
625.976,0.159587
626.109,0.178314
626.242,0.207603
626.331,0.239171
626.409,0.282346
626.476,0.339458
626.532,0.409728
626.587,0.510979
626.637,0.639876
626.688,0.818309
626.732,1.03222
626.774,1.29356
626.815,1.62827
626.865,2.14978
626.916,2.83185
626.966,3.70836
627.021,4.95225
627.082,6.69943
627.149,9.10931
627.227,12.6155
627.338,18.7961
627.56,32.4305
627.68,37.7941
627.788,39.7512
627.8,39.7708
627.9,38.3759
628.0,34.4947
628.156,25.4111
628.321,15.3073
628.415,10.635
628.483,7.88027
628.547,5.80908
628.602,4.38358
628.658,3.26621
628.707,2.50515
628.751,1.95804
628.801,1.48261
628.843,1.17872
628.885,0.942199
628.926,0.759641
628.976,0.595962
629.027,0.477778
629.077,0.392689
629.127,0.331304
629.189,0.277528
629.252,0.240631
629.327,0.210167
629.426,0.183374
629.544,0.161851
629.733,0.139072
629.969,0.120713
630.272,0.105859
630.612,0.0956197
631.066,0.0879798
631.746,0.0836005
631.973,0.0832713
632.668,0.0850445
633.536,0.0928954
634.231,0.104481
634.752,0.118507
635.181,0.136369
635.539,0.159029
635.825,0.186523
636.04,0.217279
636.219,0.256164
636.344,0.299102
636.433,0.346917
636.505,0.404645
636.564,0.474811
636.624,0.576185
636.678,0.706842
636.731,0.891097
636.779,1.11677
636.827,1.42021
636.873,1.81011
636.918,2.30101
636.97,3.04996
637.022,4.03249
637.074,5.29743
637.131,7.04725
637.196,9.634
637.268,13.2088
637.351,18.3862
637.483,28.3041
637.661,42.4032
637.781,49.1593
637.889,51.6226
637.9,51.6427
638.0,49.8675
638.1,44.9175
638.258,33.1611
638.425,20.056
638.514,14.2458
638.592,10.2001
638.657,7.50326
638.717,5.58342
638.774,4.15389
638.826,3.15574
638.879,2.3942
638.926,1.87304
638.973,1.47614
639.019,1.17732
639.072,0.933595
639.121,0.766909
639.178,0.63054
639.235,0.536593
639.307,0.458482
639.378,0.407892
639.493,0.358711
639.664,0.319431
639.893,0.293234
640.156,0.279956
640.304,0.277312
640.765,0.283857
641.341,0.31502
641.916,0.369815
642.414,0.441023
642.882,0.536966
643.32,0.665873
643.684,0.818398
643.996,1.00085
644.271,1.22299
644.531,1.51611
644.742,1.84869
644.943,2.28871
645.099,2.76569
645.235,3.33863
645.355,4.04204
645.469,4.99771
645.568,6.18152
645.652,7.63189
645.732,9.55336
645.804,11.894
645.875,15.0425
645.949,19.4464
646.021,25.0363
646.102,33.4396
646.185,44.5246
646.283,60.9412
646.416,88.7048
646.65,141.299
646.769,160.246
646.887,168.02
646.9,168.096
647.014,162.035
647.144,142.369
647.479,68.2695
647.583,49.3873
647.664,37.6948
647.744,28.4651
647.811,22.4656
647.88,17.5964
647.955,13.6948
648.029,10.8196
648.109,8.57087
648.192,6.90929
648.276,5.71815
648.38,4.66525
648.484,3.92294
648.608,3.28541
648.764,2.72573
648.92,2.32904
649.128,1.95901
649.388,1.66052
649.648,1.48454
649.901,1.40295
650.049,1.39273
650.333,1.45917
650.522,1.58579
650.664,1.74806
650.806,2.00788
650.909,2.3054
650.999,2.69848
651.077,3.19866
651.141,3.79392
651.206,4.62757
651.265,5.68231
651.32,7.01496
651.376,8.78318
651.431,11.1063
651.487,14.1193
651.547,18.4036
651.614,24.4558
651.68,32.1586
651.762,44.1355
651.863,62.5575
652.155,125.945
652.27,144.208
652.38,151.868
652.4,152.055
652.5,147.262
652.613,131.825
652.79,94.5426
652.952,59.3957
653.05,42.083
653.129,30.8276
653.198,23.1036
653.261,17.598
653.323,13.3837
653.382,10.3164
653.441,7.99559
653.5,6.26246
653.559,4.97982
653.623,3.95994
653.688,3.22827
653.762,2.6354
653.843,2.1813
653.921,1.87186
654.024,1.57524
654.153,1.31471
654.33,1.06762
654.529,0.874854
654.762,0.71604
655.028,0.587251
655.338,0.480544
655.707,0.390968
656.12,0.320229
656.637,0.258367
657.227,0.209261
657.929,0.168771
658.704,0.137603
659.648,0.111063
660.63,0.0916548
661.823,0.0750866
663.298,0.0607448
664.774,0.0506778
666.671,0.0417176
668.357,0.0361809
671.168,0.0301388
672.854,0.0277376
675.103,0.0257473
677.352,0.0249234
679.443,0.0252618
681.534,0.0269707
682.985,0.0294547
684.073,0.0325171
685.041,0.0366307
685.947,0.0423835
686.703,0.0498792
687.34,0.0594478
687.826,0.0703152
688.252,0.0843258
688.608,0.101523
688.912,0.123126
689.154,0.14791
689.344,0.175652
689.516,0.211755
689.649,0.254436
689.751,0.304944
689.827,0.362411
689.89,0.432137
689.954,0.533098
690.008,0.65536
690.055,0.802566
690.103,0.999598
690.155,1.29283
690.203,1.65026
690.251,2.11875
690.303,2.79562
690.354,3.65218
690.411,4.90419
690.468,6.52116
690.532,8.8175
690.598,11.8645
690.681,16.5972
690.784,23.928
691.061,46.4529
691.177,53.1033
691.29,55.7263
691.3,55.7441
691.402,53.9234
691.503,48.8279
691.661,36.7832
691.84,22.1167
691.935,15.6212
692.013,11.3351
692.079,8.40752
692.145,6.1658
692.2,4.67693
692.256,3.52121
692.303,2.75278
692.351,2.15336
692.399,1.69175
692.449,1.32025
692.5,1.04571
692.551,0.844706
692.608,0.683377
692.672,0.561056
692.735,0.479357
692.802,0.422255
692.888,0.375878
693.002,0.341386
693.173,0.320541
693.23,0.318925
693.372,0.324407
693.549,0.352479
693.655,0.386438
693.761,0.44441
693.837,0.511863
693.904,0.60263
693.958,0.707228
694.018,0.874913
694.072,1.0868
694.125,1.38088
694.172,1.72795
694.219,2.18335
694.271,2.84771
694.324,3.73895
694.377,4.89929
694.43,6.38372
694.491,8.58174
694.556,11.5381
694.632,15.964
694.723,22.5569
694.857,34.5404
695.069,54.19
695.185,61.5128
695.296,64.1615
695.3,64.164
695.409,61.7861
695.52,54.9917
695.703,38.3949
695.86,23.8974
695.954,16.8261
696.025,12.5385
696.095,9.12149
696.159,6.7181
696.213,5.13762
696.267,3.90188
696.32,2.95302
696.371,2.27538
696.421,1.76137
696.471,1.37585
696.522,1.08931
696.572,0.877654
696.622,0.721779
696.683,0.587756
696.75,0.485419
696.83,0.403786
696.911,0.349286
697.018,0.300331
697.173,0.254552
697.374,0.216054
697.626,0.185181
697.878,0.165333
698.266,0.147529
698.655,0.139502
698.914,0.137966
699.439,0.142413
699.964,0.15668
700.358,0.174978
700.818,0.207591
701.22,0.250955
701.579,0.308486
701.873,0.377258
702.143,0.467727
702.373,0.579821
702.552,0.70359
702.706,0.853046
702.834,1.03164
702.927,1.21546
703.017,1.46779
703.095,1.78745
703.163,2.17671
703.227,2.69466
703.283,3.31404
703.339,4.14462
703.395,5.25424
703.451,6.72544
703.507,8.65501
703.565,11.2324
703.629,14.9528
703.69,19.4726
703.757,25.7402
703.842,35.759
703.942,50.4326
704.254,104.903
704.382,120.512
704.499,125.601
704.5,125.602
704.613,120.901
704.731,107.148
704.933,72.0936
705.079,47.0475
705.171,34.0796
705.247,25.3334
705.32,18.6867
705.384,14.1305
705.448,10.6058
705.506,8.17355
705.562,6.35819
705.618,4.97739
705.674,3.93768
705.73,3.16014
705.788,2.56606
705.855,2.06439
705.922,1.70717
705.999,1.41713
706.089,1.18065
706.191,0.99174
706.319,0.825869
706.48,0.680295
706.672,0.557242
706.896,0.455978
707.139,0.377965
707.453,0.307931
707.761,0.260597
708.094,0.224794
708.51,0.195349
709.01,0.176041
709.42,0.171094
709.736,0.174236
710.131,0.189103
710.447,0.214136
710.684,0.245691
710.898,0.290922
711.041,0.337504
711.166,0.400356
711.256,0.469952
711.331,0.557374
711.395,0.666735
711.449,0.794537
711.502,0.970085
711.556,1.2118
711.608,1.53103
711.661,1.9797
711.715,2.58654
711.769,3.39738
711.822,4.46538
711.876,5.84964
711.935,7.81218
711.997,10.4857
712.066,14.2292
712.148,19.8311
712.249,28.6237
712.56,60.5225
712.687,69.5225
712.8,72.3101
712.914,69.4293
713.029,61.4918
713.219,42.1182
713.372,26.591
713.461,19.1297
713.536,14.0495
713.606,10.3011
713.671,7.60052
713.727,5.76032
713.783,4.33347
713.831,3.38483
713.88,2.64413
713.928,2.07243
713.98,1.60774
714.033,1.25271
714.087,0.993648
714.141,0.805137
714.203,0.648682
714.268,0.536732
714.343,0.446855
714.43,0.376011
714.53,0.32083
714.666,0.269518
714.845,0.223367
715.059,0.185036
715.302,0.154534
715.603,0.128214
715.953,0.107069
716.396,0.0890085
716.947,0.0744041
717.596,0.0635307
718.377,0.0553464
719.046,0.0509911
719.938,0.0477905
720.83,0.0466117
722.026,0.0477107
723.223,0.0519665
724.288,0.0594018
725.09,0.0684709
725.891,0.0823076
726.499,0.0978664
727.094,0.120057
727.574,0.146056
728.011,0.179976
728.393,0.222566
728.691,0.26903
728.989,0.334168
729.225,0.407066
729.438,0.497913
729.632,0.615285
729.778,0.739723
729.9,0.885553
730.012,1.08205
730.097,1.29997
730.171,1.57211
730.235,1.89808
730.297,2.33688
730.361,2.96138
730.416,3.68988
730.47,4.65538
730.525,5.92574
730.586,7.79162
730.647,10.2551
730.707,13.4483
730.774,17.9603
730.846,24.1918
730.929,33.1844
731.034,47.4704
731.338,96.885
731.469,112.45
731.585,118.111
731.6,118.181
731.707,114.314
731.819,102.884
731.989,76.4748
732.173,46.3481
732.268,33.5315
732.355,24.0058
732.426,17.9569
732.493,13.4491
732.553,10.2583
732.61,7.95829
732.67,6.05226
732.724,4.78438
732.777,3.81209
732.833,3.03545
732.897,2.38992
732.96,1.92701
733.033,1.55321
733.106,1.29091
733.188,1.08186
733.297,0.889498
733.434,0.727166
733.604,0.589485
733.786,0.485677
733.999,0.3984
734.242,0.326555
734.539,0.263988
734.831,0.220006
735.195,0.180308
735.62,0.147634
736.106,0.121565
736.701,0.0997649
737.385,0.0830757
738.071,0.0718595
738.929,0.0627455
739.787,0.0572952
740.927,0.0540247
741.307,0.0538603
742.172,0.0555848
742.749,0.0588996
743.326,0.0655691
743.732,0.0743854
744.024,0.0853667
744.229,0.0985475
744.347,0.111209
744.449,0.129378
744.522,0.150046
744.592,0.1797
744.645,0.212721
744.698,0.258554
744.751,0.322044
744.805,0.409469
744.858,0.528745
744.911,0.689574
744.964,0.903465
745.018,1.18358
745.073,1.56479
745.129,2.05235
745.193,2.76132
745.265,3.77752
745.35,5.30427
745.46,7.75162
745.74,15.0849
745.87,17.5503
745.986,18.447
746.0,18.4583
746.107,17.8393
746.213,16.1102
746.383,11.8983
746.56,7.26541
746.663,5.04422
746.742,3.67717
746.815,2.66886
746.875,2.02047
746.932,1.53184
746.99,1.14508
747.044,0.876239
747.097,0.671472
747.15,0.517877
747.203,0.404239
747.255,0.322917
747.305,0.265474
747.365,0.216266
747.425,0.182361
747.495,0.155777
747.575,0.136238
747.675,0.121185
747.834,0.107644
748.091,0.0965525
748.451,0.0891794
748.883,0.0860131
749.027,0.0857828
749.739,0.088433
750.628,0.0979558
751.518,0.11382
752.392,0.137084
753.119,0.164837
753.8,0.201428
754.423,0.248595
754.957,0.30532
755.431,0.375362
755.846,0.459957
756.217,0.563944
756.58,0.706768
756.884,0.875329
757.143,1.07509
757.388,1.33804
757.595,1.65203
757.773,2.02998
757.929,2.50143
758.056,3.04544
758.166,3.71241
758.261,4.52465
758.347,5.56016
758.433,6.98041
758.511,8.791
758.585,11.1001
758.659,14.1721
758.739,18.5752
758.822,24.5983
758.914,33.2924
759.018,45.8873
759.157,67.0872
759.433,113.308
759.57,129.188
759.699,134.644
759.7,134.644
759.814,130.43
759.925,118.966
760.103,91.0378
760.32,54.7696
760.435,39.0068
760.529,28.9258
760.609,22.138
760.686,17.0468
760.76,13.2867
760.827,10.6834
760.904,8.40468
760.984,6.67058
761.064,5.40734
761.153,4.39264
761.25,3.5969
761.357,2.97755
761.491,2.42969
761.627,2.02857
761.805,1.65058
762.012,1.33664
762.257,1.07393
762.516,0.874557
762.798,0.717012
763.154,0.574118
763.51,0.471608
763.91,0.38731
764.377,0.315963
764.888,0.259648
765.511,0.21097
766.222,0.172391
767.052,0.141863
767.949,0.12019
768.875,0.105936
769.987,0.0968381
770.728,0.0949792
771.479,0.0967734
772.416,0.104989
773.167,0.118527
773.729,0.135137
774.262,0.158817
774.719,0.188714
775.113,0.225861
775.445,0.269964
775.777,0.332676
776.04,0.403225
776.282,0.49452
776.497,0.609647
776.663,0.735768
776.801,0.883672
776.926,1.07655
777.023,1.29633
777.107,1.57419
777.18,1.91299
777.251,2.37892
777.311,2.92765
777.372,3.66805
777.432,4.66399
777.493,5.99369
777.555,7.80713
777.618,10.1853
777.687,13.6376
777.756,18.1008
777.829,24.0271
777.916,33.0247
778.024,46.7389
778.351,95.068
778.478,107.916
778.6,112.302
778.722,107.884
778.849,95.0126
779.082,60.5209
779.225,40.0368
779.324,28.5727
779.407,20.9712
779.479,15.7278
779.548,11.7928
779.61,9.0501
779.669,7.04097
779.729,5.45472
779.79,4.25844
779.851,3.36491
779.911,2.70147
779.98,2.15049
780.053,1.74054
780.136,1.414
780.219,1.18565
780.316,0.996486
780.454,0.810509
780.62,0.659099
780.807,0.539838
781.015,0.444537
781.257,0.364059
781.547,0.294984
781.88,0.239097
782.253,0.194607
782.696,0.157544
783.139,0.131173
783.72,0.106773
784.273,0.090531
784.965,0.0764175
785.795,0.0657378
786.349,0.06165
786.94,0.060108
787.453,0.0622411
787.837,0.067697
788.061,0.0738469
788.253,0.0828426
788.397,0.0949021
788.493,0.108734
788.577,0.128381
788.638,0.149638
788.698,0.180161
788.758,0.224109
788.812,0.279813
788.866,0.356422
788.92,0.460793
788.974,0.601327
789.028,0.787996
789.082,1.03224
789.142,1.3865
789.198,1.8113
789.262,2.42696
789.334,3.30754
789.411,4.49334
789.514,6.44814
789.692,10.5565
789.852,14.2077
789.97,16.1071
790.089,16.8914
790.1,16.8975
790.22,16.2236
790.339,14.3663
790.54,9.77038
790.699,6.16342
790.797,4.35246
790.877,3.15826
790.95,2.29511
791.013,1.71785
791.069,1.31154
791.125,0.993523
791.181,0.749138
791.229,0.587734
791.283,0.448802
791.337,0.345555
791.391,0.269687
791.445,0.214431
791.493,0.178246
791.553,0.145486
791.613,0.12257
791.683,0.104305
791.773,0.0887065
791.887,0.0765536
792.046,0.0660999
792.272,0.0568575
792.548,0.0496856
792.857,0.0444566
793.352,0.0394899
793.846,0.0370078
794.34,0.0363014
794.821,0.0374434
795.141,0.0396647
795.461,0.0440102
795.661,0.0490471
795.781,0.0541896
795.881,0.0611799
795.961,0.0701211
796.031,0.0821237
796.092,0.0972471
796.152,0.11895
796.202,0.144037
796.252,0.177685
796.304,0.225235
796.358,0.289751
796.411,0.375252
796.465,0.486967
796.523,0.647067
796.582,0.854101
796.65,1.16353
796.723,1.59301
796.803,2.1855
796.901,3.08119
797.062,4.88958
797.244,6.94472
797.372,7.9706
797.493,8.3439
797.5,8.34507
797.62,8.01615
797.748,7.02593
797.986,4.32264
798.115,2.92227
798.213,2.05344
798.294,1.48535
798.36,1.1171
798.427,0.825079
798.487,0.622028
798.541,0.480195
798.595,0.370532
798.649,0.287087
798.703,0.224534
798.757,0.178272
798.813,0.143412
798.866,0.119503
798.93,0.0994606
798.995,0.0860205
799.08,0.0747414
799.165,0.0680975
799.293,0.0628064
799.507,0.0597455
799.57,0.0595863
799.761,0.0605161
800.014,0.0647499
800.268,0.0729498
800.49,0.0850769
800.651,0.0993505
800.748,0.112428
800.846,0.132048
800.927,0.157272
800.991,0.187154
801.05,0.225825
801.102,0.27255
801.153,0.335883
801.205,0.421541
801.256,0.536794
801.308,0.690657
801.359,0.894037
801.414,1.17715
801.465,1.5248
801.524,2.03837
801.583,2.70042
801.646,3.60649
801.717,4.88873
801.794,6.62903
801.891,9.36829
802.038,14.4278
802.246,21.7758
802.373,24.9161
802.494,26.0572
802.5,26.0593
802.619,25.0494
802.745,22.0489
802.962,14.415
803.109,9.35983
803.206,6.62356
803.289,4.76676
803.36,3.51063
803.424,2.60697
803.483,1.96516
803.542,1.46838
803.594,1.1327
803.646,0.869383
803.697,0.671214
803.749,0.521347
803.795,0.418893
803.847,0.332896
803.898,0.269236
803.95,0.222198
804.013,0.18076
804.079,0.150704
804.159,0.126194
804.252,0.107209
804.384,0.0897162
804.537,0.0764925
804.728,0.0651151
804.996,0.0542742
805.291,0.0462629
805.659,0.0395649
806.027,0.0350788
806.513,0.0311922
807.191,0.028061
807.869,0.0265184
808.547,0.02608
809.278,0.0265139
810.063,0.0282398
810.848,0.0315747
811.437,0.0356333
812.026,0.0420406
812.495,0.0500085
812.896,0.0603975
813.221,0.0730012
813.47,0.0869742
813.677,0.103487
813.846,0.12273
813.99,0.14705
814.09,0.172814
814.176,0.205766
814.252,0.249586
814.319,0.306021
814.375,0.372409
814.431,0.463854
814.487,0.589778
814.537,0.742624
814.592,0.966608
814.648,1.27211
814.703,1.67848
814.759,2.21126
814.815,2.89866
814.876,3.85471
814.939,5.13708
815.01,6.9196
815.092,9.57345
815.196,13.7261
815.367,22.0783
815.555,31.2413
815.678,35.3085
815.8,36.7774
815.915,35.4746
816.035,31.645
816.221,22.7239
816.396,14.0754
816.498,9.91869
816.584,7.1064
816.654,5.28915
816.718,3.97812
816.777,3.02105
816.833,2.31002
816.889,1.75758
816.944,1.33527
817.0,1.01718
817.052,0.795339
817.108,0.617586
817.158,0.499119
817.214,0.401992
817.269,0.331652
817.336,0.272161
817.402,0.23198
817.485,0.197296
817.588,0.16919
817.713,0.147544
817.878,0.128986
818.044,0.116687
818.342,0.103359
818.64,0.0971151
818.839,0.0957445
819.211,0.0980969
819.582,0.106723
819.954,0.122962
820.279,0.146149
820.548,0.17534
820.771,0.210578
820.947,0.250183
821.087,0.293866
821.198,0.342582
821.31,0.413375
821.4,0.499785
821.47,0.595815
821.54,0.731936
821.598,0.889965
821.656,1.10508
821.714,1.39789
821.769,1.77652
821.826,2.29192
821.883,2.97409
821.94,3.86567
821.997,5.01409
822.06,6.63759
822.129,8.96038
822.206,12.2389
822.294,17.0396
822.4,24.2368
822.599,40.6215
822.772,54.0676
822.905,60.605
823.0,62.0556
823.119,59.7675
823.238,53.4243
823.431,38.0453
823.604,23.9392
823.706,17.0263
823.787,12.5688
823.863,9.26553
823.933,6.84089
823.996,5.1727
824.059,3.88459
824.115,3.00419
824.17,2.32624
824.226,1.8105
824.282,1.42206
824.337,1.13165
824.393,0.915465
824.458,0.732091
824.528,0.593689
824.609,0.482638
824.69,0.406205
824.783,0.344725
824.895,0.292502
825.034,0.245991
825.229,0.200163
825.452,0.163436
825.712,0.133082
826.009,0.108505
826.334,0.0893297
826.696,0.0739664
827.151,0.0603043
827.607,0.0506111
828.149,0.0423229
828.8,0.0353568
829.513,0.0300333
830.368,0.0256001
831.394,0.022041
832.488,0.0195913
833.719,0.0177971
835.36,0.0165039
836.727,0.0161411
838.454,0.0166324
839.749,0.0178411
840.839,0.0197503
841.662,0.0223193
842.32,0.0255921
842.883,0.0300625
843.302,0.0352491
843.652,0.0417635
843.931,0.0494943
844.149,0.0582542
844.33,0.0689738
844.458,0.0802133
844.562,0.0942257
844.65,0.11229
844.726,0.135787
844.789,0.164426
844.851,0.205499
844.908,0.257718
844.963,0.328015
845.012,0.411643
845.066,0.533931
845.12,0.696992
845.173,0.91184
845.227,1.19115
845.283,1.56476
845.346,2.10742
845.409,2.80281
845.473,3.69441
845.551,5.0517
845.646,7.11572
845.778,10.6332
846.032,18.0338
846.166,20.7967
846.29,21.8027
846.3,21.808
846.413,21.0818
846.532,18.8979
846.702,14.2197
846.903,8.37844
847.004,5.96513
847.082,4.43257
847.156,3.26522
847.226,2.39908
847.289,1.79208
847.345,1.37015
847.402,1.03405
847.456,0.791682
847.51,0.606613
847.559,0.478152
847.607,0.379695
847.656,0.304815
847.709,0.24474
847.763,0.199399
847.824,0.162287
847.885,0.136205
847.962,0.113896
848.055,0.0964679
848.177,0.0819166
848.345,0.0697566
848.569,0.0596517
848.848,0.0516893
849.237,0.0451217
849.735,0.0408708
850.233,0.0392274
850.399,0.0390833
851.096,0.0402517
851.793,0.0438311
852.49,0.050017
853.1,0.0586294
853.616,0.0694836
854.116,0.0849528
854.491,0.101679
854.865,0.125597
855.187,0.155448
855.437,0.188484
855.651,0.227975
855.838,0.276654
855.999,0.337427
856.106,0.396322
856.209,0.478534
856.287,0.569964
856.365,0.702375
856.432,0.865871
856.488,1.05329
856.543,1.30481
856.597,1.62641
856.651,2.05046
856.704,2.60563
856.758,3.32582
856.811,4.24984
856.869,5.53085
856.936,7.44506
857.003,9.91217
857.077,13.3602
857.155,17.9393
857.257,25.428
857.405,38.5945
857.622,58.9539
857.752,67.9029
857.879,71.7186
857.9,71.8009
858.014,69.4412
858.128,62.8436
858.293,48.5163
858.507,28.3784
858.612,20.1923
858.701,14.5673
858.777,10.7751
858.844,8.12847
858.911,6.05939
858.971,4.61852
859.033,3.47308
859.087,2.72188
859.141,2.14167
859.194,1.6978
859.248,1.36076
859.301,1.10614
859.357,0.907305
859.424,0.734079
859.491,0.611078
859.569,0.509988
859.66,0.428502
859.77,0.362055
859.926,0.298641
860.113,0.247757
860.359,0.202847
860.604,0.172223
860.899,0.147036
861.227,0.128582
861.555,0.117056
861.884,0.110734
862.212,0.108884
862.641,0.113413
862.927,0.121921
863.213,0.136962
863.472,0.15986
863.665,0.188049
863.8,0.220082
863.896,0.255776
863.985,0.306614
864.059,0.369996
864.12,0.445885
864.182,0.552349
864.243,0.701802
864.298,0.886536
864.354,1.13451
864.41,1.47026
864.462,1.88214
864.515,2.41021
864.576,3.20532
864.638,4.23185
864.708,5.74009
864.781,7.76445
864.864,10.6165
864.969,15.1669
865.135,23.9842
865.331,34.5609
865.464,39.6758
865.589,41.5838
865.6,41.5967
865.726,39.927
865.852,35.3265
866.063,24.0857
866.222,15.5795
866.326,11.0224
866.412,7.98223
866.485,5.91474
866.55,4.47222
866.612,3.39549
866.673,2.558
866.726,1.99971
866.784,1.51882
866.839,1.17724
866.895,0.919988
866.95,0.728119
867.011,0.5728
867.073,0.46217
867.134,0.383406
867.202,0.321695
867.276,0.275823
867.381,0.23301
867.507,0.201192
867.676,0.17505
867.844,0.158316
868.117,0.141991
868.391,0.134223
868.573,0.132593
868.881,0.135515
869.189,0.14592
869.496,0.166004
869.727,0.190608
869.941,0.225916
870.078,0.260085
870.199,0.304462
870.302,0.36282
870.387,0.437322
870.456,0.524892
870.525,0.650789
870.582,0.797952
870.639,0.998627
870.696,1.27132
870.748,1.5975
870.805,2.07562
870.862,2.70793
870.919,3.53288
870.976,4.593
871.044,6.21283
871.111,8.26515
871.184,11.1181
871.266,15.1058
871.371,21.4398
871.546,34.3821
871.744,48.9186
871.876,55.5609
872.0,57.7432
872.124,55.545
872.25,49.2746
872.458,34.0562
872.627,21.5485
872.732,15.1971
872.812,11.2769
872.881,8.56012
872.953,6.28776
873.014,4.7932
873.075,3.62532
873.136,2.72966
873.188,2.14742
873.245,1.65023
873.302,1.27789
873.359,1.00173
873.416,0.798291
873.477,0.640522
873.544,0.518062
873.611,0.431856
873.691,0.360023
873.784,0.303455
873.912,0.252803
874.059,0.21441
874.268,0.177594
874.52,0.147989
874.821,0.124187
875.145,0.106959
875.599,0.0914542
876.039,0.0822284
876.7,0.0748355
877.361,0.072525
878.216,0.0751653
879.072,0.0840069
879.735,0.0965039
880.293,0.11276
880.758,0.132477
881.186,0.158317
881.577,0.192075
881.912,0.233414
882.209,0.285726
882.47,0.351061
882.68,0.425928
882.866,0.51991
883.021,0.634681
883.136,0.759617
883.223,0.894162
883.31,1.0856
883.386,1.32584
883.451,1.61223
883.517,2.01505
883.583,2.55613
883.648,3.29476
883.713,4.2947
883.775,5.55959
883.837,7.20568
883.906,9.61446
883.976,12.7258
884.057,17.3346
884.144,23.6388
884.249,33.1938
884.411,51.1879
884.632,76.1984
884.766,86.7209
884.895,90.5378
884.9,90.5436
885.024,87.2338
885.148,78.0551
885.346,56.1579
885.537,34.5499
885.649,24.2348
885.731,18.1439
885.811,13.362
885.886,9.92773
885.954,7.49657
886.016,5.78724
886.078,4.47046
886.14,3.47015
886.205,2.6868
886.27,2.11207
886.335,1.69244
886.4,1.38599
886.479,1.12085
886.563,0.926147
886.661,0.769546
886.772,0.646438
886.921,0.534156
887.107,0.438538
887.33,0.359336
887.578,0.297699
887.876,0.245924
888.223,0.20434
888.62,0.172032
889.054,0.148205
889.488,0.132124
890.107,0.117933
890.775,0.110316
891.443,0.108304
892.186,0.111683
892.929,0.121128
893.672,0.137913
894.323,0.161
894.911,0.192257
895.406,0.230491
895.84,0.277954
896.253,0.342416
896.604,0.420799
896.893,0.511372
897.14,0.618548
897.378,0.76205
897.563,0.919327
897.718,1.10042
897.847,1.30933
897.976,1.60896
898.08,1.95949
898.172,2.41356
898.255,2.98673
898.327,3.67833
898.4,4.616
898.469,5.82136
898.541,7.50079
898.613,9.72608
898.685,12.6264
898.757,16.3026
898.842,21.8157
898.942,30.1874
899.063,42.8158
899.419,86.9505
899.56,99.1768
899.688,103.603
899.7,103.633
899.82,100.347
899.964,88.6591
900.195,60.2746
900.367,39.4169
900.484,27.7452
900.571,20.8835
900.658,15.4661
900.737,11.6614
900.807,9.05152
900.877,7.04319
900.949,5.4912
901.021,4.32739
901.093,3.46758
901.176,2.75713
901.258,2.25179
901.346,1.86754
901.449,1.54732
901.578,1.27047
901.713,1.06855
901.898,0.871463
902.115,0.711561
902.342,0.592241
902.631,0.484211
902.961,0.398202
903.333,0.33106
903.705,0.28393
904.155,0.244213
904.699,0.212899
905.352,0.191152
905.931,0.181979
906.292,0.180112
906.959,0.183876
907.626,0.197306
908.278,0.221722
908.901,0.259417
909.42,0.306784
909.909,0.371949
910.324,0.451633
910.68,0.548118
910.991,0.665923
911.258,0.805289
911.502,0.981405
911.725,1.20493
911.91,1.46598
912.06,1.75872
912.186,2.0981
912.312,2.57756
912.406,3.08562
912.503,3.80187
912.59,4.69953
912.676,5.93997
912.751,7.38633
912.833,9.50631
912.917,12.3937
913.004,16.3476
913.099,22.0155
913.204,30.1526
913.328,42.3323
913.57,71.2781
913.751,91.471
913.894,101.572
914.0,103.931
914.14,99.787
914.296,86.6982
914.682,41.1829
914.802,29.6169
914.895,22.4052
914.978,17.2869
915.067,13.0188
915.141,10.2846
915.221,8.01985
915.301,6.32387
915.382,5.06401
915.47,4.04219
915.564,3.27371
915.671,2.65323
915.791,2.16651
915.927,1.77997
916.075,1.4804
916.253,1.22055
916.483,0.981829
916.742,0.792025
917.009,0.651578
917.32,0.532418
917.676,0.434252
918.076,0.354889
918.543,0.28878
919.099,0.23367
919.722,0.19126
920.315,0.163263
921.056,0.139923
921.649,0.128557
922.242,0.123321
922.538,0.123213
922.97,0.126866
923.402,0.137176
923.726,0.152178
923.996,0.173011
924.212,0.199779
924.372,0.231553
924.496,0.271123
924.584,0.315046
924.654,0.366285
924.725,0.439874
924.787,0.53128
924.852,0.667416
924.905,0.81877
924.958,1.01904
925.011,1.28233
925.069,1.66508
925.128,2.17128
925.186,2.83161
925.249,3.76765
925.313,4.97401
925.385,6.71145
925.461,9.08875
925.548,12.4571
925.657,17.7661
925.834,28.1844
926.029,39.6866
926.164,45.2836
926.294,47.3143
926.3,47.3176
926.421,45.6656
926.537,41.3335
926.707,31.847
926.927,18.6048
927.038,13.0615
927.123,9.63791
927.2,7.14605
927.271,5.31222
927.335,4.03111
927.398,3.03161
927.456,2.3229
927.515,1.77708
927.573,1.36255
927.631,1.05164
927.684,0.839052
927.737,0.67798
927.797,0.542704
927.854,0.449501
927.924,0.366082
927.995,0.307985
928.08,0.259858
928.193,0.217558
928.306,0.189174
928.475,0.159943
928.687,0.134943
928.97,0.112054
929.323,0.0927891
929.747,0.0773687
930.26,0.0649699
930.839,0.0556887
931.649,0.0471624
932.54,0.041142
933.64,0.0365814
934.96,0.0333528
936.049,0.0320307
936.697,0.031861
938.157,0.0328654
939.13,0.0347862
940.103,0.038512
941.06,0.0447897
941.767,0.0521769
942.355,0.0615488
942.902,0.0745927
943.33,0.0896912
943.705,0.108733
944.017,0.131343
944.285,0.158586
944.508,0.190174
944.722,0.233247
944.865,0.274132
944.981,0.320448
945.088,0.381848
945.182,0.461292
945.262,0.561389
945.329,0.679924
945.396,0.845484
945.452,1.03349
945.508,1.28283
945.563,1.61236
945.625,2.09512
945.686,2.73986
945.749,3.60766
945.811,4.7402
945.874,6.19336
945.943,8.24465
946.023,11.3007
946.11,15.5198
946.213,21.7513
946.354,32.2335
946.6,51.9842
946.736,60.1244
946.865,63.813
946.9,63.9921
947.029,61.5798
947.175,53.7085
947.552,24.203
947.656,17.3948
947.746,12.6986
947.824,9.4238
947.897,6.994
947.964,5.2719
948.025,4.06018
948.087,3.08572
948.149,2.34547
948.212,1.79105
948.268,1.41887
948.324,1.13647
948.379,0.923223
948.446,0.73544
948.513,0.601315
948.591,0.491281
948.681,0.405452
948.774,0.343619
948.908,0.283868
949.078,0.233649
949.292,0.19067
949.542,0.156044
949.827,0.128376
950.149,0.106492
950.559,0.0872039
951.005,0.0729537
951.541,0.0613909
952.144,0.0527499
952.882,0.0460447
953.866,0.0409166
954.851,0.0383042
955.835,0.0374407
957.259,0.0385844
958.683,0.0422786
959.989,0.0481961
961.235,0.0569834
962.303,0.0681091
963.311,0.0832663
964.142,0.101006
964.914,0.124213
965.626,0.154622
966.249,0.192451
966.768,0.236588
967.228,0.290544
967.643,0.357761
968.029,0.444733
968.34,0.541859
968.652,0.676796
968.911,0.834715
969.134,1.02273
969.334,1.25941
969.512,1.56049
969.661,1.92528
969.787,2.3768
969.898,2.95496
969.998,3.70275
970.087,4.63682
970.165,5.74551
970.243,7.21719
970.325,9.28306
970.406,11.9533
970.493,15.6827
970.586,20.8706
970.693,28.4497
970.824,40.096
971.203,80.2703
971.36,91.7007
971.5,95.2806
971.631,92.1377
971.785,81.3069
972.059,52.295
972.224,35.5493
972.343,25.7058
972.438,19.4197
972.527,14.7636
972.616,11.1709
972.69,8.86555
972.77,6.95012
972.85,5.50929
972.93,4.4332
973.019,3.55498
973.114,2.88113
973.209,2.39419
973.328,1.95865
973.458,1.62032
973.607,1.34477
973.784,1.1064
973.985,0.911801
974.244,0.73076
974.511,0.597282
974.823,0.484269
975.179,0.391248
975.579,0.316
976.047,0.253138
976.544,0.205117
977.137,0.164016
977.79,0.131842
978.502,0.10666
979.258,0.087244
980.193,0.0699886
981.142,0.0573168
982.329,0.0459264
983.605,0.0372421
985.029,0.0302715
986.69,0.0244757
988.445,0.0200732
990.237,0.0167799
992.666,0.0135668
995.631,0.0108414
998.128,0.00917568
999.376,0.00851008
1000.0,0.00826303
1000.0,4.15892
1087.56,3.93808
1173.61,3.74789
1254.48,3.58902
1366.47,3.39497
1433.11,3.2915
1557.64,3.11796
1697.4,2.94858
1799.82,2.8384
1930.92,2.7116
2000.0,2.65034
2199.39,2.51141
2376.88,2.40338
2582.97,2.29277
2783.68,2.19759
3000.0,2.10636
3288.4,2.01601
3550.98,1.94338
3868.16,1.86557
4239.49,1.78565
4604.07,1.71666
5000.0,1.65033
5613.08,1.57503
6073.66,1.52567
6676.5,1.46848
7000.0,1.44069
7913.08,1.37817
8603.02,1.3371
9510.8,1.28943
10442.7,1.24649
11764.0,1.19377
13322.1,1.14109
14746.4,1.09981
16441.9,1.05723
18133.9,1.02032
21039.8,0.964963
22991.2,0.931373
25283.2,0.896681
28337.3,0.856751
31393.8,0.82261
35168.4,0.786631
38952.0,0.755597
43142.6,0.725788
46018.7,0.684847
48636.0,0.651597
50000.0,0.635583
53116.2,0.603793
55873.2,0.578411
59112.2,0.551399
62791.2,0.523856
66297.7,0.500245
70000.0,0.477699
73191.5,0.462638
79130.8,0.437414
85760.9,0.412842
90597.1,0.396884
96762.0,0.378547
100000.0,0.369699
100000.0,0.369693
139634.0,0.316539
192037.0,0.268186
251580.0,0.242895
323205.0,0.225055
441020.0,0.204241
501926.0,0.192668
750000.0,0.174752
1043390.0,0.160086
1250750.0,0.142106
1642300.0,0.115445
2212890.0,0.0698758
2524280.0,0.0497079
2820430.0,0.0341688
3028260.0,0.0259876
3185430.0,0.0209243
3374610.0,0.0163259
3632940.0,0.0116441
3811940.0,0.00919867
4001280.0,0.00725807
4199790.0,0.00567655
4414800.0,0.00440637
4622630.0,0.00349471
4850300.0,0.00273868
5043180.0,0.00226365
5333260.0,0.00176825
5500000.0,0.00154422
5890880.0,0.00123398
6000000.0,0.00116217
6500000.0,9.82E-4
7000000.0,9.31587E-4
8000000.0,0.00102285
8593080.0,0.00116567
9000000.0,0.0013074
1.0E7,0.00150266
1.1E7,0.00153587
1.2E7,0.00146336
1.35E7,0.00126819
1.46867E7,9.94696E-4
1.6E7,7.31999E-4
1.66868E7,6.49406E-4
1.7E7,6.05561E-4
1.76868E7,5.48787E-4
1.8E7,5.15086E-4
1.95E7,4.31626E-4
2.0E7,4.17964E-4
