96-Cm-243(n,&gamma;) ENDF/B-VII.1
1.0E-5,6979.64
1.31241E-5,6092.5
1.70876E-5,5339.3
2.2426E-5,4660.66
2.91987E-5,4084.45
3.83206E-5,3565.23
4.98935E-5,3124.44
6.54808E-5,2727.23
8.52562E-5,2390.04
1.11891E-4,2086.15
1.45682E-4,1828.11
1.91195E-4,1595.65
2.48937E-4,1398.23
3.26707E-4,1220.26
4.25373E-4,1069.19
5.58264E-4,932.998
7.26861E-4,817.403
9.53941E-4,713.147
0.00124203,624.558
0.00163006,544.701
0.00212234,476.852
0.00278538,415.629
0.00362657,363.621
0.00475955,317.237
0.00619694,277.162
0.00813293,240.871
0.0105891,210.295
0.0145161,177.861
0.0180942,158.107
0.0234661,137.613
0.0253,131.96
0.0346825,110.486
0.0453449,94.9355
0.0592642,80.8665
0.0774837,68.5589
0.101268,58.22
0.126231,50.4782
0.15829,43.5945
0.198059,37.9104
0.24733,33.3572
0.308296,30.0517
0.368577,28.482
0.416347,28.1048
0.525484,29.4025
0.629771,31.2073
0.646747,31.2648
0.714655,30.4506
0.831067,27.4178
0.894124,26.7382
0.958844,27.3416
1.10816,31.6101
1.15348,32.0474
1.24207,31.5059
1.28946,32.0384
1.32655,33.7186
1.37413,38.3161
1.442,47.668
1.4662,48.8446
1.49,47.7197
1.57401,37.5995
1.60602,35.4663
1.65102,34.4464
1.70728,35.4604
1.77604,39.2275
1.83903,45.1097
1.89298,52.7669
1.93799,62.4976
1.97099,73.2526
2.0328,100.425
2.0592,105.954
2.0688,106.34
2.11197,105.075
2.16686,110.142
2.26959,125.166
2.30056,126.338
2.34278,124.013
2.41314,111.719
2.52942,84.9271
2.58273,75.8861
2.63603,71.0235
2.6538,70.6646
2.69339,73.0959
2.75784,81.6368
2.7726,81.9266
2.81101,81.062
2.84101,83.2793
2.87505,91.8343
2.90516,105.703
2.93527,126.792
2.96606,157.22
3.03044,238.934
3.05172,257.882
3.07108,264.024
3.09215,256.644
3.11876,229.915
3.181,147.011
3.2108,116.551
3.24059,94.2614
3.27318,77.2761
3.30976,64.7746
3.34966,56.6057
3.38956,52.5885
3.41883,51.8676
3.45222,53.3447
3.48561,57.6846
3.51384,64.3093
3.54206,74.8195
3.56747,89.1921
3.59052,108.222
3.61357,135.473
3.63474,170.145
3.65986,224.757
3.7005,324.855
3.72045,356.05
3.7328,361.96
3.74905,352.004
3.77164,310.255
3.81981,189.204
3.84173,145.912
3.8629,114.491
3.88548,90.0928
3.90806,72.5239
3.93347,58.3344
3.95981,47.7834
3.9918,38.6679
4.02473,32.0159
4.06378,26.405
4.10659,22.0597
4.15551,18.5478
4.22085,15.354
4.29927,12.8489
4.39401,10.9246
4.48223,9.79949
4.59986,8.92673
4.72336,8.55534
4.76453,8.53304
4.92332,8.90708
5.03507,9.6742
5.15269,11.1228
5.23503,12.7253
5.31736,15.0726
5.3997,18.5127
5.47616,22.9898
5.61143,32.6427
5.67777,35.3732
5.70082,35.6106
5.77139,34.2775
5.91289,29.029
6.0468,26.6514
6.2432,24.0506
6.41951,20.9487
6.50432,20.0974
6.54673,19.9836
6.64716,20.8416
6.71411,22.5583
6.78107,25.6209
6.84532,30.4294
6.89919,36.5395
6.95048,45.0135
6.99532,55.4156
7.04016,69.2374
7.1495,111.186
7.18367,119.578
7.20912,121.628
7.24858,116.849
7.29983,99.7076
7.38354,66.5229
7.42967,52.4092
7.4758,41.8969
7.52064,34.4497
7.57291,28.2849
7.62349,24.1405
7.67408,21.266
7.71455,19.6561
7.77961,18.0808
7.84467,17.5832
7.91374,18.2032
7.98281,20.0751
8.12695,26.0654
8.171,26.6686
8.21104,26.0779
8.2771,23.2559
8.38371,17.9832
8.46087,15.5419
8.52651,14.3228
8.62499,13.5684
8.65781,13.5105
8.84497,14.1012
9.01342,14.7607
9.05709,14.7867
9.16939,14.4379
9.35655,12.6951
9.62637,9.60413
9.78936,8.32528
9.92271,7.76375
10.0116,7.65969
10.1352,7.94864
10.2587,8.82372
10.4963,11.4527
10.5662,11.715
10.6321,11.4714
10.7662,9.98252
10.9053,8.47113
10.9953,7.96876
11.0462,7.87989
11.148,8.16666
11.2159,8.7631
11.2838,9.79693
11.3496,11.399
11.4026,13.3401
11.4557,16.1899
11.4997,19.6386
11.5365,23.6787
11.5733,29.3586
11.6049,36.2619
11.6319,44.4254
11.6575,54.8821
11.6845,69.87
11.7125,91.0588
11.7434,121.64
11.8073,194.366
11.8324,213.027
11.8538,218.312
11.8809,209.308
11.9088,184.992
11.9753,108.967
12.0033,83.3775
12.0286,65.7218
12.0544,52.2118
12.0819,41.6945
12.1104,33.8462
12.1394,28.0414
12.1732,23.2325
12.211,19.643
12.2486,17.5122
12.2767,16.7096
12.3041,16.4644
12.357,16.5957
12.3975,15.9668
12.4339,14.3157
12.5102,9.67407
12.5431,8.15541
12.5806,6.90835
12.6275,5.86161
12.6931,4.92251
12.7728,4.19076
12.8732,3.58872
12.9932,3.12235
13.1255,2.79682
13.2522,2.60718
13.4575,2.48387
13.4938,2.48282
13.648,2.55083
13.8023,2.75803
13.9339,3.09506
14.0489,3.59018
14.1351,4.16854
14.2107,4.92231
14.2712,5.79586
14.3317,7.06323
14.3831,8.64429
14.4255,10.5044
14.4618,12.711
14.4966,15.5938
14.5329,19.7031
14.5692,25.2175
14.6191,34.994
14.6772,46.4407
14.7086,50.0719
14.7282,50.7397
14.7619,48.8038
14.7976,43.309
14.8793,27.2348
14.9201,21.1074
14.9579,17.0519
14.9942,14.3356
15.0305,12.4636
15.0759,10.9528
15.1213,10.0813
15.1717,9.64592
15.1919,9.59874
15.2549,9.85779
15.3179,10.7199
15.3823,12.3198
15.4359,14.3843
15.4895,17.3861
15.541,21.5269
15.5861,26.5612
15.6354,34.0482
15.6955,46.2053
15.7779,64.6141
15.8225,70.8718
15.8485,71.9631
15.8912,69.1781
15.9367,61.1405
16.0384,38.1725
16.0903,29.0104
16.1386,22.6966
16.189,17.9186
16.2405,14.4217
16.2963,11.7156
16.3564,9.64802
16.4272,7.95553
16.5023,6.74224
16.5881,5.84891
16.6825,5.30721
16.7769,5.16179
16.8464,5.33858
16.9172,5.87754
16.9648,6.56427
17.0124,7.69182
17.0481,9.00441
17.0838,10.9444
17.1171,13.5659
17.1504,17.1824
17.1988,24.0905
17.2494,31.4323
17.2809,34.1654
17.2986,34.6586
17.3247,33.8943
17.3608,30.4139
17.4329,21.0566
17.4683,17.8009
17.4958,16.2668
17.5232,15.5809
17.5322,15.5278
17.5623,15.9369
17.6,17.6503
17.6451,21.2456
17.7152,27.9984
17.7537,30.1963
17.7713,30.4362
17.7995,29.7058
17.8356,27.039
17.9274,17.6078
17.9641,14.9646
17.9957,13.6867
18.0168,13.4516
18.0378,13.8315
18.0621,15.2483
18.0815,17.3368
18.101,20.4294
18.1251,25.7119
18.1893,42.9779
18.2122,46.7414
18.2292,47.5705
18.252,45.7563
18.2792,39.9025
18.3408,21.8985
18.363,16.753
18.3842,13.0401
18.4028,10.6508
18.424,8.70159
18.4473,7.25405
18.4743,6.17076
18.5013,5.4773
18.5395,4.87819
18.5967,4.43368
18.6539,4.30444
18.7175,4.42862
18.7811,4.83771
18.8396,5.54597
18.888,6.49814
18.9282,7.70976
18.9616,9.20066
18.9893,11.0076
19.0123,13.1994
19.0333,16.1431
19.0512,19.8733
19.0655,24.1537
19.0799,30.1745
19.0911,36.6171
19.1039,46.4132
19.1167,59.6324
19.1285,75.597
19.1408,96.9242
19.1551,128.707
19.1725,177.979
19.1945,255.406
19.2329,403.076
19.2554,467.761
19.2751,493.382
19.2796,494.382
19.2997,476.327
19.3209,422.015
19.3818,195.477
19.3994,142.325
19.4147,105.811
19.4284,80.3524
19.4421,60.983
19.4552,47.1204
19.4684,36.9048
19.4815,29.4527
19.4947,24.0282
19.5095,19.6387
19.5271,16.0113
19.5468,13.217
19.5687,11.0728
19.5928,9.41067
19.6257,7.83822
19.6652,6.57563
19.708,5.66701
19.7573,4.98683
19.8165,4.50992
19.8714,4.30603
19.9065,4.27723
19.9657,4.40608
20.0249,4.78408
20.0924,5.58384
20.1767,7.12571
20.2503,8.4862
20.3063,8.93922
20.3107,8.94217
20.3521,8.72999
20.4153,7.76476
20.5135,5.97497
20.5732,5.23347
20.6258,4.84547
20.696,4.64924
20.7749,4.78441
20.8539,5.2749
20.9131,5.91885
20.9723,6.88924
21.0272,8.21895
21.0732,9.8343
21.1116,11.7246
21.1511,14.4889
21.184,17.8176
21.2114,21.76
21.2366,26.8966
21.2579,33.0208
21.2756,39.968
21.2936,49.3641
21.3108,61.4332
21.3298,79.1479
21.3482,101.751
21.3701,136.431
21.3976,191.81
21.4499,307.102
21.4724,342.758
21.4936,358.641
21.4999,359.503
21.5193,350.699
21.5442,316.984
21.5851,229.549
21.6199,154.381
21.6426,114.685
21.6633,86.5493
21.6805,68.5661
21.6978,54.7795
21.715,44.3546
21.7329,36.2812
21.753,29.571
21.7771,23.8349
21.8007,19.8452
21.8318,16.1215
21.868,13.1362
21.9083,10.8572
21.9566,9.00033
22.0103,7.6338
22.0508,6.92941
22.1049,6.30336
22.159,5.9613
22.213,5.87143
22.2691,6.06143
22.3253,6.62796
22.3674,7.43396
22.4024,8.52954
22.4305,9.89106
22.4516,11.4109
22.4704,13.3666
22.4892,16.2479
22.5057,19.9661
22.5206,24.7784
22.5347,31.1335
22.5488,39.8456
22.5629,51.6026
22.577,67.1172
22.5911,87.0189
22.609,119.161
22.6302,167.047
22.6799,295.017
22.7028,339.565
22.7237,358.845
22.7298,359.885
22.7486,349.722
22.7686,318.754
22.801,240.857
22.8371,148.647
22.8574,106.146
22.8747,77.9082
22.889,59.6678
22.9034,45.6773
22.9178,35.1833
22.9318,27.7291
22.9457,22.2828
22.9596,18.3202
22.9736,15.4267
22.9913,12.8075
23.0106,10.8459
23.0326,9.29566
23.0601,7.97281
23.0966,6.82178
23.1379,5.99735
23.1895,5.40249
23.25,5.14548
23.2941,5.263
23.3326,5.67157
23.367,6.41007
23.4014,7.64128
23.4413,9.74245
23.5024,13.4018
23.5324,14.522
23.5533,14.7636
23.5847,14.2351
23.6229,12.5234
23.6807,9.56859
23.7151,8.38849
23.7482,7.79076
23.7757,7.63126
23.8032,7.71122
23.8476,8.23083
23.892,9.16898
23.9446,10.8786
23.9897,13.0523
24.0283,15.7009
24.0659,19.3479
24.0981,23.7612
24.1281,29.4906
24.1582,37.4655
24.1861,47.6132
24.2151,61.6643
24.2505,84.1456
24.3299,144.123
24.3591,159.505
24.3894,165.47
24.4209,159.244
24.4587,137.859
24.5349,80.2048
24.5681,59.933
24.5971,46.4685
24.6261,36.4829
24.6562,29.0073
24.6873,23.5003
24.7195,19.4524
24.757,16.1405
24.7978,13.6708
24.8429,11.8307
24.888,10.6227
24.9524,9.66158
25.0167,9.39155
25.0813,9.75695
25.1298,10.5068
25.1853,12.0433
25.2325,14.2007
25.2718,16.9513
25.3043,20.2456
25.3367,24.9927
25.3626,30.3559
25.3876,37.4162
25.4126,46.9704
25.4385,60.2156
25.4672,79.4501
25.5033,110.036
25.5607,162.057
25.5933,181.921
25.6195,187.306
25.6467,181.499
25.6793,161.24
25.7635,85.6199
25.7931,64.2307
25.8191,49.7451
25.845,38.8253
25.8686,31.3966
25.8936,25.516
25.9228,20.5145
25.9533,16.7466
25.9867,13.7709
26.0283,11.121
26.07,9.22985
26.12,7.59401
26.1737,6.3333
26.2448,5.15716
26.316,4.33505
26.4014,3.63952
26.504,3.07814
26.5895,2.76379
26.7262,2.46365
26.8174,2.38131
26.863,2.3768
26.9428,2.44076
27.0073,2.58292
27.0643,2.80895
27.1213,3.17619
27.1811,3.77816
27.2495,4.78342
27.3371,6.24135
27.3857,6.7389
27.4112,6.81754
27.4556,6.62715
27.5148,5.88197
27.606,4.52175
27.6683,3.88923
27.7215,3.59077
27.7747,3.47833
27.8355,3.53737
27.8962,3.78042
27.968,4.33092
28.0308,5.12343
28.0846,6.13743
28.1369,7.54815
28.1888,9.50476
28.2417,12.1952
28.3697,20.2855
28.4158,22.1863
28.45,22.6366
28.491,21.9642
28.5457,19.3673
28.6603,12.0901
28.7139,9.42986
28.7663,7.52468
28.8186,6.17912
28.8688,5.27653
28.9329,4.5106
28.997,4.04734
29.0569,3.81552
29.1167,3.74456
29.1779,3.83257
29.2532,4.20042
29.31,4.738
29.3597,5.48899
29.4022,6.45127
29.4448,7.86147
29.481,9.57388
29.5158,11.8279
29.5527,15.0279
29.5953,19.8036
29.6853,31.1198
29.7182,33.7998
29.7497,34.7025
29.7841,33.6107
29.8272,29.6487
29.9218,17.6769
29.9625,13.5411
30.0014,10.5888
30.0347,8.73394
30.0762,7.07864
30.1177,5.93855
30.167,5.02471
30.2201,4.38396
30.2732,3.97714
30.3441,3.67763
30.4149,3.57483
30.4946,3.64267
30.6009,4.00875
30.7027,4.67819
30.8015,5.68064
30.9197,7.36372
31.0476,9.3795
31.1138,10.1101
31.1757,10.3607
31.2462,10.0475
31.3456,8.75232
31.5099,6.09618
31.6125,4.84824
31.6942,4.15035
31.7822,3.6504
31.8877,3.33836
31.9581,3.29202
32.0388,3.41396
32.1195,3.78123
32.1733,4.22741
32.225,4.89193
32.2681,5.71608
32.3111,6.92236
32.3482,8.42248
32.3853,10.5461
32.4197,13.2724
32.4554,17.0439
32.4991,22.9756
32.5801,35.2078
32.6203,39.1728
32.6497,40.1124
32.6818,39.0088
32.722,34.9186
32.8168,21.3188
32.8486,17.9107
32.8764,15.9225
32.9042,14.8979
32.924,14.6954
33.0153,15.9114
33.0509,15.3155
33.0816,13.8211
33.1388,9.59741
33.1764,6.90639
33.2057,5.27809
33.23,4.26816
33.2547,3.526
33.2794,3.00331
33.3103,2.56234
33.3515,2.19064
33.4092,1.87077
33.4916,1.58363
33.5925,1.35493
33.7221,1.16465
33.8702,1.02992
34.0183,0.949238
34.2529,0.892663
34.3393,0.889443
34.5738,0.923452
34.7496,0.994033
34.9379,1.12737
35.1107,1.32775
35.2464,1.5687
35.3699,1.89008
35.4701,2.26381
35.5673,2.77699
35.6553,3.43973
35.7309,4.2396
35.8034,5.30226
35.8728,6.69933
35.9475,8.73432
36.0438,12.1581
36.1462,15.833
36.1956,16.9571
36.241,17.3206
36.2943,16.8416
36.3622,15.0652
36.5214,9.50732
36.5941,7.59984
36.6519,6.48503
36.7206,5.54919
36.7808,4.99891
36.8711,4.51968
36.9847,4.31262
37.0248,4.30369
37.1586,4.33366
37.2967,4.17475
37.4305,3.68678
37.6935,2.41566
37.8272,1.92142
37.9609,1.5627
38.0946,1.30938
38.2506,1.10832
38.4178,0.971759
38.585,0.895831
38.741,0.873584
38.868,0.894869
38.995,0.967129
39.0926,1.07922
39.1658,1.21701
39.2451,1.44932
39.3109,1.73679
39.3912,2.22535
39.5219,3.12826
39.5787,3.34668
39.6035,3.3761
39.6624,3.27856
39.7405,2.89053
39.8439,2.3227
39.9083,2.09559
39.9708,1.99549
39.9903,1.98773
40.0606,2.04942
40.1309,2.25743
40.1968,2.61246
40.2517,3.06541
40.3066,3.71041
40.3638,4.64496
40.4325,6.16284
40.5556,9.3483
40.608,10.2445
40.6496,10.4781
40.692,10.2215
40.7492,9.19187
40.8942,5.43675
40.9529,4.24256
41.0101,3.37485
41.0705,2.72265
41.1288,2.28201
41.201,1.91699
41.2699,1.69841
41.3526,1.55898
41.4139,1.5276
41.4636,1.54357
41.5506,1.65415
41.7314,2.01459
41.7853,2.04763
41.849,1.99247
41.9495,1.73659
42.0942,1.30599
42.1861,1.12308
42.278,1.02149
42.376,0.988364
42.4562,1.01495
42.5363,1.0969
42.6076,1.2325
42.679,1.45372
42.7432,1.75575
42.8098,2.19638
42.9587,3.43472
43.0196,3.74447
43.0519,3.78977
43.1033,3.67511
43.1718,3.24089
43.2974,2.24805
43.364,1.86939
43.4115,1.68709
43.4734,1.54904
43.5352,1.511
43.5916,1.56353
43.648,1.71595
43.6958,1.95014
43.7435,2.31714
43.7921,2.86502
43.8478,3.72901
43.9498,5.55952
43.9969,6.10402
44.03,6.22734
44.0707,6.04899
44.1217,5.39566
44.2401,3.33131
44.2926,2.65079
44.3404,2.22521
44.3802,1.98898
44.4348,1.79747
44.5033,1.71474
44.5656,1.75606
44.6279,1.90112
44.689,2.15746
44.7477,2.53484
44.8161,3.1708
44.905,4.28939
44.994,5.41324
45.0526,5.83882
45.0804,5.89345
45.1269,5.75543
45.1973,5.09775
45.3341,3.38701
45.4001,2.7722
45.4661,2.35284
45.5301,2.09867
45.5903,1.96353
45.6706,1.9008
45.7421,1.93664
45.8136,2.05207
45.903,2.31698
45.9941,2.75752
46.0817,3.39533
46.1568,4.15148
46.2598,5.50471
46.3799,7.18644
46.4657,7.913
46.5017,7.99254
46.5744,7.70807
46.6559,6.83913
46.8146,4.78268
46.9004,3.97437
46.9782,3.50201
47.0559,3.26038
47.1077,3.22192
47.19,3.37704
47.2585,3.75885
47.3134,4.29971
47.3678,5.14187
47.4167,6.26905
47.463,7.77041
47.5123,9.93687
47.5803,13.8211
47.6593,18.5772
47.7032,20.4278
47.7485,21.14
47.791,20.5243
47.8436,18.2695
47.9749,10.2889
48.0279,7.75587
48.0718,6.17023
48.1165,4.96056
48.1677,3.96371
48.2198,3.24684
48.2747,2.71029
48.3387,2.27015
48.4118,1.92595
48.5014,1.65173
48.6056,1.46554
48.7098,1.38162
48.7565,1.37297
48.8498,1.41176
48.9431,1.54317
49.0205,1.75754
49.0813,2.03486
49.1338,2.40024
49.1821,2.90182
49.2236,3.52564
49.265,4.41221
49.3037,5.56243
49.3465,7.28908
49.3921,9.68181
49.496,16.0109
49.5424,17.9179
49.5798,18.4292
49.6154,17.9428
49.6596,16.1721
49.7886,8.41628
49.8301,6.44158
49.8681,5.04774
49.9067,3.98962
49.9461,3.20654
49.9876,2.61478
50.0359,2.12928
50.0912,1.74794
50.1478,1.47689
50.2238,1.22892
50.315,1.03564
50.4042,0.912367
50.4893,0.832853
50.6028,0.765218
50.773,0.721067
50.8298,0.718601
50.9712,0.736968
51.1127,0.794002
51.26,0.909202
51.3779,1.06466
51.4811,1.27612
51.5695,1.54758
51.6461,1.88787
51.7183,2.34107
51.7861,2.92786
51.8597,3.78284
52.051,6.55636
52.1217,7.12002
52.1495,7.17194
52.2019,6.98764
52.2726,6.2435
52.4447,3.70933
52.5154,2.90103
52.5861,2.29971
52.6569,1.86593
52.7394,1.51113
52.8248,1.25872
52.928,1.05323
53.0458,0.90085
53.1637,0.803099
53.2816,0.74075
53.4466,0.693193
53.6116,0.678559
53.8325,0.699712
54.0534,0.765625
54.2681,0.884301
54.4559,1.05415
54.6091,1.26646
54.7354,1.52267
54.849,1.85362
54.9485,2.26635
55.0401,2.80561
55.1174,3.44234
55.1964,4.34554
55.2722,5.55065
55.3464,7.13894
55.4427,9.79399
55.5639,13.2303
55.6296,14.3491
55.6705,14.5618
55.7407,13.9823
55.8152,12.3263
55.9763,7.83707
56.0521,6.21019
56.1267,5.04026
56.195,4.28384
56.2633,3.75623
56.3426,3.35727
56.4166,3.14144
56.5152,3.03698
56.6032,3.09604
56.7132,3.36477
56.8232,3.86675
56.9457,4.72627
57.1891,6.98884
57.2695,7.51094
57.3428,7.68216
57.4224,7.48231
57.523,6.73842
57.7805,4.12924
57.9032,3.18911
58.0088,2.59461
58.1144,2.15725
58.2275,1.81756
58.3633,1.5348
58.5217,1.32475
58.6575,1.22025
58.7933,1.17448
58.8385,1.17214
58.9924,1.21977
59.1052,1.32554
59.1973,1.47905
59.2895,1.72467
59.3755,2.07934
59.4492,2.51982
59.5339,3.21839
59.7071,5.01318
59.7809,5.52174
59.8288,5.62481
59.8988,5.4081
59.9872,4.64706
60.1371,3.0718
60.22,2.40796
60.2892,2.00401
60.3721,1.66366
60.4412,1.4692
60.5258,1.30957
60.6399,1.19272
60.7375,1.16266
60.8389,1.19588
60.9403,1.30461
61.0234,1.463
61.1343,1.77977
61.2918,2.29791
61.373,2.43978
61.4,2.44983
61.4811,2.36139
61.6015,2.0024
61.7414,1.55771
61.8259,1.37202
61.9273,1.24137
62.0355,1.19699
62.1167,1.22389
62.1978,1.31109
62.2787,1.48146
62.3494,1.73087
62.4191,2.09971
62.5068,2.73977
62.6081,3.51926
62.666,3.79803
62.7095,3.86071
62.7681,3.7327
62.8498,3.26443
62.9545,2.58841
63.0239,2.28074
63.093,2.12025
63.1275,2.08937
63.2118,2.13016
63.3137,2.36112
63.566,3.29802
63.6794,3.49827
63.7549,3.51684
63.8062,3.51346
63.9277,3.60999
64.0167,3.88834
64.1058,4.42263
64.1901,5.23229
64.2745,6.41998
64.3622,8.13758
64.4838,11.2763
64.6341,15.1953
64.7515,17.0588
65.0303,19.3857
65.0414,19.3948
65.1277,18.7007
65.2162,16.5002
65.3871,10.7811
65.4696,8.77219
65.5249,7.8639
65.5802,7.28827
65.6355,7.01973
65.6632,6.99632
65.731,7.25924
65.7989,8.0266
65.8619,9.27894
65.933,11.4167
66.0259,15.2713
66.1345,19.8676
66.1894,21.2275
66.2263,21.5056
66.2747,21.0119
66.3458,18.7479
66.5144,10.9043
66.5829,8.39958
66.6454,6.69377
66.7095,5.42169
66.7737,4.5138
66.8436,3.81834
66.9043,3.39109
66.9954,2.97003
67.0982,2.73105
67.1707,2.68532
67.2892,2.79404
67.4578,3.21036
67.5738,3.646
67.6686,4.23182
67.8553,5.94241
67.924,6.25038
67.9389,6.25687
68.0057,5.99432
68.0883,5.13233
68.2216,3.42821
68.2947,2.70761
68.3608,2.23658
68.4305,1.89051
68.5117,1.62149
68.6046,1.42575
68.7206,1.27924
68.8599,1.1861
69.0642,1.14316
69.2884,1.18093
69.482,1.27733
69.6541,1.42338
69.8154,1.63623
69.9499,1.90581
70.0574,2.22161
70.1784,2.7338
70.5446,4.76977
70.6651,5.55785
70.7512,6.49319
70.8266,7.76634
70.8913,9.33635
70.9639,11.7917
71.0363,15.1098
71.1297,20.595
71.4324,40.6957
71.5748,52.4459
71.6399,55.7999
71.6733,56.1298
71.7234,54.4625
71.7918,48.3252
71.9499,28.1608
72.0117,22.0306
72.0726,17.6703
72.1247,15.064
72.1943,12.763
72.2596,11.3947
72.3552,10.1761
72.4531,9.61869
72.4759,9.59291
72.5542,9.8468
72.6301,10.6309
72.7139,12.1809
72.7819,14.2003
72.8363,16.6447
72.8952,20.4987
72.9665,26.9114
73.055,35.3147
73.1076,38.3716
73.1398,38.935
73.1915,37.5823
73.2544,33.0697
73.3424,25.6977
73.385,23.1935
73.4284,21.7484
73.4728,21.3517
73.5527,22.4974
73.7335,27.1298
73.8086,27.9043
73.872,26.96
73.9326,24.3946
74.1018,13.5443
74.1574,10.8009
74.2131,8.84566
74.2587,7.73336
74.3317,6.55859
74.4707,5.11679
74.652,3.4893
74.7562,2.77691
74.8593,2.28778
74.9476,2.00511
75.0359,1.8124
75.1537,1.65374
75.2935,1.57305
75.3401,1.56904
75.4623,1.61597
75.5844,1.76636
75.6808,1.98963
75.7772,2.34119
75.8916,2.94662
76.0729,4.01593
76.1706,4.3223
76.2477,4.37551
76.3197,4.36222
76.3968,4.41241
76.5009,4.73707
76.6827,5.55903
76.8827,5.77617
76.9609,6.14259
77.0251,6.79672
77.1119,8.18473
77.2258,10.2244
77.2883,10.9018
77.3283,11.0169
77.3842,10.7124
77.4551,9.65658
77.6166,6.32006
77.6895,5.14658
77.7547,4.41112
77.8198,3.9458
77.8996,3.68712
77.9273,3.6686
77.998,3.77802
78.0686,4.10987
78.1581,4.83107
78.419,7.59751
78.6918,9.98831
78.7772,10.2393
78.8569,9.86257
78.9537,8.66778
79.1231,5.99981
79.2066,4.98989
79.2933,4.27012
79.4163,3.64173
79.6321,2.68079
79.7891,1.96039
79.8854,1.63356
79.9956,1.37971
80.1057,1.22105
80.2563,1.10665
80.3724,1.08056
80.4956,1.11402
80.5983,1.20671
80.7009,1.385
80.8036,1.66671
80.9884,2.26455
81.089,2.44638
81.2415,2.58911
81.3195,2.81854
81.3785,3.16549
81.4465,3.80176
81.5379,5.02191
81.6498,6.55542
81.7157,7.02866
81.74,7.06857
81.7955,6.86998
81.8649,6.14651
82.0175,3.99282
82.0869,3.26322
82.1443,2.85514
82.2043,2.59972
82.2757,2.48517
82.2872,2.48316
82.3558,2.55079
82.4472,2.80866
82.7822,4.11234
82.8645,4.70066
82.9363,5.56531
83.0295,7.20364
83.1675,9.82105
83.3587,12.443
83.4194,13.8792
83.4966,16.6874
83.657,23.8667
83.7271,25.3882
83.7415,25.4443
83.8025,24.5973
83.8648,22.0667
84.043,11.4272
84.1024,8.6269
84.1523,6.832
84.206,5.40076
84.2597,4.3779
84.3134,3.65265
84.371,3.10822
84.4285,2.73264
84.4946,2.44928
84.5805,2.24697
84.7054,2.16044
84.7279,2.15894
85.0119,2.22808
85.2378,2.40205
85.3452,2.3189
85.4357,2.11093
85.6533,1.46441
85.724,1.31402
85.7946,1.21426
85.8865,1.16729
85.9459,1.19154
86.0222,1.28963
86.2265,1.72853
86.2904,1.77777
86.3671,1.71012
86.4613,1.48241
86.5876,1.14914
86.6674,1.01482
86.7393,0.957711
86.7633,0.951322
86.8296,0.965076
86.8958,1.02647
86.9645,1.14804
87.0331,1.34125
87.1109,1.65717
87.2802,2.51598
87.3424,2.72159
87.3929,2.77699
87.4595,2.68096
87.5492,2.31964
87.6828,1.67748
87.7606,1.40887
87.8293,1.26015
87.8979,1.18463
87.9391,1.1697
88.0171,1.19819
88.0952,1.30189
88.1642,1.46252
88.2562,1.78213
88.4799,2.75684
88.9676,4.22057
89.0879,4.72323
89.3029,5.94592
89.4315,6.21603
89.6248,6.4908
89.8344,7.21556
89.8752,7.26089
89.9647,7.03208
90.0452,6.40344
90.2549,4.03531
90.3382,3.34065
90.4148,2.92785
90.4915,2.71133
90.5558,2.65695
90.6507,2.74257
91.0004,3.57299
91.4247,4.30867
91.6191,4.70938
92.1094,6.43315
92.3109,7.52232
92.3623,7.60589
92.448,7.28559
92.5491,6.26861
92.6672,4.9415
92.7459,4.36583
92.8238,4.12606
92.8426,4.11266
92.9552,4.27753
93.1175,4.6309
93.1446,4.63726
93.2582,4.43013
93.4788,3.63116
93.5695,3.51363
93.6755,3.6408
93.8141,4.14985
94.139,5.61108
94.4242,6.62289
94.5396,7.35128
94.6916,8.99258
94.886,11.1543
95.043,12.7542
95.1294,14.3092
95.2329,17.238
95.3989,22.7016
95.4714,23.8849
95.4955,23.9587
95.5631,23.2223
95.6477,20.5832
95.8451,11.972
95.9296,9.09544
96.0021,7.26774
96.0782,5.8882
96.1543,4.93723
96.2177,4.39714
96.3018,3.96101
96.402,3.7791
96.5192,3.88359
96.6486,4.03068
96.737,3.9215
96.8552,3.47036
96.9972,2.85928
97.0684,2.68362
97.1297,2.63652
97.2199,2.74397
97.3481,3.15607
97.4835,3.58531
97.7184,3.86373
97.8143,4.15967
98.0779,5.55585
98.3132,6.19011
98.3912,6.78104
98.4681,7.83416
98.5924,10.3502
98.705,12.5213
98.8138,13.7024
98.947,14.7979
99.1125,16.6721
99.1297,16.7134
99.2012,16.1537
99.2726,14.3667
99.4502,7.85455
99.5139,6.05464
99.5742,4.81191
99.6318,3.9681
99.7037,3.22686
99.7912,2.58283
99.8861,2.0629
99.9698,1.73453
99.9849,1.68843
100.0,1.64629
100.0,6.58427
109.051,6.30008
117.64,6.06149
129.41,5.77418
140.162,5.54421
153.19,5.29887
168.495,5.04804
183.573,4.83246
200.0,4.62609
221.336,4.39258
245.726,4.16412
263.879,4.0152
287.441,3.8435
309.733,3.69941
338.156,3.53666
372.89,3.36382
412.449,3.19443
441.802,3.08385
479.795,2.9562
521.478,2.83253
561.308,2.72748
607.366,2.61925
667.65,2.49502
731.915,2.37999
791.308,2.28647
860.302,2.19036
951.08,2.08033
1044.27,1.98293
1132.64,1.90213
1257.08,1.80325
1332.21,1.75044
1474.64,1.66171
1637.49,1.57492
1758.72,1.51835
1916.1,1.45315
2103.98,1.3856
2299.12,1.32475
2528.32,1.26253
2754.08,1.20902
3000.0,1.15779
3288.4,1.10653
3550.98,1.06538
3868.16,1.02135
4239.49,0.976198
4604.07,0.937267
5000.0,0.899888
5438.79,0.864496
5792.97,0.838868
6367.95,0.801844
7000.0,0.766454
7652.86,0.736042
8182.15,0.714027
9045.53,0.682233
10000.0,0.651855
11326.4,0.619912
12570.8,0.594383
14118.2,0.567189
15913.7,0.540447
17267.2,0.522941
19044.1,0.50268
20000.0,0.492846
22991.2,0.47039
25283.2,0.455668
28337.3,0.438609
30000.0,0.430321
34820.8,0.41475
39565.0,0.401853
40000.0,0.400804
40000.0,0.400795
50000.0,0.369328
76469.3,0.331861
114018.0,0.29748
200000.0,0.233119
289020.0,0.194169
395929.0,0.166384
560349.0,0.136816
748332.0,0.112432
1063420.0,0.0815055
1269270.0,0.0667513
1496210.0,0.0521357
1770670.0,0.0383747
1970800.0,0.0299588
2171250.0,0.022999
2413750.0,0.0167961
2613740.0,0.0128819
2845320.0,0.00940186
3029180.0,0.00737488
3205480.0,0.00589449
3389970.0,0.00472191
3584990.0,0.00377169
3771940.0,0.003066
4000000.0,0.00241365
4241420.0,0.0019401
4500000.0,0.00155611
4890400.0,0.00122193
5000000.0,0.00114469
5500000.0,9.62628E-4
6000000.0,9.29803E-4
6750000.0,9.68334E-4
7000000.0,9.89922E-4
7592990.0,0.00112558
8500000.0,0.00140073
9000000.0,0.00149396
9500000.0,0.00153017
1.05E7,0.00151005
1.2E7,0.00130172
1.4E7,8.63295E-4
1.55E7,6.28787E-4
1.61868E7,5.68482E-4
1.7E7,4.83601E-4
1.75E7,4.64471E-4
1.8E7,4.23928E-4
1.87467E7,4.00658E-4
1.95E7,3.68795E-4
2.0E7,3.62041E-4
