1e-05
1.02804473209e-05
1.05687597118e-05
1.08651577465e-05
1.11698681847e-05
1.14831241454e-05
1.18051652857e-05
1.21362379834e-05
1.24765955263e-05
1.28264983053e-05
1.31862140139e-05
1.35560178533e-05
1.39361927422e-05
1.43270295341e-05
1.47288272391e-05
1.5141893253e-05
1.55665435927e-05
1.60031031374e-05
1.64519058775e-05
1.69132951703e-05
1.73876240022e-05
1.7875255259e-05
1.83765620039e-05
1.88919277621e-05
1.94217468149e-05
1.99664245011e-05
2.05263775271e-05
2.11020342857e-05
2.16938351839e-05
2.23022329797e-05
2.29276931287e-05
2.357069414e-05
2.42317279424e-05
2.49113002607e-05
2.56099310026e-05
2.63281546565e-05
2.70665207003e-05
2.78255940221e-05
2.86059553518e-05
2.94082017059e-05
3.02329468441e-05
3.10808217387e-05
3.19524750576e-05
3.28485736603e-05
3.37698031083e-05
3.47168681893e-05
3.56904934568e-05
3.6691423784e-05
3.77204249342e-05
3.87782841459e-05
3.98658107358e-05
4.09838367176e-05
4.21332174385e-05
4.33148322338e-05
4.45295850994e-05
4.57784053838e-05
4.70622484984e-05
4.83820966493e-05
4.97389595879e-05
5.11338753841e-05
5.25679112202e-05
5.40421642071e-05
5.5557762224e-05
5.71158647813e-05
5.87176639073e-05
6.03643850608e-05
6.20572880678e-05
6.37976680861e-05
6.55868565957e-05
6.74262224178e-05
6.93171727616e-05
7.12611543011e-05
7.32596542822e-05
7.53142016597e-05
7.74263682681e-05
7.95977700231e-05
8.18300681587e-05
8.41249704974e-05
8.64842327573e-05
8.89096598953e-05
9.14031074876e-05
9.39664831495e-05
9.66017479952e-05
9.93109181375e-05
0.000102096066231
0.000104959323056
0.000107902879152
0.00011092898649
0.000114039960197
0.000117238180329
0.000120526093687
0.000123906215695
0.000127381132319
0.000130953502048
0.00013462605793
0.000138401609657
0.000142283045721
0.00014627333562
0.00015037553213
0.000154592773642
0.000158928286562
0.000163385387781
0.000167967487209
0.000172678090388
0.000177520801172
0.000182499324482
0.000187617469144
0.000192879150802
0.000198288394913
0.000203849339825
0.000209566239948
0.000215443469003
0.000221485523373
0.000227697025538
0.000234082727618
0.000240647515002
0.000247396410089
0.00025433457613
0.00026146732118
0.000268800102154
0.000276338529005
0.000284088369018
0.000292055551218
0.000300246170909
0.000308666494334
0.000317322963473
0.000326222200971
0.0003353710152
0.000344776405473
0.000354445567397
0.000364385898376
0.000374605003275
0.000385110700233
0.000395911026647
0.000407014245322
0.00041842885079
0.000430163575811
0.000442227398051
0.000454629546953
0.000467379510799
0.000480487043966
0.000493962174388
0.000507815211233
0.000522056752785
0.000536697694554
0.000551749237613
0.000567222897164
0.000583130511353
0.000599484250319
0.000616296625513
0.000633580499266
0.000651349094627
0.000669616005485
0.000688395206965
0.000707701066118
0.00072754835292
0.000747952251562
0.000768928372076
0.00079049276227
0.000812661920009
0.000835452805838
0.000858882855955
0.000882969995549
0.000907732652521
0.000933189771573
0.000959360828709
0.000986265846131
0.00101392540756
0.00104236067398
0.00107159339982
0.00110164594963
0.00113254131515
0.00116430313292
0.00119695570236
0.00123052400436
0.0012650337204
0.00130051125217
0.00133698374182
0.00137447909268
0.0014130259906
0.00145265392595
0.00149339321612
0.00153527502878
0.00157833140565
0.00162259528708
0.0016681005372
0.00171488196987
0.00176297537529
0.00181241754737
0.00186324631193
0.00191550055557
0.00196922025548
0.00202444650998
0.00208122156999
0.00213958887134
0.00219959306803
0.00226128006634
0.00232469705999
0.00238989256623
0.00245691646298
0.00252582002696
0.00259665597293
0.00266947849403
0.00274434330323
0.00282130767594
0.00290043049386
0.00298177229002
0.00306539529506
0.00315136348487
0.00323974262953
0.00333060034362
0.00342400613797
0.0035200314728
0.00361874981241
0.00372023668141
0.00382456972247
0.00393182875571
0.0040420958398
0.00415545533472
0.00427199396631
0.0043918008926
0.00451496777204
0.00464158883361
0.00477176094894
0.00490558370637
0.00504315948717
0.00518459354389
0.00532999408084
0.0054794723369
0.0056331426706
0.00579112264764
0.00595353313081
0.00612049837248
0.00629214610961
0.00646860766155
0.00665001803043
0.00683651600451
0.00702824426431
0.00722534949179
0.00742798248256
0.00763629826128
0.0078504562002
0.00807062014115
0.00829695852083
0.00852964449974
0.00876885609459
0.00901477631452
0.00926759330115
0.00952750047243
0.0097946966707
0.0100693863148
0.0103517795563
0.0106420924406
0.0109405470721
0.0112473717836
0.0115628013121
0.0118870769771
0.0122204468663
0.0125631660247
0.0129154966501
0.0132777082936
0.0136500780655
0.0140328908479
0.0144264395122
0.0148310251434
0.0152469572702
0.0156745541021
0.0161141427725
0.0165660595895
0.0170306502925
0.0175082703174
0.0179992850678
0.0185040701954
0.0190230118867
0.0195565071587
0.0201049641626
0.0206688024963
0.021248453525
0.0218443607115
0.0224569799554
0.0230867799419
0.0237342425002
0.0243998629726
0.0250841505928
0.0257876288759
0.0265108360191
0.0272543253128
0.0280186655646
0.028804441534
0.0296122543799
0.0304427221206
0.0312964801067
0.0321741815068
0.0330764978074
0.034004119327
0.0349577557436
0.035938136638
0.036946012052
0.0379821530619
0.0390473523689
0.040142424905
0.041268208457
0.0424255643072
0.0436153778921
0.0448385594802
0.0460960448683
0.0473887960972
0.0487178021879
0.0500840798985
0.0514886745014
0.0529326605836
0.0544171428687
0.0559432570617
0.0575121707184
0.0591250841383
0.060783231283
0.0624878807201
0.0642403365939
0.0660419396233
0.067894068127
0.0697981390783
0.0717556091894
0.0737679760253
0.07583677915
0.0779636013041
0.0801500696157
0.0823978568453
0.0847086826656
0.0870843149769
0.08952657126
0.0920373199662
0.0946184819472
0.0972720319245
0.1
0.102804473209
0.105687597118
0.108651577465
0.111698681847
0.114831241454
0.118051652857
0.121362379834
0.124765955263
0.128264983053
0.131862140139
0.135560178533
0.139361927422
0.143270295341
0.147288272391
0.15141893253
0.155665435927
0.160031031374
0.164519058775
0.169132951703
0.173876240022
0.17875255259
0.183765620039
0.188919277621
0.194217468149
0.199664245011
0.205263775271
0.211020342857
0.216938351839
0.223022329797
0.229276931287
0.2357069414
0.242317279424
0.249113002607
0.256099310026
0.263281546565
0.270665207003
0.278255940221
0.286059553518
0.294082017059
0.302329468441
0.310808217387
0.319524750576
0.328485736603
0.337698031083
0.347168681893
0.356904934568
0.36691423784
0.377204249342
0.387782841459
0.398658107358
0.409838367176
0.421332174385
0.433148322338
0.445295850994
0.457784053838
0.470622484984
0.483820966493
0.497389595879
0.511338753841
0.525679112202
0.540421642071
0.55557762224
0.571158647813
0.587176639073
0.603643850608
0.620572880678
0.637976680861
0.655868565957
0.674262224178
0.693171727616
0.712611543011
0.732596542822
0.753142016597
0.774263682681
0.795977700231
0.818300681587
0.841249704974
0.864842327573
0.889096598953
0.914031074876
0.939664831495
0.966017479952
0.993109181375
1.02096066231
1.04959323056
1.07902879152
1.1092898649
1.14039960197
1.17238180329
1.20526093687
1.23906215695
1.27381132319
1.30953502048
1.3462605793
1.38401609657
1.42283045721
1.4627333562
1.5037553213
1.54592773642
1.58928286562
1.63385387781
1.67967487209
1.72678090388
1.77520801172
1.82499324482
1.87617469144
1.92879150802
1.98288394913
2.03849339825
2.09566239948
2.15443469003
2.21485523373
2.27697025538
2.34082727618
2.40647515002
2.47396410089
2.5433457613
2.6146732118
2.68800102154
2.76338529005
2.84088369018
2.92055551218
3.00246170909
3.08666494334
3.17322963473
3.26222200971
3.353710152
3.44776405473
3.54445567397
3.64385898376
3.74605003275
3.85110700233
3.95911026647
4.07014245322
4.1842885079
4.30163575811
4.42227398051
4.54629546953
4.67379510799
4.80487043966
4.93962174388
5.07815211233
5.22056752785
5.36697694554
5.51749237613
5.67222897164
5.83130511353
5.99484250319
6.16296625513
6.33580499266
6.51349094627
6.69616005485
6.88395206965
7.07701066118
7.2754835292
7.47952251562
7.68928372076
7.9049276227
8.12661920009
8.35452805838
8.58882855955
8.82969995549
9.07732652521
9.33189771573
9.59360828709
9.86265846131
10.1392540756
10.4236067398
10.7159339982
11.0164594963
11.3254131515
11.6430313292
11.9695570236
12.3052400436
12.650337204
13.0051125217
13.3698374182
13.7447909268
14.130259906
14.5265392595
14.9339321612
15.3527502878
15.7833140565
16.2259528708
16.681005372
17.1488196987
17.6297537529
18.1241754737
18.6324631193
19.1550055557
19.6922025548
20.2444650998
20.8122156999
21.3958887134
21.9959306803
22.6128006634
23.2469705999
23.8989256623
24.5691646298
25.2582002696
25.9665597293
26.6947849403
27.4434330323
28.2130767594
29.0043049386
29.8177229002
30.6539529506
31.5136348487
32.3974262953
33.3060034362
34.2400613797
35.200314728
36.1874981241
37.2023668141
38.2456972247
39.3182875571
40.420958398
41.5545533472
42.7199396631
43.918008926
45.1496777204
46.4158883361
47.7176094894
49.0558370637
50.4315948717
51.8459354389
53.2999408084
54.794723369
56.331426706
57.9112264764
59.5353313081
61.2049837248
62.9214610961
64.6860766155
66.5001803043
68.3651600451
70.2824426431
72.2534949179
74.2798248256
76.3629826128
78.504562002
80.7062014115
82.9695852083
85.2964449974
87.6885609459
90.1477631452
92.6759330115
95.2750047243
97.946966707
100.693863148
103.517795563
106.420924406
109.405470721
112.473717836
115.628013121
118.870769771
122.204468663
125.631660247
129.154966501
132.777082936
136.500780655
140.328908479
144.264395122
148.310251434
152.469572702
156.745541021
161.141427725
165.660595895
170.306502925
175.082703174
179.992850678
185.040701954
190.230118867
195.565071587
201.049641626
206.688024963
212.48453525
218.443607115
224.569799554
230.867799419
237.342425002
243.998629726
250.841505928
257.876288759
265.108360191
272.543253128
280.186655646
288.04441534
296.122543799
304.427221206
312.964801067
321.741815068
330.764978074
340.04119327
349.577557436
359.38136638
369.46012052
379.821530619
390.473523689
401.42424905
412.68208457
424.255643072
436.153778921
448.385594802
460.960448683
473.887960972
487.178021879
500.840798985
514.886745014
529.326605836
544.171428687
559.432570617
575.121707184
591.250841383
607.83231283
624.878807201
642.403365939
660.419396233
678.94068127
697.981390783
717.556091894
737.679760253
758.3677915
779.636013041
801.500696157
823.978568453
847.086826656
870.843149769
895.2657126
920.373199662
946.184819472
972.720319245
1000.0
1028.04473209
1056.87597118
1086.51577465
1116.98681847
1148.31241454
1180.51652857
1213.62379834
1247.65955263
1282.64983053
1318.62140139
1355.60178533
1393.61927422
1432.70295341
1472.88272391
1514.1893253
1556.65435927
1600.31031374
1645.19058775
1691.32951703
1738.76240022
1787.5255259
1837.65620039
1889.19277621
1942.17468149
1996.64245011
2052.63775271
2110.20342857
2169.38351839
2230.22329797
2292.76931287
2357.069414
2423.17279424
2491.13002607
2560.99310026
2632.81546565
2706.65207003
2782.55940221
2860.59553518
2940.82017059
3023.29468441
3108.08217387
3195.24750576
3284.85736603
3376.98031083
3471.68681893
3569.04934568
3669.1423784
3772.04249342
3877.82841459
3986.58107358
4098.38367176
4213.32174385
4331.48322338
4452.95850994
4577.84053838
4706.22484984
4838.20966493
4973.89595879
5113.38753841
5256.79112202
5404.21642071
5555.7762224
5711.58647813
5871.76639073
6036.43850608
6205.72880678
6379.76680861
6558.68565957
6742.62224178
6931.71727616
7126.11543011
7325.96542822
7531.42016597
7742.63682681
7959.77700231
8183.00681587
8412.49704974
8648.42327573
8890.96598953
9140.31074876
9396.64831495
9660.17479952
9931.09181375
10209.6066231
10495.9323056
10790.2879152
11092.898649
11403.9960197
11723.8180329
12052.6093687
12390.6215695
12738.1132319
13095.3502048
13462.605793
13840.1609657
14228.3045721
14627.333562
15037.553213
15459.2773642
15892.8286562
16338.5387781
16796.7487209
17267.8090388
17752.0801172
18249.9324482
18761.7469144
19287.9150802
19828.8394913
20384.9339825
20956.6239948
21544.3469003
22148.5523373
22769.7025538
23408.2727618
24064.7515002
24739.6410089
25433.457613
26146.732118
26880.0102154
27633.8529005
28408.8369018
29205.5551218
30024.6170909
30866.6494334
31732.2963473
32622.2200971
33537.10152
34477.6405473
35444.5567397
36438.5898376
37460.5003275
38511.0700233
39591.1026647
40701.4245322
41842.885079
43016.3575811
44222.7398051
45462.9546953
46737.9510799
48048.7043966
49396.2174388
50781.5211233
52205.6752785
53669.7694554
55174.9237613
56722.2897164
58313.0511353
59948.4250319
61629.6625513
63358.0499266
65134.9094627
66961.6005485
68839.5206965
70770.1066118
72754.835292
74795.2251562
76892.8372076
79049.276227
81266.1920009
83545.2805838
85888.2855955
88296.9995549
90773.2652521
93318.9771573
95936.0828709
98626.5846131
101392.540756
104236.067398
107159.339982
110164.594963
113254.131515
116430.313292
119695.570236
123052.400436
126503.37204
130051.125217
133698.374182
137447.909268
141302.59906
145265.392595
149339.321612
153527.502878
157833.140565
162259.528708
166810.05372
171488.196987
176297.537529
181241.754737
186324.631193
191550.055557
196922.025548
202444.650998
208122.156999
213958.887134
219959.306803
226128.006634
232469.705999
238989.256623
245691.646298
252582.002696
259665.597293
266947.849403
274434.330323
282130.767594
290043.049386
298177.229002
306539.529506
315136.348487
323974.262953
333060.034362
342400.613797
352003.14728
361874.981241
372023.668141
382456.972247
393182.875571
404209.58398
415545.533472
427199.396631
439180.08926
451496.777204
464158.883361
477176.094894
490558.370637
504315.948717
518459.354389
532999.408084
547947.23369
563314.26706
579112.264764
595353.313081
612049.837248
629214.610961
646860.766155
665001.803043
683651.600451
702824.426431
722534.949179
742798.248256
763629.826128
785045.62002
807062.014115
829695.852083
852964.449974
876885.609459
901477.631452
926759.330115
952750.047243
979469.66707
1006938.63148
1035177.95563
1064209.24406
1094054.70721
1124737.17836
1156280.13121
1188707.69771
1222044.68663
1256316.60247
1291549.66501
1327770.82936
1365007.80655
1403289.08479
1442643.95122
1483102.51434
1524695.72702
1567455.41021
1611414.27725
1656605.95895
1703065.02925
1750827.03174
1799928.50678
1850407.01954
1902301.18867
1955650.71587
2010496.41626
2066880.24963
2124845.3525
2184436.07115
2245697.99554
2308677.99419
2373424.25002
2439986.29726
2508415.05928
2578762.88759
2651083.60191
2725432.53128
2801866.55646
2880444.1534
2961225.43799
3044272.21206
3129648.01067
3217418.15068
3307649.78074
3400411.9327
3495775.57436
3593813.6638
3694601.2052
3798215.30619
3904735.23689
4014242.4905
4126820.8457
4242556.43072
4361537.78921
4483855.94802
4609604.48683
4738879.60972
4871780.21879
5008407.98985
5148867.45014
5293266.05836
5441714.28687
5594325.70617
5751217.07184
5912508.41383
6078323.1283
6248788.07201
6424033.65939
6604193.96233
6789406.8127
6979813.90783
7175560.91894
7376797.60253
7583677.915
7796360.13041
8015006.96157
8239785.68453
8470868.26656
8708431.49769
8952657.126
9203731.99662
9461848.19472
9727203.19245
10000000.0
