0.00316166610729
0.00320567620846
0.00325029843176
0.00329554127005
0.00334141333314
0.00338792334934
0.0034350801671
0.00348289275658
0.00353137021128
0.00358052174972
0.0036303567171
0.00368088458698
0.00373211496301
0.00378405758066
0.00383672230896
0.0038901191523
0.0039442582522
0.00399914988915
0.00405480448444
0.004111232602
0.00416844495035
0.00422645238441
0.0042852659075
0.00434489667325
0.0044053559876
0.00446665531076
0.00452880625925
0.00459182060791
0.00465571029201
0.00472048740927
0.00478616422201
0.00485275315927
0.00492026681893
0.00498871796994
0.00505811955445
0.00512848469009
0.00519982667217
0.00527215897595
0.00534549525895
0.00541984936322
0.00549523531773
0.00557166734065
0.0056491598418
0.00572772742499
0.00580738489047
0.00588814723737
0.00597002966616
0.00605304758114
0.00613721659295
0.00622255252107
0.0063090713964
0.00639678946383
0.0064857231848
0.00657588923993
0.00666730453165
0.00675998618682
0.00685395155943
0.00694921823324
0.00704580402453
0.00714372698476
0.00724300540334
0.00734365781037
0.00744570297938
0.00754915993012
0.00765404793135
0.00776038650362
0.00786819542212
0.00797749471943
0.00808830468842
0.00820064588502
0.00831453913114
0.00843000551741
0.00854706640614
0.00866574343409
0.00878605851537
0.00890803384427
0.0090316918981
0.00915705544006
0.00928414752207
0.00941299148757
0.00954361097439
0.0096760299175
0.00981027255185
0.00994636341509
0.0100843273504
0.0102241895091
0.0103659753535
0.0105097106594
0.010655421519
0.0108031343431
0.0109528758641
0.0111046731383
0.0112585535482
0.0114145448055
0.0115726749528
0.0117329723663
0.0118954657581
0.012060184178
0.0122271570162
0.0123964140047
0.0125679852197
0.0127419010831
0.0129181923647
0.0130968901834
0.0132780260091
0.0134616316637
0.013647739323
0.0138363815174
0.014027591133
0.0142214014127
0.0144178459566
0.0146169587229
0.0148187740282
0.0150233265474
0.0152306513142
0.0154407837204
0.0156537595159
0.0158696148078
0.0160883860596
0.0163101100901
0.0165348240717
0.0167625655292
0.0169933723374
0.017227282719
0.0174643352419
0.0177045688163
0.0179480226912
0.0181947364508
0.0184447500106
0.0186981036124
0.0189548378197
0.0192149935123
0.0194786118801
0.0197457344171
0.0200164029142
0.0202906594517
0.0205685463913
0.0208501063678
0.0211353822793
0.0214244172773
0.0217172547566
0.0220139383434
0.0223145118833
0.0226190194288
0.0229275052252
0.0232400136959
0.0235565894276
0.0238772771532
0.024202121735
0.0245311681459
0.0248644614504
0.0252020467836
0.02554396933
0.0258902743001
0.026241006907
0.0265962123401
0.0269559357391
0.0273202221653
0.0276891165724
0.0280626637748
0.0284409084153
0.0288238949306
0.0292116675148
0.029604270082
0.0300017462265
0.0304041391805
0.0308114917712
0.0312238463745
0.0316412448673
0.0320637285774
0.0324913382306
0.0329241138964
0.03336209493
0.0338053199127
0.0342538265892
0.0347076518016
0.0351668314219
0.0356314002798
0.0361013920889
0.0365768393685
0.0370577733631
0.0375442239578
0.0380362195901
0.0385337871589
0.0390369519285
0.0395457374296
0.0400601653561
0.0405802554571
0.0411060254258
0.0416374907828
0.0421746647554
0.0427175581524
0.0432661792332
0.0438205335734
0.0443806239237
0.0449464500645
0.0455180086549
0.0460952930762
0.0466782932693
0.0472669955671
0.0478613825202
0.0484614327165
0.0490671205956
0.0496784162551
0.0502952852521
0.050917688397
0.0515455815406
0.0521789153551
0.0528176351071
0.0534616804245
0.0541109850551
0.0547654766189
0.0554250763525
0.0560896988463
0.0567592517741
0.0574336356149
0.058112743368
0.0587964602595
0.0594846634418
0.0601772216857
0.0608739950646
0.0615748346315
0.0622795820887
0.0629880694505
0.0637001186985
0.0644155414305
0.0651341385024
0.0658556996644
0.0665800031903
0.0673068155022
0.068035890789
0.0687669706211
0.0694997835597
0.0702340447634
0.0709694555916
0.0717057032047
0.0724424601637
0.073179384029
0.0739161169586
0.0746522853085
0.0753874992346
0.076121352299
0.07685342108
0.0775832647895
0.0783104248976
0.079034424766
0.0797547692937
0.0804709445748
0.0811824175714
0.0818886358043
0.0825890270618
0.0832829991317
0.0839699395567
0.0846492154177
0.085320173146
0.0859821383699
0.0866344157964
0.087276289133
0.0879070210527
0.0885258532054
0.0891320062809
0.0897246801253
0.0903030539179
0.09086628641
0.0914135162329
0.091943862277
0.0924564241495
0.092950282714
0.0934245007165
0.0938781235058
0.0943101798499
0.0947196828568
0.095105631003
0.0954670092763
0.0958027904381
0.0961119364099
0.09639339979
0.0966461255056
0.096869052605
0.0970611161942
0.0972212495236
0.0973483862289
0.0974414627284
0.0974994207827
0.0975212102179
0.0975057918148
0.0974521403665
0.0973592479052
0.0972261270973
0.0970518148075
0.0968353758279
0.0965759067717
0.0962725401249
0.0959244484516
0.0955308487452
0.0950910069178
0.0946042424158
0.0940699329523
0.0934875193384
0.0928565104019
0.0921764879717
0.0914471119096
0.0906681251666
0.0898393588388
0.088960737196
0.0880322826536
0.0870541206552
0.0860264844327
0.0849497196068
0.0838242885883
0.0826507747412
0.0814298862615
0.0801624597299
0.078849463289
0.0774919993996
0.0760913071244
0.0746487638916
0.0731658866863
0.0716443326214
0.0700858988374
0.0684925216832
0.0668662751321
0.0652093683886
0.0635241426453
0.0618130669535
0.0600787331758
0.0583238499935
0.0565512359492
0.0547638115123
0.0529645901621
0.0511566684932
0.0493432153568
0.0475274600626
0.0457126796774
0.0439021854669
0.0420993085403
0.0403073847715
0.0385297390793
0.0367696691672
0.0350304288304
0.0333152109557
0.0316271303466
0.0299692065198
0.028344346628
0.0267553286724
0.0252047851744
0.0236951874826
0.0222288308909
0.0208078207462
0.0194340597208
0.018109236419
0.0168348154799
0.0156120293267
0.0144418716984
0.0133250930827
0.0122621981483
0.0112534452519
0.0102988480694
0.00939817937257
0.0085509769433
0.00775655158699
0.00701399717353
0.0063222026041
0.00567986556987
0.00508550793903
0.00453749258075
0.0040340414091
0.00357325440844
0.00315312938394
0.0027715821676
0.00242646700238
0.00211868924591
0.00206089207967
0.00200467160166
0.00194998480035
0.00189678983752
0.00184504601629
0.00179471374999
0.00174575453184
0.00169813090554
0.00165180643656
0.0016067456843
0.00156291417497
0.00152027837523
0.0014788056665
0.00143846432002
0.00139922347259
0.00136105310295
0.00132392400881
0.00128780778451
0.00125267679928
0.0012185041761
0.00118526377118
0.00115293015389
0.00112147858736
0.00109088500952
0.00106112601472
0.0010321788358
0.00100402132668
0.000976631945415
0.000949989737729
0.000924074320964
0.000898865868494
0.00087434509456
0.000850493239511
0.000827292055453
0.000804723792289
0.000782771184139
0.000761417436132
0.000740646211553
0.000720441619349
0.000700788201971
0.000681670923544
0.00066307515837
0.000644986679733
0.000627391649019
0.000610276605125
0.000593628454165
0.000577434459449
0.000561682231738
0.00054635971977
0.000531455201038
0.000516957272818
0.000502854843451
0.000489137123856
0.000475793619272
0.000462814121233
0.000450188699757
0.000437907695748
0.000425961713608
0.000414341614047
0.000403038507092
0.000392043745287
0.000381348917073
0.000370945840359
0.000360826556257
0.000350983322994
0.000341408609993
0.000332095092105
0.000323035644012
0.000314223334771
0.000305651422513
0.000297313349284
0.000289202736032
0.000281313377719
0.000273639238583
0.000266174447512
0.000258913293559
0.000251850221568
0.000244979827925
0.000238296856428
0.00023179619426
0.00022547286808
0.00021932204022
0.00021333900498
0.000207519185032
0.000201858127914
0.000196351502626
0.000190995096319
0.000185784811066
0.000180716660731
0.000175786767919
0.000170991361009
0.000166326771269
0.000161789430048
0.000157375866046
0.000153082702662
0.000148906655404
0.000144844529383
0.000140893216862
0.000137049694885
0.000133311022961
0.000129674340814
0.000126136866194
0.000122695892753
0.000119348787969
0.000116092991135
0.000112926011399
0.000109845425859
0.000106848877709
0.000103934074436
0.000101098786066
9.83408434572e-05
9.56581366426e-05
9.30486132133e-05
9.05102767502e-05
8.80411852954e-05
8.56394498672e-05
8.33032330148e-05
8.10307474123e-05
7.88202544916e-05
7.6670063112e-05
7.45785282669e-05
7.25440498246e-05
7.05650713047e-05
6.86400786871e-05
6.67675992535e-05
6.49462004611e-05
6.31744888463e-05
6.14511089587e-05
5.97747423242e-05
5.81441064364e-05
5.65579537751e-05
5.50150708519e-05
5.35142772824e-05
5.20544248823e-05
5.06343967896e-05
4.925310661e-05
4.79094975855e-05
4.66025417862e-05
4.53312393239e-05
4.40946175869e-05
4.28917304961e-05
4.17216577812e-05
4.05835042763e-05
3.94763992358e-05
3.83994956673e-05
3.73519696843e-05
3.63330198757e-05
3.53418666927e-05
3.4377751852e-05
3.34399377564e-05
3.252770693e-05
3.16403614692e-05
3.07772225094e-05
2.99376297048e-05
2.91209407239e-05
2.83265307576e-05
2.75537920417e-05
2.68021333912e-05
2.60709797487e-05
2.53597717442e-05
2.4667965267e-05
2.39950310497e-05
2.33404542629e-05
2.2703734122e-05
2.20843835032e-05
2.14819285715e-05
2.08959084181e-05
2.03258747074e-05
1.97713913343e-05
1.92320340906e-05
1.87073903403e-05
1.81970587041e-05
1.7700648752e-05
1.72177807049e-05
1.67480851439e-05
1.62912027279e-05
1.58467839184e-05
1.54144887121e-05
1.49939863811e-05
1.45849552193e-05
1.41870822971e-05
1.38000632212e-05
1.34236019021e-05
1.30574103277e-05
1.27012083424e-05
1.23547234337e-05
1.20176905226e-05
1.16898517617e-05
1.13709563376e-05
1.10607602788e-05
1.07590262695e-05
1.04655234676e-05
1.01800273285e-05
9.9023194329e-06
9.63218732004e-06
9.36942432498e-06
9.11382942053e-06
8.86520706349e-06
8.62336704497e-06
8.38812434495e-06
8.15929899069e-06
7.93671591904e-06
7.72020484252e-06
7.50960011906e-06
7.30474062521e-06
7.10546963296e-06
6.91163468976e-06
6.72308750192e-06
6.53968382118e-06
6.3612833343e-06
6.18774955575e-06
6.01894972328e-06
5.85475469635e-06
5.69503885733e-06
5.53968001542e-06
5.38855931311e-06
5.24156113532e-06
5.09857302089e-06
4.95948557658e-06
4.82419239334e-06
4.69258996495e-06
4.56457760879e-06
4.44005738884e-06
4.31893404074e-06
4.20111489891e-06
4.08650982565e-06
3.97503114221e-06
3.86659356166e-06
3.76111412368e-06
3.65851213111e-06
3.55870908813e-06
3.46162864031e-06
3.36719651611e-06
3.27534047011e-06
3.18599022772e-06
3.09907743142e-06
3.01453558846e-06
2.93230001998e-06
2.85230781156e-06
2.77449776504e-06
2.69881035176e-06
2.62518766694e-06
2.55357338547e-06
2.48391271873e-06
2.41615237274e-06
2.35024050735e-06
2.28612669662e-06
2.22376189017e-06
2.16309837573e-06
2.1040897426e-06
2.04669084614e-06
1.99085777325e-06
1.93654780877e-06
1.88371940278e-06
1.83233213884e-06
1.78234670305e-06
1.733724854e-06
1.68642939347e-06
1.640424138e-06
1.59567389121e-06
1.55214441687e-06
1.50980241269e-06
1.46861548487e-06
1.42855212329e-06
1.38958167743e-06
1.35167433288e-06
1.3148010886e-06
1.27893373464e-06
1.24404483066e-06
1.21010768483e-06
1.17709633351e-06
1.14498552131e-06
1.11375068182e-06
1.08336791878e-06
1.05381398782e-06
1.02506627865e-06
9.97102797821e-07
9.69902151816e-07
9.43443530751e-07
9.17706692422e-07
8.92671946826e-07
8.68320141098e-07
8.44632644855e-07
8.21591335949e-07
7.99178586593e-07
7.77377249884e-07
7.56170646681e-07
7.35542552844e-07
7.1547718682e-07
6.95959197576e-07
6.76973652848e-07
6.58506027719e-07
6.40542193508e-07
6.23068406959e-07
6.06071299728e-07
5.89537868157e-07
5.73455463321e-07
5.57811781354e-07
5.42594854037e-07
5.2779303964e-07
5.13395014014e-07
4.9938976193e-07
4.85766568653e-07
4.72515011738e-07
4.59624953066e-07
4.4708653108e-07
4.34890153242e-07
4.23026488698e-07
4.11486461135e-07
4.00261241841e-07
3.89342242945e-07
3.78721110853e-07
3.68389719854e-07
3.58340165903e-07
3.48564760575e-07
3.39056025184e-07
3.29806685059e-07
3.2080966398e-07
3.12058078763e-07
3.03545233998e-07
2.9526461692e-07
2.87209892432e-07
2.79374898257e-07
2.71753640221e-07
2.64340287672e-07
2.57129169014e-07
2.5011476737e-07
2.43291716364e-07
2.36654796011e-07
2.30198928727e-07
2.23919175441e-07
2.1781073182e-07
2.11868924591e-07
2.06089207967e-07
2.00467160166e-07
1.94998480035e-07
1.89678983752e-07
1.84504601629e-07
1.79471374999e-07
1.74575453184e-07
1.69813090554e-07
1.65180643656e-07
1.6067456843e-07
1.56291417497e-07
1.52027837523e-07
1.4788056665e-07
1.43846432002e-07
1.39922347259e-07
1.36105310295e-07
1.32392400881e-07
1.28780778451e-07
1.25267679928e-07
1.2185041761e-07
1.18526377118e-07
1.15293015389e-07
1.12147858736e-07
1.09088500952e-07
1.06112601472e-07
1.0321788358e-07
1.00402132668e-07
9.76631945415e-08
9.49989737729e-08
9.24074320964e-08
8.98865868494e-08
8.7434509456e-08
8.50493239511e-08
8.27292055453e-08
8.04723792289e-08
7.82771184139e-08
7.61417436132e-08
7.40646211553e-08
7.20441619349e-08
7.00788201971e-08
6.81670923544e-08
6.6307515837e-08
6.44986679733e-08
6.27391649019e-08
6.10276605125e-08
5.93628454165e-08
5.77434459449e-08
5.61682231738e-08
5.4635971977e-08
5.31455201038e-08
5.16957272818e-08
5.02854843451e-08
4.89137123856e-08
4.75793619272e-08
4.62814121233e-08
4.50188699757e-08
4.37907695748e-08
4.25961713608e-08
4.14341614047e-08
4.03038507092e-08
3.92043745287e-08
3.81348917073e-08
3.70945840359e-08
3.60826556257e-08
3.50983322994e-08
3.41408609993e-08
3.32095092105e-08
3.23035644012e-08
3.14223334771e-08
3.05651422513e-08
2.97313349284e-08
2.89202736032e-08
2.81313377719e-08
2.73639238583e-08
2.66174447512e-08
2.58913293559e-08
2.51850221568e-08
2.44979827925e-08
2.38296856428e-08
2.3179619426e-08
2.2547286808e-08
2.1932204022e-08
2.1333900498e-08
2.07519185032e-08
2.01858127914e-08
1.96351502626e-08
1.90995096319e-08
1.85784811066e-08
1.80716660731e-08
1.75786767919e-08
1.70991361009e-08
1.66326771269e-08
1.61789430048e-08
1.57375866046e-08
1.53082702662e-08
1.48906655404e-08
1.44844529383e-08
1.40893216862e-08
1.37049694885e-08
1.33311022961e-08
1.29674340814e-08
1.26136866194e-08
1.22695892753e-08
1.19348787969e-08
1.16092991135e-08
1.12926011399e-08
1.09845425859e-08
1.06848877709e-08
1.03934074436e-08
1.01098786066e-08
9.83408434572e-09
9.56581366426e-09
9.30486132133e-09
9.05102767502e-09
8.80411852954e-09
8.56394498672e-09
8.33032330148e-09
8.10307474123e-09
7.88202544916e-09
7.6670063112e-09
7.45785282669e-09
7.25440498246e-09
7.05650713047e-09
6.86400786871e-09
6.67675992535e-09
6.49462004611e-09
6.31744888463e-09
6.14511089587e-09
5.97747423242e-09
5.81441064364e-09
5.65579537751e-09
5.50150708519e-09
5.35142772824e-09
5.20544248823e-09
5.06343967896e-09
4.925310661e-09
4.79094975855e-09
4.66025417862e-09
4.53312393239e-09
4.40946175869e-09
4.28917304961e-09
4.17216577812e-09
4.05835042763e-09
3.94763992358e-09
3.83994956673e-09
3.73519696843e-09
3.63330198757e-09
3.53418666927e-09
3.4377751852e-09
3.34399377564e-09
3.252770693e-09
3.16403614692e-09
3.07772225094e-09
2.99376297048e-09
2.91209407239e-09
2.83265307576e-09
2.75537920417e-09
2.68021333912e-09
2.60709797487e-09
2.53597717442e-09
2.4667965267e-09
2.39950310497e-09
2.33404542629e-09
2.2703734122e-09
2.20843835032e-09
2.14819285715e-09
2.08959084181e-09
2.03258747074e-09
1.97713913343e-09
1.92320340906e-09
1.87073903403e-09
1.81970587041e-09
1.7700648752e-09
1.72177807049e-09
1.67480851439e-09
1.62912027279e-09
1.58467839184e-09
1.54144887121e-09
1.49939863811e-09
1.45849552193e-09
1.41870822971e-09
1.38000632212e-09
1.34236019021e-09
1.30574103277e-09
1.27012083424e-09
1.23547234337e-09
1.20176905226e-09
1.16898517617e-09
1.13709563376e-09
1.10607602788e-09
1.07590262695e-09
1.04655234676e-09
1.01800273285e-09
9.9023194329e-10
9.63218732004e-10
9.36942432498e-10
9.11382942053e-10
8.86520706349e-10
8.62336704497e-10
8.38812434495e-10
8.15929899069e-10
7.93671591904e-10
7.72020484252e-10
7.50960011906e-10
7.30474062521e-10
7.10546963296e-10
6.91163468976e-10
6.72308750192e-10
6.53968382118e-10
6.3612833343e-10
6.18774955575e-10
6.05213518541e-10
6.01577883822e-10
5.97611839719e-10
5.93311524513e-10
5.88673598428e-10
5.83695284649e-10
5.78374410902e-10
5.72709451409e-10
5.66699568982e-10
5.6034465703e-10
5.53645381201e-10
5.46603220351e-10
5.39220506535e-10
5.31500463663e-10
5.23447244446e-10
5.15065965232e-10
5.06362738314e-10
4.97344701262e-10
4.88020042808e-10
4.78398024822e-10
4.68488999857e-10
4.58304423785e-10
4.47856862992e-10
4.3715999564e-10
4.2622860649e-10
4.15078574793e-10
4.03726854783e-10
3.9219144835e-10
3.80491369467e-10
3.68646600053e-10
3.56678036949e-10
3.44607429809e-10
3.32457309743e-10
3.20250908668e-10
3.08012069404e-10
2.95765146678e-10
2.83534899303e-10
2.71346373944e-10
2.59224781e-10
2.4719536329e-10
2.35283258373e-10
2.23513355462e-10
2.11910148065e-10
2.00497583616e-10
1.89298911491e-10
1.78336530936e-10
1.6763184056e-10
1.57205091103e-10
1.4707524332e-10
1.37259832813e-10
1.27774843708e-10
1.18634593041e-10
1.09851627672e-10
1.01436635485e-10
9.33983724727e-11
8.57436071899e-11
7.84770838234e-11
7.16015049101e-11
6.51175344556e-11
5.90238219017e-11
5.33170470627e-11
4.79919857936e-11
4.30415957935e-11
3.84571215703e-11
3.42282172312e-11
3.03430854042e-11
2.67886302704e-11
2.35506223852e-11
2.06138727183e-11
1.79624131362e-11
1.55796804149e-11
1.34487007929e-11
1.15522720729e-11
9.87314035199e-12
8.39416860181e-12
7.09849453667e-12
5.96967548596e-12
4.991818326e-12
4.14969291159e-12
3.42882786845e-12
2.81558805159e-12
2.29723342512e-12
1.86195956293e-12
1.49892039112e-12
