93-Np-238(n,&gamma;) ENDF/B-VII.1
1.0E-5,26924.8
1.31241E-5,23502.4
1.70876E-5,20596.6
2.2426E-5,17978.5
2.91987E-5,15755.5
3.83206E-5,13752.3
4.98935E-5,12051.7
6.54808E-5,10519.2
8.52562E-5,9218.17
1.11891E-4,8045.55
1.45682E-4,7049.83
1.91195E-4,6152.68
2.48937E-4,5390.69
3.26707E-4,4703.67
4.25373E-4,4120.34
5.58264E-4,3594.35
7.26861E-4,3147.73
9.53941E-4,2744.74
0.00124203,2402.11
0.00163006,2093.02
0.00212234,1830.14
0.00278538,1592.65
0.00362657,1390.63
0.00475955,1210.03
0.00619694,1053.66
0.00849508,890.711
0.0116243,752.165
0.0151349,648.225
0.0198632,555.671
0.0234661,504.3
0.0253,481.949
0.0346825,396.523
0.0453449,333.157
0.0592642,277.773
0.0774837,229.667
0.0969512,194.656
0.121069,164.334
0.150913,138.261
0.187067,116.306
0.234577,96.4712
0.293514,79.6556
0.36653,65.6056
0.438198,56.496
0.500964,51.3515
0.579721,48.0777
0.614393,47.7261
0.679401,48.8637
0.75421,53.3733
0.819456,60.7528
0.879991,71.4697
0.947715,88.2911
1.04344,115.863
1.08694,123.553
1.1087,124.675
1.15221,120.555
1.20768,105.446
1.30884,71.7156
1.36731,57.0519
1.4187,47.7991
1.46543,41.9088
1.5175,37.6738
1.56957,35.512
1.60718,35.0879
1.66488,36.1195
1.78536,41.3741
1.81775,41.8116
1.87445,40.1749
1.97568,34.0086
2.02833,32.742
2.05971,33.509
2.0911,36.016
2.11463,39.6358
2.13817,45.6595
2.1564,53.0321
2.17411,63.9402
2.1893,77.9204
2.20327,96.529
2.21575,119.627
2.22942,153.524
2.2656,265.984
2.27901,289.964
2.28537,292.886
2.2966,283.603
2.31084,250.074
2.34068,156.96
2.35379,124.914
2.36603,102.556
2.37866,86.047
2.39359,72.9653
2.41065,63.9293
2.42771,59.174
2.44477,57.4387
2.46806,58.6076
2.53654,70.8282
2.5516,71.3825
2.57795,68.0234
2.61579,56.5856
2.65556,44.3371
2.68875,37.2046
2.71641,33.3204
2.75514,30.0773
2.81046,27.9793
2.93217,26.7169
2.95983,26.6878
3.01516,27.2945
3.06495,29.2749
3.10229,32.2438
3.14249,37.467
3.18874,46.4728
3.24168,58.2317
3.26689,61.9751
3.28957,63.1657
3.32738,60.5609
3.39175,52.1795
3.42603,50.6749
3.51079,54.2495
3.54356,52.1228
3.58312,44.7975
3.64358,31.4541
3.6772,25.9423
3.71082,22.062
3.7506,19.1546
3.79037,17.6488
3.82142,17.3053
3.86005,17.929
3.88902,19.3138
3.92253,22.1755
3.96229,27.4855
4.00228,33.4087
4.03209,35.8196
4.03864,35.9494
4.0659,34.9941
4.12634,30.0042
4.1486,29.5034
4.17416,30.7465
4.19121,32.9488
4.21251,37.7872
4.23074,44.5014
4.24751,53.6656
4.26345,65.9272
4.28111,84.3481
4.31172,125.884
4.3337,152.948
4.3494,162.919
4.35557,163.783
4.37242,157.005
4.39335,134.093
4.42848,87.2191
4.44562,69.6109
4.46164,57.5701
4.47734,49.3662
4.49696,42.9827
4.51659,39.8378
4.53098,39.1984
4.54775,40.1072
4.56453,42.921
4.58335,48.856
4.59903,56.7758
4.61471,68.3091
4.63164,85.8363
4.65083,112.475
4.68395,165.342
4.699,182.615
4.71455,189.321
4.7291,183.595
4.74717,162.896
4.78718,100.554
4.80574,78.335
4.82192,64.6107
4.83809,55.4388
4.85201,50.4575
4.86906,47.2018
4.88533,46.3703
4.90858,47.9592
4.96064,54.654
4.97147,54.9314
4.99113,53.4599
5.016,48.1877
5.07618,30.6245
5.10186,25.0819
5.12646,21.3553
5.15374,18.7063
5.18102,17.274
5.20613,16.853
5.23123,17.2446
5.25634,18.4672
5.29233,21.5611
5.33333,25.5911
5.35693,26.8258
5.36513,26.9174
5.38689,26.2686
5.42371,23.1133
5.46451,19.4722
5.49589,18.0222
5.51159,17.8544
5.53878,18.5114
5.55918,19.9204
5.58046,22.5237
5.59856,26.0795
5.61305,30.2675
5.6283,36.5922
5.64149,44.268
5.65468,54.6214
5.6709,71.6804
5.69258,101.262
5.71899,138.236
5.73397,151.709
5.74588,155.347
5.7592,151.176
5.77576,135.654
5.8174,80.3477
5.83295,64.4252
5.84799,53.2184
5.86393,45.2004
5.88098,39.8565
5.90144,36.2701
5.93112,33.9338
6.00461,30.9363
6.06028,26.5865
6.1377,19.8179
6.17791,17.3357
6.21552,15.8673
6.25312,15.2056
6.26566,15.1621
6.30234,15.561
6.33902,16.8225
6.37396,18.9854
6.41068,22.4904
6.45396,28.4129
6.52151,39.3029
6.55495,42.5423
6.57121,42.9617
6.59692,42.0128
6.63657,38.2886
6.65,37.0455
6.65,22.49
7.31915,21.4655
7.91308,20.6608
8.60302,19.832
9.5108,18.8813
10.4427,18.0266
11.3264,17.3059
12.5708,16.4231
13.3221,15.9512
14.7464,15.1578
16.3749,14.3809
17.5872,13.8742
19.161,13.2896
21.0398,12.6793
22.9912,12.1263
25.2832,11.5605
27.5408,11.0738
30.0,10.6077
32.884,10.1288
35.5098,9.74468
38.6816,9.334
42.3949,8.91318
46.0407,8.55069
50.0,8.20294
54.3879,7.86264
57.9297,7.6167
63.6795,7.26216
70.0,6.92411
76.5286,6.61982
81.8215,6.40041
90.4553,6.08485
100.0,5.78485
109.051,5.53759
117.64,5.32992
129.41,5.07974
140.162,4.8794
153.19,4.66557
168.495,4.44686
183.573,4.25881
200.0,4.0787
221.336,3.87567
245.726,3.67688
263.879,3.54722
287.441,3.39764
309.733,3.27235
338.156,3.13121
372.89,2.98119
412.449,2.834
441.802,2.73783
479.795,2.62673
521.478,2.51942
579.297,2.39057
636.795,2.28026
700.0,2.17503
765.286,2.08111
818.215,2.01334
904.553,1.9158
1000.0,1.82299
1090.51,1.74822
1216.07,1.65852
1332.21,1.58699
1474.64,1.51096
1637.49,1.43637
1758.72,1.38763
1916.1,1.33132
2000.0,1.30403
2213.36,1.24434
2457.26,1.18565
2638.79,1.14722
2874.41,1.10275
3097.33,1.06634
3381.56,1.02661
3728.9,0.984102
4140.73,0.940509
4550.12,0.902929
5000.0,0.86685
5613.08,0.828404
6073.66,0.803173
6676.5,0.773908
7000.0,0.759678
7913.08,0.727459
8603.02,0.706279
9510.8,0.681675
10000.0,0.669696
10000.0,0.669666
15988.1,0.586421
21519.3,0.541916
32879.4,0.491779
59268.9,0.429965
133744.0,0.313504
169588.0,0.277674
212204.0,0.246305
269384.0,0.205106
310340.0,0.180017
345880.0,0.158136
400000.0,0.135596
592406.0,0.0950602
760927.0,0.0723026
880342.0,0.0602649
1049110.0,0.047727
1249000.0,0.0364132
1449140.0,0.0278578
1649240.0,0.0211703
1849320.0,0.0159645
2050860.0,0.011921
2214640.0,0.00941155
2399480.0,0.00725169
2590380.0,0.00555645
2795550.0,0.00419221
2969300.0,0.00333705
3133400.0,0.00270097
3332450.0,0.00212078
3529330.0,0.0016896
3735390.0,0.00135248
3967110.0,0.00106606
4200000.0,8.74742E-4
4500000.0,6.91209E-4
5000000.0,5.63701E-4
5500000.0,5.57554E-4
6125000.0,6.30243E-4
6592880.0,7.09325E-4
7185870.0,8.53224E-4
7745970.0,0.00102516
9000000.0,0.00144982
9750000.0,0.00160517
1.025E7,0.00164759
1.05E7,0.00165317
1.15E7,0.00161951
1.25E7,0.00148806
1.5E7,9.02358E-4
1.6E7,7.4643E-4
1.7E7,6.35747E-4
1.85E7,5.20116E-4
1.9E7,4.89699E-4
1.975E7,4.64053E-4
2.0E7,4.51223E-4
