91-Pa-231(n,&gamma;) ENDF/B-VII.1
1.0E-5,12558.0
1.31241E-5,10961.5
1.70876E-5,9606.0
2.2426E-5,8384.63
2.91987E-5,7347.56
3.83206E-5,6412.98
4.98935E-5,5619.49
6.54808E-5,4904.37
8.52562E-5,4297.21
1.11891E-4,3749.89
1.45682E-4,3285.03
1.91195E-4,2866.09
2.48937E-4,2510.14
3.26707E-4,2189.07
4.25373E-4,1916.3
5.58264E-4,1670.16
7.26861E-4,1460.97
9.53941E-4,1271.98
0.00124203,1111.07
0.00163006,965.64
0.00212234,841.669
0.00278538,729.384
0.00380384,617.761
0.00518342,522.684
0.0071057,437.282
0.0092902,375.268
0.0126596,312.17
0.0166146,263.423
0.0216322,222.483
0.024383,206.004
0.0253,201.206
0.033204,168.51
0.041464,145.769
0.0516848,127.334
0.0617907,114.82
0.0738726,104.878
0.0883169,97.3695
0.112721,92.081
0.119856,91.7621
0.143291,93.8189
0.171309,102.133
0.196431,115.736
0.219822,135.515
0.239845,160.404
0.258656,194.312
0.274761,236.004
0.287701,282.609
0.301285,351.289
0.312606,432.573
0.322115,527.161
0.331775,661.291
0.340228,826.999
0.348077,1042.87
0.355322,1320.94
0.361963,1669.52
0.368755,2145.09
0.377661,2957.45
0.389374,4086.03
0.394204,4390.31
0.399348,4506.23
0.405313,4340.1
0.411954,3844.71
0.427531,2334.56
0.434263,1825.88
0.441056,1446.1
0.447455,1194.03
0.453854,1025.01
0.460666,920.758
0.465757,888.022
0.468303,885.106
0.474505,911.3
0.489594,1054.8
0.493297,1065.48
0.498814,1037.31
0.505239,938.201
0.522226,550.196
0.5294,423.275
0.53588,339.392
0.54236,278.556
0.550228,226.192
0.559485,183.817
0.568743,154.177
0.580314,128.014
0.5942,106.457
0.608085,91.7073
0.624769,80.1039
0.641453,73.7672
0.655809,72.5109
0.666577,74.7963
0.677857,81.6145
0.685548,90.2875
0.694136,106.128
0.701058,125.934
0.70798,154.397
0.716056,200.28
0.730874,302.439
0.738257,337.034
0.743672,344.322
0.750153,329.959
0.758152,284.458
0.773482,174.55
0.780404,135.487
0.78707,107.104
0.794248,85.0327
0.801427,69.4249
0.809118,57.5664
0.816809,49.0335
0.827063,40.953
0.839882,34.0934
0.851675,29.7023
0.870133,24.9938
0.893976,21.1591
0.918331,18.7211
0.947557,17.0014
0.97377,16.2647
0.990241,16.1425
1.02122,16.66
1.04445,17.8301
1.07067,20.336
1.08914,23.2742
1.10762,27.8192
1.12121,32.8222
1.13309,39.0433
1.1443,47.4171
1.15354,57.1708
1.16278,71.0058
1.17043,87.2437
1.17782,109.136
1.18469,137.301
1.19115,173.109
1.19841,226.429
1.20633,301.068
1.22322,482.082
1.2304,535.708
1.2377,555.066
1.24518,532.675
1.25405,460.557
1.27284,260.366
1.28049,195.871
1.28762,150.147
1.29448,117.519
1.30095,94.778
1.30794,76.6027
1.31626,61.0484
1.32457,49.9011
1.33473,40.1455
1.34634,32.3141
1.35888,26.3477
1.37366,21.382
1.38897,17.7283
1.40639,14.7376
1.42803,12.1136
1.45337,9.99368
1.48293,8.3083
1.51454,7.08027
1.55315,6.0765
1.59948,5.31911
1.65173,4.86904
1.68854,4.77393
1.72305,4.87525
1.75756,5.235
1.78344,5.77725
1.805,6.5322
1.82226,7.46862
1.83865,8.81927
1.85274,10.5872
1.86453,12.7984
1.87459,15.5575
1.88293,18.7943
1.89099,23.1284
1.89904,29.1184
1.90723,37.4336
1.91629,49.6639
1.92906,71.6693
1.94252,95.4469
1.95218,106.891
1.95972,109.772
1.96828,105.744
1.9784,92.5801
2.0017,51.4359
2.01119,38.1898
2.01895,29.938
2.02671,23.7439
2.03477,19.0373
2.04253,15.7209
2.0526,12.6533
2.06323,10.4034
2.07531,8.6216
2.0894,7.18126
2.10464,6.0977
2.12334,5.17745
2.14577,4.43
2.17625,3.77246
2.21075,3.30812
2.24526,3.01333
2.29789,2.75292
2.35051,2.63307
2.38559,2.61111
2.45321,2.69673
2.50392,2.9004
2.55009,3.26075
2.58424,3.72545
2.60668,4.19495
2.6301,4.92614
2.64961,5.8587
2.66571,7.01903
2.67888,8.42652
2.68985,10.1345
2.7001,12.4566
2.70863,15.2409
2.71705,19.1261
2.72473,24.0653
2.73241,30.7519
2.74034,39.8565
2.7501,54.3215
2.77478,98.2345
2.78424,110.025
2.79384,114.287
2.80141,111.352
2.81098,100.581
2.82815,70.5478
2.8412,48.2948
2.84973,36.7248
2.85717,28.8587
2.86485,22.6911
2.87303,17.9031
2.88156,14.3555
2.88985,11.9101
2.89864,10.0498
2.90961,8.41294
2.92278,7.07608
2.93937,5.96465
2.9601,5.08374
2.98083,4.52642
3.00864,4.07206
3.04766,3.76144
3.08669,3.68205
3.14284,3.85672
3.18963,4.27108
3.22706,4.85052
3.25888,5.62305
3.28584,6.61683
3.3083,7.84599
3.32717,9.35072
3.34289,11.1517
3.35547,13.1772
3.3676,15.9356
3.37838,19.4726
3.38737,23.6753
3.39545,28.9523
3.40354,36.2919
3.41118,45.85
3.41904,59.2002
3.4269,76.9223
3.43589,103.159
3.44802,147.81
3.46778,225.497
3.47722,251.341
3.48644,261.955
3.48775,262.108
3.49663,254.169
3.50597,230.811
3.52282,166.671
3.53742,110.855
3.5464,83.2441
3.55471,63.3251
3.56258,49.0827
3.57021,38.8102
3.57808,31.0822
3.58594,25.4843
3.5947,21.0092
3.60458,17.4562
3.61694,14.4193
3.63176,12.0029
3.64973,10.1027
3.67219,8.62223
3.69466,7.72015
3.71937,7.13684
3.75081,6.7988
3.76654,6.75681
3.8107,7.01692
3.85486,7.8598
3.8843,8.85787
3.91376,10.4136
3.93901,12.4893
3.95753,14.7589
3.97226,17.3251
3.987,21.0292
3.99878,25.3816
4.00825,30.3689
4.01772,37.4649
4.02625,46.5722
4.03414,58.3088
4.04171,73.6037
4.04929,93.8904
4.05781,123.781
4.06781,169.039
4.08422,261.889
4.10013,349.973
4.11057,387.921
4.1198,399.5
4.13077,383.441
4.14273,334.787
4.17072,178.828
4.18114,132.254
4.19029,101.184
4.19871,80.2874
4.20629,66.8039
4.21359,57.6816
4.22272,50.4442
4.23002,47.2809
4.23802,46.026
4.24777,47.3613
4.25752,52.0038
4.26651,59.7667
4.27526,71.2535
4.28401,87.39
4.29414,112.554
4.30726,155.017
4.3326,245.626
4.345,273.536
4.35376,279.641
4.3636,271.496
4.3765,239.989
4.40824,127.556
4.41874,98.2534
4.42749,79.7613
4.43499,68.1224
4.44248,60.0521
4.44998,55.1939
4.45953,53.1611
4.46646,54.3305
4.47772,60.4852
4.49096,73.238
4.51428,100.42
4.52805,110.299
4.53466,111.533
4.5466,107.236
4.56028,93.4969
4.59009,53.3648
4.60223,40.6682
4.61327,32.2845
4.62431,26.5471
4.63645,22.5355
4.64859,20.1464
4.66316,18.5857
4.68436,17.7213
4.6923,17.6608
4.71615,18.0552
4.74794,19.6614
4.77835,22.3424
4.80877,26.4497
4.83734,32.2258
4.86183,39.5222
4.88173,48.0242
4.89959,58.8377
4.91489,71.9985
4.92714,86.701
4.93938,107.37
4.94908,130.293
4.95826,160.04
4.96745,200.981
4.97586,252.023
4.98479,324.748
4.99347,418.087
5.00367,560.975
5.01592,780.122
5.04551,1394.99
5.05775,1571.97
5.06957,1634.72
5.08163,1573.12
5.09449,1387.07
5.12766,712.251
5.13926,523.077
5.14845,407.413
5.15725,323.431
5.16618,261.539
5.17429,222.188
5.18143,198.509
5.19001,181.402
5.19929,174.742
5.21001,180.474
5.21858,194.365
5.2309,226.709
5.2625,335.426
5.27729,364.417
5.28371,366.881
5.294,356.539
5.30814,316.701
5.34499,161.898
5.35678,122.36
5.36749,94.7087
5.37727,75.7966
5.38758,61.1937
5.39803,50.6466
5.40927,42.6803
5.42213,36.4658
5.43499,32.2627
5.45359,28.4473
5.47083,26.5735
5.4852,26.0465
5.50333,26.8968
5.51759,29.25
5.52949,32.9831
5.54087,38.8228
5.55139,46.9512
5.56215,58.775
5.57342,75.5344
5.58718,101.904
5.61597,163.187
5.62799,180.404
5.64,186.681
5.65141,181.247
5.66653,159.616
5.69557,102.203
5.70809,83.3931
5.7181,73.8882
5.72811,69.9244
5.72952,69.8237
5.73941,72.2872
5.74789,78.7139
5.75791,91.0172
5.77393,118.804
5.79596,160.035
5.80798,175.033
5.8192,179.742
5.83082,173.821
5.84404,155.224
5.88134,78.0847
5.89386,57.3418
5.90388,44.528
5.91389,34.8281
5.92353,27.9408
5.93367,22.695
5.94494,18.5982
5.95821,15.3272
5.97223,13.0042
5.98825,11.1912
6.00828,9.65288
6.03532,8.29271
6.07038,7.1989
6.10042,6.60974
6.14991,6.06328
6.1994,5.8872
6.24949,6.04711
6.28705,6.44325
6.31961,7.08187
6.34966,8.09487
6.3697,9.18481
6.38623,10.5482
6.39925,12.1349
6.41227,14.4757
6.42367,17.4952
6.43481,21.7547
6.44533,27.4091
6.45585,35.0889
6.46712,45.9266
6.4819,64.2035
6.51395,109.345
6.52678,121.698
6.54018,126.428
6.55362,121.675
6.56905,106.381
6.60411,59.303
6.61664,46.0909
6.62866,36.6787
6.63918,30.9089
6.64819,27.5174
6.66172,24.5509
6.67191,23.6123
6.67761,23.4774
6.69468,24.4943
6.71176,27.61
6.72508,31.8774
6.73574,36.9727
6.7464,44.265
6.75611,53.6589
6.7647,64.9989
6.77328,80.1217
6.7831,103.354
6.79291,134.409
6.8037,179.031
6.81695,249.176
6.85203,471.133
6.86646,534.683
6.87984,555.324
6.89335,533.234
6.90895,462.019
6.94501,234.694
6.95777,169.825
6.96844,127.572
6.97788,98.8393
6.9877,76.3508
6.99628,61.6448
7.00487,50.5352
7.01468,41.1372
7.02572,33.5554
7.03799,27.6203
7.05271,22.6853
7.06988,18.7515
7.09049,15.5514
7.11515,12.9956
7.14512,10.9868
7.1676,9.97778
7.19757,9.0761
7.22754,8.54845
7.26684,8.3072
7.30109,8.49095
7.33534,9.10931
7.36822,10.3062
7.39331,11.9055
7.41338,13.9839
7.42843,16.3927
7.44098,19.3489
7.45353,23.6799
7.46482,29.3399
7.47485,36.3383
7.48552,46.4321
7.49656,60.4062
7.50948,81.8573
7.52679,118.468
7.55389,180.206
7.56774,202.725
7.58258,212.324
7.5834,212.348
7.59745,204.565
7.61462,177.513
7.64774,107.246
7.66028,85.8603
7.67082,72.4795
7.68186,63.2808
7.69039,59.5545
7.69744,58.6882
7.70552,60.1912
7.7136,64.4673
7.7237,74.0099
7.7337,88.5116
7.74434,109.975
7.75764,145.809
7.77573,207.934
7.80127,299.331
7.81638,335.683
7.82966,346.569
7.84277,335.307
7.8566,302.367
7.88214,210.579
7.90023,145.946
7.913,108.632
7.92364,83.9963
7.93481,64.1334
7.94412,51.6294
7.95463,41.0676
7.9654,33.2266
7.97737,27.055
7.98934,22.7143
8.00451,18.9096
8.02153,16.0275
8.04281,13.6304
8.06676,11.8652
8.10134,10.3089
8.14284,9.33554
8.19178,8.94054
8.23671,9.09283
8.29286,9.91801
8.33778,11.1719
8.38273,13.1686
8.42214,15.8524
8.45592,19.2751
8.48203,23.0687
8.5066,28.1214
8.52707,34.1055
8.5455,41.7754
8.56085,50.9073
8.57467,62.63
8.58645,76.7469
8.59668,93.6429
8.60692,116.652
8.61613,144.436
8.62509,179.783
8.63584,235.785
8.64659,309.541
8.65913,420.715
8.67448,592.409
8.70878,1024.93
8.72444,1163.05
8.73975,1211.82
8.7531,1173.97
8.76764,1056.88
8.79221,756.485
8.81307,499.129
8.82689,361.108
8.83789,274.674
8.84774,214.153
8.85773,166.996
8.86668,134.702
8.87743,105.761
8.88818,84.8416
8.8997,68.7342
8.91249,56.0371
8.92631,46.3401
8.94167,38.6706
8.96009,32.1572
8.98365,26.4437
9.00515,22.8423
9.02666,20.2864
9.0567,18.0243
9.08675,17.1636
9.10677,17.6162
9.11979,18.6081
9.13607,21.0599
9.14908,24.4343
9.16185,29.4207
9.17537,36.9443
9.19039,48.2819
9.21418,71.3798
9.23796,94.388
9.25498,104.781
9.26658,106.952
9.28142,103.277
9.29604,93.4298
9.34161,48.3926
9.356,36.9301
9.36977,28.6201
9.38166,23.3936
9.39518,19.2572
9.4072,16.813
9.41922,15.2071
9.43724,13.8629
9.45875,13.3233
9.46223,13.3148
9.48313,13.6494
9.50403,14.6586
9.52317,16.3572
9.53939,18.713
9.55359,21.9226
9.56575,26.0509
9.57589,30.9569
9.58651,38.1309
9.59712,48.1493
9.60774,61.9061
9.61814,79.8932
9.63015,107.139
9.64409,147.958
9.66639,229.413
9.68998,315.341
9.70473,352.08
9.71969,365.691
9.73304,355.024
9.74831,319.259
9.7734,229.073
9.79506,150.482
9.80921,109.143
9.821,82.3886
9.83173,63.837
9.84137,51.2054
9.85124,41.5489
9.86089,34.6061
9.87247,28.7075
9.88598,24.159
9.90142,20.9248
9.919,18.7638
9.93273,17.7671
9.96018,16.8819
9.97184,16.8274
10.0068,17.5609
10.0379,19.3143
10.069,22.3495
10.0965,26.6252
10.1165,31.2251
10.1364,37.9431
10.1514,45.2829
10.1664,55.9106
10.1784,68.1305
10.1903,85.3594
10.2003,105.123
10.2103,131.51
10.2213,170.404
10.2327,224.813
10.2447,299.207
10.2589,412.586
10.2795,617.376
10.3081,910.681
10.3222,1013.04
10.3378,1061.39
10.3398,1061.99
10.3552,1023.72
10.3729,897.537
10.4173,444.891
10.4314,327.127
10.4438,245.595
10.4542,191.805
10.4647,150.443
10.4758,117.822
10.4868,94.4334
10.4964,79.4429
10.5074,66.9283
10.5199,56.9917
10.5326,50.1267
10.5496,44.5014
10.5667,41.8092
10.5752,41.4161
10.5918,42.5809
10.6039,45.3915
10.6161,50.4314
10.6282,58.4966
10.6404,70.6466
10.6523,87.7084
10.6637,109.944
10.677,144.267
10.6928,197.165
10.7371,375.328
10.7538,421.297
10.7697,436.726
10.7862,419.457
10.8029,371.978
10.8503,181.022
10.8654,131.955
10.8781,100.194
10.89,77.4893
10.9006,62.2344
10.9118,50.3717
10.9239,41.1188
10.9361,34.669
10.9482,30.185
10.9644,26.2501
10.9847,23.4063
11.009,21.8798
11.0211,21.6903
11.0442,22.3169
11.0615,23.7863
11.08,26.7348
11.0947,30.7229
11.1074,35.9581
11.1201,43.7085
11.1306,52.8736
11.1412,65.3294
11.1518,81.942
11.1623,103.556
11.1757,139.106
11.1912,191.97
11.2343,370.745
11.252,423.752
11.2686,443.463
11.2698,443.564
11.2863,426.621
11.3028,380.053
11.3507,186.464
11.3664,135.658
11.3791,104.185
11.3897,84.1347
11.4015,67.447
11.4122,56.751
11.4244,48.4595
11.4366,43.3536
11.4483,40.7108
11.4612,39.8263
11.4757,41.045
11.4902,44.7168
11.5048,51.4967
11.5175,61.0463
11.5299,74.8765
11.5409,92.3384
11.5519,116.174
11.563,148.357
11.5753,194.943
11.589,262.59
11.606,367.671
11.646,644.951
11.6648,731.046
11.6796,753.712
11.6944,731.264
11.709,669.172
11.733,512.17
11.761,316.872
11.776,231.369
11.7895,170.715
11.8,133.958
11.81,106.464
11.82,85.1679
11.83,68.9059
11.841,55.5403
11.853,44.9692
11.865,37.3704
11.88,30.6896
11.897,25.5645
11.9139,22.0875
11.9309,19.7459
11.9534,18.0446
11.9672,17.7738
11.9864,18.4895
12.0014,20.0245
12.0229,23.7042
12.065,33.1588
12.0862,36.1526
12.096,36.5484
12.1128,35.5406
12.134,31.5405
12.1851,17.4812
12.2032,13.5748
12.2201,10.8992
12.2361,9.11998
12.2521,7.90792
12.2681,7.09396
12.2936,6.29759
12.3222,5.79112
12.3602,5.40333
12.4152,5.11912
12.4703,5.02552
12.5553,5.15348
12.6404,5.60034
12.7077,6.23208
12.7751,7.2139
12.8355,8.55033
12.8899,10.3477
12.9364,12.639
12.9733,15.2814
13.0023,18.2358
13.0256,21.5231
13.0483,26.1082
13.0667,31.6244
13.0815,38.0628
13.0944,46.0853
13.1071,57.2903
13.1193,72.5299
13.1302,91.0977
13.1416,117.301
13.1532,152.562
13.1649,197.953
13.1794,270.129
13.1979,384.56
13.239,671.517
13.2607,782.821
13.2818,837.072
13.2995,846.94
13.3435,832.604
13.3655,835.274
13.3946,814.918
13.4148,756.244
13.44,625.341
13.4851,336.34
13.5031,242.272
13.5178,181.715
13.5318,137.756
13.5452,106.32
13.5575,84.8129
13.5698,68.802
13.5827,56.4173
13.5957,47.3175
13.6104,39.7234
13.6289,33.0215
13.6486,28.0405
13.6732,23.7428
13.704,20.2181
13.7347,18.0122
13.7711,16.6127
13.7983,16.2977
13.8255,16.644
13.8526,17.8341
13.8752,19.805
13.8931,22.4165
13.9087,25.9427
13.9221,30.4135
13.9355,36.8932
13.9467,44.4675
13.9586,55.5154
13.971,71.2786
13.9834,92.5022
13.9957,119.901
14.0102,161.319
14.0291,229.163
14.0723,405.074
14.0923,460.554
14.1096,477.145
14.1251,463.888
14.1428,419.48
14.1701,313.064
14.1982,198.369
14.215,142.743
14.2289,106.388
14.241,81.6703
14.2533,62.6056
14.2656,48.4343
14.2768,38.893
14.2887,31.3732
14.3006,25.8756
14.3155,20.9849
14.3324,17.1865
14.3522,14.1577
14.3761,11.7058
14.4066,9.60781
14.4376,8.15624
14.481,6.78417
14.5232,5.89971
14.583,5.1049
14.6309,4.73834
14.6976,4.552
14.7307,4.61104
14.771,4.87386
14.7978,5.23212
14.8263,5.90791
14.8463,6.72416
14.8639,7.85925
14.8789,9.34506
14.8915,11.1261
14.905,13.8295
14.9186,17.6128
14.9321,22.7685
14.9466,30.1226
14.9624,40.412
14.9853,58.9839
15.0179,87.4497
15.0399,101.304
15.0583,105.728
15.0599,105.755
15.0761,102.753
15.0951,92.4146
15.1262,66.4566
15.1535,43.5132
15.1711,31.7588
15.1861,24.0216
15.1992,18.9641
15.2122,15.2161
15.2253,12.5238
15.2376,10.7311
15.2511,9.37492
15.2646,8.48719
15.2827,7.8038
15.3089,7.47846
15.3333,7.69101
15.3578,8.40868
15.3795,9.658
15.3954,11.1573
15.4113,13.4501
15.425,16.3594
15.4386,20.5156
15.4512,25.8588
15.4638,33.0361
15.4777,43.4877
15.4931,58.6106
15.5122,82.6115
15.5576,149.278
15.5778,171.167
15.596,179.985
15.5998,180.28
15.6194,173.158
15.6414,150.471
15.6911,79.0015
15.7075,59.4068
15.7226,45.0978
15.7352,35.9362
15.7491,28.4496
15.7623,23.4246
15.7756,20.0531
15.7907,17.7719
15.8058,16.808
15.8119,16.7416
15.824,17.136
15.8362,18.2726
15.8513,20.936
15.8642,24.5907
15.8773,30.0666
15.8904,37.8382
15.9035,48.4945
15.9169,62.8987
15.931,82.4448
15.9492,114.067
16.0007,219.744
16.0222,249.372
16.0398,257.404
16.0576,248.892
16.0773,222.013
16.1129,149.195
16.1379,99.4078
16.155,71.963
16.1691,54.2856
16.1812,42.4868
16.1944,32.739
16.2065,26.0471
16.2186,21.0927
16.2307,17.4616
16.2438,14.6246
16.2589,12.3459
16.2741,10.7878
16.2942,9.43245
16.3144,8.61508
16.3388,8.12969
16.351,8.06866
16.3708,8.25123
16.3933,9.0298
16.4084,10.0565
16.4234,11.6945
16.4385,14.1929
16.451,17.1511
16.4636,21.1067
16.4779,27.0484
16.4945,36.0952
16.5167,51.4317
16.5599,84.3533
16.5803,95.048
16.6,98.7115
16.6193,95.1342
16.6401,84.313
16.6958,43.0013
16.7126,32.9256
16.7269,26.213
16.7395,21.724
16.7545,17.9048
16.7695,15.5623
16.7846,14.4769
16.7926,14.3639
16.8045,14.7834
16.8165,15.9515
16.8285,17.9772
16.8424,21.6616
16.8554,26.6543
16.8692,34.1181
16.8831,44.1636
16.8994,59.6152
16.9191,83.5034
16.9676,152.065
16.9878,172.601
17.0078,180.892
17.0096,180.951
17.0294,174.058
17.0514,152.332
17.1067,74.5921
17.1239,54.7799
17.138,41.731
17.1516,31.8869
17.1641,24.9641
17.1766,19.7217
17.1898,15.6553
17.2039,12.5222
17.2181,10.3176
17.2322,8.75517
17.2483,7.4952
17.2694,6.38107
17.2978,5.42132
17.3319,4.70654
17.3755,4.15826
17.4291,3.79208
17.4935,3.61559
17.515,3.60217
17.6011,3.73205
17.6872,4.14915
17.7634,4.81769
17.8295,5.74061
17.8862,6.94327
17.931,8.33687
17.9665,9.88097
18.0019,12.0603
18.0326,14.8123
18.0562,17.8838
18.0774,21.9048
18.0937,26.3498
18.109,32.2875
18.1229,39.8388
18.1364,50.2468
18.1492,63.7974
18.1619,82.279
18.1747,107.134
18.1865,137.146
18.1997,180.137
18.2157,247.085
18.2356,351.843
18.2885,677.211
18.3077,760.432
18.3286,796.549
18.3298,796.666
18.3464,775.943
18.3649,708.613
18.3942,540.472
18.4268,338.96
18.4452,244.869
18.4608,181.823
18.4749,137.651
18.4867,109.445
18.4985,88.0312
18.5099,72.4266
18.5214,61.09
18.5329,53.1994
18.5466,47.4027
18.5604,44.9623
18.565,44.8333
18.5767,46.0493
18.5901,50.3205
18.6035,58.0934
18.617,70.0107
18.6304,86.8014
18.6461,113.397
18.6624,149.632
18.685,212.514
18.727,339.921
18.7467,382.409
18.7664,400.805
18.769,401.136
18.7897,386.087
18.813,336.574
18.8702,162.588
18.8881,118.178
18.9029,89.0471
18.9163,68.3369
18.9297,52.5165
18.9418,41.7932
18.9547,33.3298
18.9675,27.2031
18.9825,22.2293
18.9974,18.9135
19.0103,16.9999
19.0265,15.4648
19.0467,14.6045
19.0528,14.5519
19.0669,14.8113
19.0836,15.899
19.1007,18.1439
19.1156,21.342
19.1306,26.0081
19.1458,32.561
19.1625,42.1186
19.1841,58.082
19.2338,101.485
19.2559,115.736
19.2772,121.639
19.2804,121.743
19.2993,118.18
19.3202,107.027
19.3729,66.9101
19.3929,55.9396
19.4052,51.673
19.4208,49.2674
19.424,49.1639
19.4436,51.0912
19.4728,59.3217
19.5059,68.7232
19.5252,70.6871
19.5437,68.9754
19.5641,63.0625
19.5953,48.6421
19.6304,31.0757
19.6498,23.135
19.6663,17.7578
19.6822,13.8345
19.6972,11.0583
19.7123,9.04178
19.7299,7.41285
19.7449,6.46044
19.767,5.54695
19.7911,4.94656
19.8273,4.44514
19.869,4.1598
19.9217,4.03457
19.9809,4.10435
20.0401,4.37497
20.0926,4.82025
20.1316,5.34644
20.1707,6.19507
20.1987,7.20681
20.2238,8.64384
20.2438,10.3586
20.2638,12.7539
20.2852,16.2025
20.3144,22.337
20.369,35.2685
20.408,41.9464
20.4421,46.9795
20.4591,51.2333
20.4766,58.7304
20.4926,69.9752
20.5067,84.6447
20.522,107.018
20.5387,140.058
20.5578,190.175
20.5834,274.18
20.6258,421.121
20.6493,475.586
20.6696,491.914
20.6877,479.129
20.7084,435.79
20.7403,330.453
20.7765,203.967
20.797,145.884
20.8132,109.572
20.8286,82.9971
20.8417,65.6839
20.8548,52.4065
20.8693,41.4483
20.8836,33.6798
20.8978,28.0775
20.9141,23.5614
20.9303,20.4373
20.9508,17.8159
20.9713,16.1719
21.0021,14.9627
21.0123,14.8443
21.0375,15.1936
21.0556,16.14
21.0737,17.8935
21.0918,20.7587
21.1079,24.5506
21.1256,30.4037
21.1432,38.3738
21.1638,50.6621
21.191,71.4446
21.2388,116.032
21.2839,164.812
21.3153,210.243
21.3536,285.186
21.3913,359.603
21.4145,385.936
21.4271,389.519
21.4477,377.223
21.4748,331.002
21.5308,198.772
21.5517,161.15
21.5723,135.464
21.5933,119.131
21.632,102.6
21.6701,86.0397
21.7431,42.7709
21.7646,32.57
21.784,25.5383
21.8016,20.9482
21.8166,18.1822
21.8317,16.3218
21.8467,15.2139
21.8673,14.7142
21.8884,15.3107
21.9043,16.5544
21.9228,19.1027
21.9386,22.5546
21.9549,27.7885
21.9703,34.7998
21.9857,44.387
22.0025,58.4128
22.0199,77.4179
22.04,105.262
22.104,211.111
22.1256,236.049
22.149,246.391
22.1495,246.397
22.1679,240.254
22.1922,215.045
22.2295,154.239
22.2631,98.7117
22.2842,70.5942
22.3016,52.5305
22.3165,40.5421
22.3314,31.3608
22.3466,24.3659
22.3606,19.6037
22.3761,15.7165
22.3929,12.7169
22.4103,10.5099
22.432,8.58899
22.4581,7.02952
22.4867,5.85944
22.5224,4.84451
22.5653,4.00327
22.619,3.28137
22.6843,2.69027
22.7495,2.28245
22.8334,1.91743
22.9172,1.66258
23.0135,1.45419
23.1502,1.25474
23.3303,1.09752
23.4982,1.02068
23.6664,0.99573
23.8486,1.02909
23.9853,1.11087
24.0917,1.22988
24.1828,1.39947
24.2588,1.62672
24.3182,1.90349
24.3625,2.20929
24.398,2.55942
24.4317,3.04465
24.4582,3.61768
24.4795,4.29346
24.4981,5.15308
24.5149,6.27324
24.5311,7.81524
24.5453,9.69761
24.5595,12.2582
24.5732,15.5615
24.5884,20.44
24.6035,26.8511
24.6203,35.9278
24.6385,48.3698
24.6653,70.8723
24.7099,110.677
24.7357,126.8
24.7596,132.18
24.76,132.18
24.7794,128.57
24.8005,117.434
24.8329,90.7006
24.8732,54.8665
24.8947,39.2272
24.9129,28.8138
24.9281,22.0897
24.9433,16.9413
24.9585,13.1092
24.9735,10.3396
24.9881,8.40644
25.0027,7.0136
25.0201,5.84765
25.0405,4.95142
25.0638,4.3047
25.09,3.86022
25.1293,3.51362
25.1687,3.4137
25.2056,3.52481
25.2302,3.751
25.2548,4.17917
25.2771,4.85506
25.2972,5.82855
25.3148,7.08792
25.3323,8.84827
25.3504,11.2947
25.3715,15.0581
25.3983,21.1866
25.4538,35.1491
25.4803,39.5058
25.5024,40.7078
25.5241,39.5165
25.5507,35.3435
25.6135,21.5392
25.6335,18.1528
25.6486,16.3051
25.6636,15.099
25.6844,14.5192
25.7013,15.0169
25.7174,16.3951
25.7344,19.0402
25.7493,22.6528
25.7642,27.8874
25.7786,34.9348
25.7924,44.1726
25.8062,56.4165
25.8216,74.316
25.8385,100.129
25.8569,136.349
25.8804,194.505
25.9388,360.7
25.9658,414.179
25.9898,430.757
26.0125,415.611
26.0391,364.443
26.1078,171.863
26.1293,122.545
26.1472,90.1368
26.1625,68.4939
26.1779,51.8703
26.1917,40.5194
26.2055,31.9322
26.2194,25.515
26.2341,20.4708
26.2489,16.8052
26.2658,13.8019
26.2827,11.6615
26.3042,9.74324
26.3273,8.31504
26.3561,7.0768
26.3903,6.08203
26.4349,5.2599
26.4684,4.89046
26.5123,4.67882
26.5211,4.67653
26.5505,4.79631
26.5741,5.09412
26.5977,5.69052
26.6183,6.60928
26.6356,7.80964
26.6532,9.60271
26.6707,12.1573
26.6883,15.6615
26.7059,20.2645
26.727,27.306
26.7596,40.8565
26.8018,58.6887
26.8281,66.0532
26.8503,68.1593
26.8721,66.1151
26.8942,60.3284
26.9339,44.4179
26.9675,30.5925
26.9896,23.2827
27.0084,18.5676
27.0235,15.8228
27.0408,13.7399
27.0544,12.8658
27.0657,12.6289
27.077,12.8459
27.092,13.8936
27.1071,15.9388
27.1217,19.0994
27.1364,23.7044
27.151,30.1053
27.1657,38.6865
27.182,51.2745
27.1984,67.397
27.2202,94.4744
27.2574,151.588
27.291,202.22
27.3155,227.77
27.3397,236.871
27.3614,229.483
27.3854,206.045
27.424,148.369
27.4598,93.5085
27.4816,66.4552
27.4989,49.5071
27.5152,37.0072
27.5306,28.0208
27.5452,21.6579
27.5597,16.926
27.5742,13.4589
27.59,10.7598
27.6053,8.90253
27.6237,7.35285
27.6421,6.29157
27.6666,5.34198
27.6958,4.61419
27.7281,4.09389
27.7712,3.67125
27.8143,3.44993
27.8574,3.38425
27.9077,3.50646
27.9417,3.75457
27.973,4.19031
27.993,4.65
28.0154,5.45286
28.0335,6.45325
28.0493,7.71345
28.0652,9.47347
28.0805,11.8075
28.0964,15.0446
28.114,19.8412
28.1316,26.0885
28.1532,35.8491
28.1864,54.511
28.2297,79.4636
28.2563,89.8209
28.2803,93.0998
28.3021,90.3888
28.3243,82.6752
28.3615,62.7313
28.3992,41.571
28.4214,31.6105
28.4385,25.7394
28.4556,21.5684
28.4684,19.558
28.4812,18.4975
28.4887,18.3177
28.5037,18.9497
28.5187,20.9579
28.5337,24.4424
28.5504,30.1846
28.5687,38.9353
28.59,52.4298
28.6205,76.8863
28.6662,116.077
28.69,131.03
28.7151,138.131
28.7196,138.305
28.7444,133.173
28.7667,120.682
28.8074,86.9008
28.8442,55.7184
28.8655,41.0301
28.8851,30.4296
28.9008,23.833
28.916,18.9109
28.9313,15.201
28.9465,12.4684
28.9643,10.2246
28.9836,8.6173
29.0011,7.67089
29.0186,7.05378
29.042,6.56877
29.0774,6.28548
29.0894,6.27324
29.1376,6.53752
29.1858,7.26598
29.222,8.1718
29.2581,9.51582
29.2912,11.3469
29.3187,13.6134
29.3408,16.2451
29.3591,19.3281
29.3784,23.9038
29.3956,29.6712
29.4106,36.576
29.4271,46.916
29.4424,59.8201
29.4593,78.706
29.4761,103.546
29.4932,135.86
29.5141,185.206
29.5416,265.823
29.5937,431.423
29.6206,493.307
29.6466,518.239
29.65,518.542
29.6735,501.568
29.699,449.883
29.7406,322.222
29.7767,209.528
29.7994,151.58
29.819,111.897
29.8361,84.9384
29.853,64.7103
29.8668,52.0512
29.8821,41.3303
29.8979,33.1903
29.9149,26.967
29.9319,22.6967
29.9488,19.885
29.9621,18.4848
29.9802,17.5065
29.9892,17.3733
30.0073,17.7564
30.0334,19.7111
30.062,23.4338
30.1208,32.7408
30.1515,35.6101
30.1656,35.9359
30.1921,34.6388
30.2222,30.4717
30.2953,16.0267
30.3196,12.1131
30.3422,9.3231
30.3623,7.49015
30.3799,6.31027
30.4022,5.25569
30.4241,4.57368
30.4532,4.00693
30.4969,3.55022
30.5491,3.27932
30.6244,3.11132
30.6621,3.08651
30.775,3.19048
30.8842,3.54006
30.9735,4.05382
31.045,4.67701
31.1165,5.58508
31.1788,6.73876
31.2323,8.15284
31.2783,9.87181
31.3154,11.7947
31.3525,14.504
31.3837,17.8157
31.4075,21.4345
31.4265,25.4433
31.4443,30.5796
31.463,38.1107
31.4796,47.4702
31.4962,60.3668
31.5114,76.2485
31.5277,99.1287
31.544,129.488
31.5618,172.924
31.5809,232.85
31.6034,323.207
31.6367,488.481
31.6806,718.76
31.7067,821.341
31.7343,871.34
31.7397,872.776
31.7638,845.073
31.7875,768.655
31.8264,577.597
31.8698,352.897
31.8926,255.912
31.9128,187.767
31.9288,145.197
31.9455,110.732
31.9603,87.0733
31.9752,68.9204
31.9909,54.453
32.0063,43.9288
32.0218,36.1196
32.0411,29.0965
32.0594,24.387
32.0806,20.5341
32.1071,17.326
32.1336,15.3648
32.1607,14.384
32.1742,14.2485
32.1967,14.5279
32.2298,15.9784
32.3019,21.0112
32.3364,22.1878
32.342,22.2045
32.3692,21.5032
32.4041,18.9077
32.481,10.8386
32.5103,8.50924
32.5353,7.13923
32.5503,6.5919
32.5704,6.17108
32.5854,6.08622
32.605,6.29209
32.6209,6.75873
32.6368,7.54855
32.6549,8.93002
32.673,10.9451
32.6918,13.8564
32.7126,18.1523
32.7356,24.309
32.772,36.4585
32.8147,50.994
32.8439,57.7864
32.8698,59.883
32.8971,57.5056
32.9283,49.8927
32.9986,26.205
33.0228,19.8194
33.0429,15.9299
33.059,13.8163
33.0711,12.8046
33.0873,12.2105
33.0914,12.1931
33.103,12.4203
33.118,13.2992
33.1368,15.2437
33.1616,19.0032
33.2268,31.1487
33.2559,34.7437
33.2792,35.6632
33.3041,34.4576
33.3332,30.5068
33.4124,14.571
33.4352,10.8098
33.4548,8.23996
33.4741,6.28147
33.4908,4.99931
33.5074,4.03274
33.5265,3.23297
33.5458,2.66922
33.5659,2.26712
33.5909,1.93526
33.621,1.68443
33.6612,1.47831
33.7264,1.28046
33.8016,1.14336
33.9019,1.03189
34.021,0.956651
34.1402,0.920829
34.2197,0.914855
34.3486,0.936591
34.4775,1.00939
34.5635,1.10428
34.6393,1.24388
34.7025,1.43436
34.7531,1.6834
34.7862,1.9413
34.8135,2.26487
34.8374,2.69592
34.8579,3.24924
34.8772,4.01588
34.8931,4.90519
34.9091,6.1137
34.925,7.73837
34.9409,9.88746
34.9569,12.6716
34.9751,16.757
34.9963,22.8594
35.0226,32.3612
35.0913,61.2417
35.1227,70.3563
35.1498,73.1003
35.1739,70.9359
35.2006,63.9827
35.2413,47.703
35.2835,30.0494
35.3085,21.4882
35.328,16.2013
35.3462,12.3327
35.3644,9.39293
35.3806,7.43678
35.3971,5.95013
35.4148,4.80745
35.4325,4.0064
35.4502,3.44926
35.4723,2.98567
35.4989,2.64514
35.5343,2.3988
35.5798,2.26734
35.5949,2.25292
35.6429,2.28001
35.7029,2.46102
35.7509,2.75738
35.7869,3.13283
35.8151,3.59992
35.8398,4.23287
35.861,5.05346
35.8787,6.03812
35.8963,7.4146
35.914,9.32473
35.9321,12.0223
35.9503,15.6573
35.9674,20.1174
35.9886,27.1744
36.0148,38.3163
36.0925,78.2725
36.1218,88.7823
36.1503,92.5822
36.1752,89.9465
36.2024,81.4244
36.2529,57.184
36.2897,40.0323
36.3114,32.2369
36.3316,27.0293
36.3457,24.658
36.3638,23.2349
36.3684,23.1775
36.382,23.762
36.3941,25.2941
36.4092,28.6843
36.4251,34.2307
36.441,42.1099
36.4591,54.376
36.4778,71.0118
36.5004,97.0281
36.5306,140.695
36.5936,241.296
36.6248,275.784
36.6532,287.987
36.6552,288.083
36.6853,278.129
36.7235,242.341
36.7822,177.489
36.8196,147.709
36.9366,82.5727
36.992,49.9453
37.0193,36.7626
37.0415,28.2159
37.0616,22.2046
37.0818,17.7276
37.102,14.5596
37.1183,12.7868
37.1368,11.4515
37.1554,10.7096
37.1743,10.4614
37.1921,10.6516
37.2124,11.3895
37.2327,12.7877
37.2512,14.8156
37.2707,18.0101
37.2874,21.9074
37.3042,27.2001
37.3209,34.2385
37.3382,43.7679
37.3568,56.9022
37.3784,76.4175
37.4054,106.844
37.4806,206.018
37.513,234.801
37.5398,242.819
37.5672,234.211
37.5994,205.179
37.6824,96.4107
37.7084,68.7461
37.73,50.6389
37.7486,38.5913
37.7672,29.3716
37.7839,23.1002
37.8006,18.3748
37.8173,14.8605
37.835,12.1464
37.8555,9.9169
37.8761,8.39225
37.8996,7.23519
37.9237,6.50416
37.9483,6.12901
37.9606,6.07614
37.9853,6.27152
38.0037,6.73676
38.025,7.71184
38.0452,9.18596
38.0654,11.3185
38.0881,14.6296
38.1135,19.5601
38.1501,28.5164
38.1995,41.188
38.2297,46.6115
38.2582,48.5102
38.2597,48.5105
38.2852,46.9775
38.3124,42.4616
38.3558,31.5208
38.3997,20.0145
38.4239,14.798
38.4468,10.885
38.4662,8.34581
38.4843,6.54964
38.5017,5.2457
38.5191,4.27997
38.5393,3.47843
38.5567,2.99549
38.5815,2.52958
38.6067,2.22511
38.6382,1.98434
38.6886,1.76363
38.7642,1.60378
38.855,1.54611
38.9504,1.59446
39.0396,1.743
39.1258,2.01702
39.1832,2.31073
39.2377,2.72433
39.2807,3.20143
39.3152,3.74274
39.3496,4.52947
39.3783,5.516
39.4013,6.67992
39.4214,8.13774
39.4386,9.87268
39.4564,12.3339
39.4732,15.5059
39.49,19.7718
39.5064,25.2725
39.5236,32.8347
39.5425,43.6587
39.5632,58.8803
39.5884,82.582
39.6212,120.517
39.6746,186.611
39.7079,216.245
39.7368,226.479
39.7397,226.569
39.7653,219.89
39.7951,196.927
39.8419,141.47
39.8841,90.2299
39.9105,64.0426
39.9306,48.1644
39.9507,35.7236
39.9679,27.5113
39.9851,21.2146
40.0012,16.7535
40.0173,13.3779
40.0354,10.5762
40.0534,8.55382
40.073,6.98953
40.0959,5.70401
40.1189,4.80674
40.1476,4.02062
40.1792,3.41519
40.2222,2.84239
40.2739,2.37792
40.3238,2.06823
40.3893,1.79285
40.4547,1.61671
40.5529,1.48236
40.6218,1.46599
40.6978,1.52828
40.7484,1.6315
40.799,1.81006
40.8421,2.0604
40.8775,2.39181
40.9041,2.77722
40.9263,3.25325
40.9484,3.95732
40.9683,4.88764
40.9855,6.02676
41.0028,7.5935
41.02,9.72661
41.0368,12.5137
41.0545,16.3726
41.074,21.9202
41.0943,29.3149
41.1196,40.9812
41.1571,62.303
41.2082,92.3123
41.2376,104.464
41.2678,109.436
41.2696,109.455
41.2984,105.475
41.3277,94.077
41.3784,64.8235
41.4179,42.1026
41.4442,29.8141
41.4655,21.9967
41.4847,16.498
41.5029,12.5108
41.5191,9.80895
41.5354,7.75356
41.5511,6.25332
41.5678,5.06619
41.5873,4.07623
41.6068,3.38651
41.629,2.84396
41.6535,2.44232
41.6849,2.10507
41.7227,1.857
41.7575,1.72776
41.7908,1.68407
41.8241,1.74029
41.8539,1.92074
41.8792,2.22135
41.8994,2.59838
41.9222,3.20927
41.9458,4.09271
41.9716,5.37303
42.0086,7.72471
42.0639,11.5441
42.0984,13.241
42.1297,13.7871
42.1596,13.2819
42.1941,11.6176
42.2785,5.88178
42.3074,4.32538
42.3318,3.32644
42.354,2.65826
42.3762,2.1841
42.3984,1.86292
42.4199,1.66062
42.4414,1.53403
42.4606,1.46561
42.5001,1.40896
42.5618,1.44085
42.6441,1.60937
42.7162,1.87041
42.778,2.21393
42.83,2.63792
42.8716,3.12484
42.9049,3.67282
42.9334,4.33294
42.9572,5.10752
42.981,6.21947
43.0018,7.63439
43.0207,9.47003
43.0389,11.9595
43.055,15.0007
43.0712,19.0842
43.088,24.7408
43.1046,32.1591
43.1229,42.8555
43.1403,55.8728
43.1602,74.7235
43.1859,105.249
43.224,161.245
43.2753,239.873
43.3048,272.553
43.3343,287.145
43.3398,287.52
43.3666,278.559
43.3942,252.583
43.438,189.392
43.4858,116.171
43.5112,83.8999
43.5331,61.582
43.5531,45.6079
43.5702,34.9588
43.5866,27.0278
43.6037,20.7248
43.6208,16.0351
43.6379,12.5908
43.6533,10.3063
43.6711,8.35192
43.6919,6.74746
43.7127,5.632
43.7395,4.65001
43.7644,4.01635
43.7977,3.42207
43.8393,2.91643
43.8886,2.5189
43.9366,2.26691
43.9969,2.08668
44.0573,2.04507
44.0888,2.09231
44.1208,2.21842
44.1529,2.47872
44.1796,2.87468
44.201,3.38245
44.2197,4.03167
44.2384,4.94229
44.2575,6.22535
44.2766,7.95566
44.2958,10.2212
44.3179,13.6014
44.3451,18.9022
44.3873,29.1672
44.4356,41.1441
44.4668,46.6396
44.4985,48.8454
44.5003,48.8531
44.5302,47.1271
44.5604,42.2938
44.6439,23.207
44.67,18.7116
44.6871,16.6482
44.7042,15.3414
44.7253,14.7761
44.7454,15.2515
44.7695,16.9422
44.8056,21.0509
44.8558,27.2661
44.8899,29.8309
44.9083,30.2236
44.9401,29.0825
44.9702,26.1158
45.0603,13.1902
45.0892,9.84915
45.1143,7.65211
45.1369,6.2275
45.157,5.35263
45.1742,4.85444
45.1958,4.51008
45.2102,4.4319
45.2318,4.52414
45.2533,4.87555
45.2749,5.53672
45.2954,6.54894
45.314,7.92274
45.3326,9.89973
45.3486,12.2402
45.3646,15.3559
45.3822,19.9506
45.3991,25.7219
45.4179,34.0234
45.4385,45.7811
45.4611,61.977
45.4892,86.9095
45.5657,163.837
45.599,186.808
45.6298,194.316
45.66,187.027
45.6938,163.862
45.7811,77.0318
45.8064,56.1166
45.829,41.1944
45.8491,30.7495
45.867,23.6019
45.8848,18.1302
45.9026,14.0397
45.92,11.1101
45.9369,9.03255
45.9538,7.5355
45.975,6.26339
45.9961,5.46888
46.0215,4.96586
46.0427,4.84712
46.0658,5.01814
46.086,5.46073
46.1068,6.27817
46.1276,7.56941
46.1468,9.29369
46.166,11.6484
46.1875,15.1838
46.2104,20.0609
46.2376,27.4151
46.2906,44.9628
46.3325,58.0259
46.3662,64.6257
46.3898,66.0531
46.4203,63.614
46.4495,57.2537
46.499,41.3186
46.5444,26.4226
46.5716,19.1489
46.5938,14.4481
46.614,11.1142
46.6342,8.58052
46.6544,6.7191
46.6716,5.55957
46.6894,4.68494
46.7073,4.06491
46.7286,3.56884
46.75,3.26611
46.7785,3.06727
46.7975,3.02848
46.8353,3.12586
46.8637,3.35357
46.8921,3.75875
46.9158,4.30168
46.9393,5.135
46.9581,6.11225
46.9768,7.49386
46.9956,9.4368
47.0112,11.6269
47.0268,14.4801
47.045,18.8199
47.0637,24.7219
47.0843,33.1681
47.1075,45.3546
47.134,62.9037
47.1795,99.7198
47.226,137.018
47.257,154.345
47.2885,161.087
47.2898,161.097
47.317,156.366
47.351,138.688
47.4015,98.4286
47.446,62.5538
47.472,45.3598
47.493,34.1467
47.514,25.3006
47.533,19.14
47.5497,14.9802
47.5663,11.7735
47.5829,9.33802
47.5994,7.52052
47.6182,6.0053
47.6369,4.91869
47.6588,4.02739
47.6838,3.33569
47.7101,2.84321
47.7401,2.45618
47.7801,2.10906
47.8301,1.83005
47.8864,1.6406
47.9408,1.54811
47.9681,1.53314
48.0178,1.57216
48.0515,1.67289
48.0852,1.88414
48.1077,2.12979
48.1302,2.50986
48.1499,3.00276
48.1695,3.70403
48.1878,4.60063
48.208,5.94566
48.2282,7.74314
48.2509,10.3976
48.2742,13.8629
48.3045,19.474
48.3793,35.3844
48.4126,40.5898
48.4439,42.7408
48.4496,42.7944
48.4783,41.4579
48.5076,37.6027
48.5551,28.0254
48.6061,17.2087
48.6339,12.396
48.6551,9.44168
48.6763,7.10817
48.6945,5.55626
48.7127,4.35922
48.7309,3.45519
48.7491,2.78399
48.7673,2.29173
48.7847,1.94588
48.8075,1.62709
48.8359,1.36751
48.8643,1.20111
48.8984,1.07059
48.9552,0.938443
49.0209,0.849974
49.0866,0.797047
49.218,0.749296
49.2786,0.744501
49.418,0.765591
49.5574,0.835755
49.6578,0.935778
49.7331,1.07156
49.7783,1.21621
49.8084,1.3727
49.8335,1.57074
49.8586,1.869
49.8787,2.21543
49.8988,2.69654
49.9189,3.35582
49.9404,4.31175
49.9618,5.58391
49.9857,7.42401
50.0133,10.1443
50.0555,15.3182
50.1157,22.9408
50.1519,25.9326
50.1803,26.7315
50.2121,25.8083
50.2473,22.8551
50.3382,11.8315
50.368,8.91823
50.3939,7.01228
50.4168,5.80157
50.4395,4.99476
50.459,4.58555
50.4784,4.40422
50.4849,4.39139
50.5043,4.49371
50.5238,4.8182
50.5428,5.38608
50.5641,6.39304
50.5824,7.66815
50.6006,9.44846
50.6189,11.8845
50.6379,15.3172
50.6571,19.9114
50.6782,26.5486
50.7016,36.1325
50.7261,48.8558
50.7609,71.1043
50.8305,119.832
50.8652,136.977
50.8971,143.261
50.9002,143.313
50.9297,138.862
50.9614,125.175
51.0197,86.9252
51.0606,60.9369
51.0858,48.583
51.1091,40.4914
51.1277,36.4493
51.1494,34.4077
51.1525,34.3395
51.1746,35.3303
51.1968,38.6155
51.2309,46.8724
51.296,64.7942
51.33,70.1454
51.3471,70.9235
51.3795,68.5379
51.4111,61.8328
51.4671,43.8429
51.5109,29.6458
51.5397,22.0365
51.5639,17.0871
51.5857,13.7456
51.605,11.5995
51.6223,10.2776
51.6376,9.54233
51.6591,9.14986
51.6798,9.47011
51.7005,10.5184
51.7212,12.3923
51.7419,15.238
51.7626,19.2236
51.7855,25.1806
51.8107,33.7993
51.8417,47.3862
51.9277,92.8594
51.9634,106.633
51.9959,111.978
52.0003,112.077
52.0326,108.259
52.0682,95.984
52.1578,51.9816
52.1852,41.562
52.2086,35.3719
52.2239,32.8621
52.2453,31.5764
52.2627,32.6319
52.2822,36.281
52.2999,42.171
52.3193,51.7723
52.3404,66.4041
52.3604,84.7159
52.3862,115.11
52.4186,163.488
52.499,301.334
52.5334,343.21
52.5669,359.547
52.5697,359.643
52.6033,345.416
52.6354,308.352
52.6937,209.71
52.7375,136.329
52.7652,98.4629
52.7885,73.0879
52.8085,55.9059
52.829,42.1868
52.8474,32.7671
52.8659,25.6048
52.8843,20.2406
52.9028,16.2657
52.9236,13.0225
52.9444,10.7218
52.9686,8.84831
52.9929,7.54919
53.0262,6.33952
53.0636,5.4399
53.1135,4.65617
53.1634,4.14526
53.2133,3.80584
53.2891,3.5144
53.3649,3.43054
53.4341,3.52609
53.5032,3.83695
53.5493,4.25182
53.58,4.70606
53.6108,5.41992
53.6364,6.34904
53.6569,7.43605
53.6774,8.96803
53.6978,11.1155
53.7183,14.0888
53.7388,18.13
53.7593,23.4946
53.7823,31.4048
53.8074,42.5363
53.8382,59.7538
53.9283,120.367
53.9621,136.841
53.9959,143.893
54.0002,144.003
54.0338,138.709
54.0656,124.918
54.1577,66.8162
54.1833,53.8627
54.209,44.5335
54.2294,40.0412
54.2495,38.3505
54.2532,38.3371
54.2753,40.2039
54.2975,45.3774
54.3212,54.475
54.35,69.8023
54.4074,109.13
54.4536,138.461
54.4876,151.462
54.5104,154.12
54.5428,148.905
54.5787,132.399
54.6746,68.4215
54.7039,52.8825
54.7306,42.3013
54.7521,36.3452
54.7732,32.6885
54.7943,31.101
54.7995,31.0238
54.8153,31.5736
54.8364,34.2324
54.8545,38.4789
54.8755,46.1929
54.8966,57.5978
54.9176,73.6647
54.9387,95.5297
54.9607,125.944
54.9848,169.26
55.0129,234.254
55.0476,334.934
55.1292,598.226
55.1679,681.694
55.1999,704.912
55.2321,680.943
55.2708,596.864
55.3711,277.187
55.4005,200.559
55.4266,146.744
55.45,109.476
55.4707,84.2067
55.4917,64.7889
55.5128,50.4606
55.5315,41.0689
55.5526,33.3599
55.5737,27.9138
55.5989,23.5176
55.6242,20.7858
55.6495,19.2998
55.6664,18.908
55.6905,19.185
55.7146,20.5899
55.7358,22.9851
55.757,26.7721
55.7781,32.3153
55.7993,40.0192
55.8227,51.5038
55.8484,68.2081
55.8796,94.3749
55.9296,146.621
55.9796,199.055
56.0148,225.273
56.0503,236.028
56.0531,236.124
56.0863,229.173
56.1303,202.274
56.1908,158.534
56.2278,142.785
56.252,139.663
56.2835,143.385
56.3685,167.839
56.3874,169.436
56.421,164.651
56.4546,149.919
56.505,114.694
56.5637,69.9942
56.5952,50.3206
56.6199,38.07
56.6435,28.9578
56.6645,22.8119
56.6855,18.2453
56.7056,15.0983
56.7258,12.9405
56.7459,11.5954
56.7661,10.9421
56.7795,10.8594
56.7992,11.2457
56.818,12.2199
56.84,14.2275
56.8588,16.8517
56.8776,20.4922
56.8979,25.7928
56.9212,33.9032
56.9468,45.6474
56.9756,62.4332
57.0216,95.7226
57.0744,135.047
57.1107,154.615
57.145,162.39
57.1497,162.493
57.1831,156.498
57.2204,137.617
57.3218,62.6679
57.3508,45.2175
57.3757,33.3034
57.3966,25.3978
57.4163,19.5902
57.436,15.1193
57.4556,11.7485
57.4735,9.44848
57.4929,7.58398
57.5123,6.21937
57.535,5.0819
57.5576,4.28322
57.5867,3.57726
57.6184,3.05856
57.6637,2.56519
57.7232,2.14245
57.7944,1.80542
57.8798,1.52983
57.9885,1.29192
58.1179,1.10178
58.2473,0.971209
58.4085,0.859793
58.5817,0.782025
58.8126,0.726099
58.9747,0.715383
59.1571,0.735477
59.2939,0.782189
59.4104,0.857627
59.5168,0.978872
59.5877,1.11325
59.6434,1.2803
59.6839,1.47112
59.7194,1.73411
59.7447,2.02048
59.7701,2.44308
59.7916,2.96448
59.8106,3.60143
59.8296,4.46248
59.8486,5.61528
59.8676,7.1371
59.8885,9.33617
59.9094,12.1894
59.9322,16.1515
59.9595,22.1525
59.996,32.1053
60.073,55.5109
60.1095,63.5315
60.1451,66.8599
60.15,66.9079
60.1844,64.426
60.2189,57.5815
60.2802,39.484
60.3273,25.6776
60.3577,18.4565
60.384,13.5444
60.4073,10.2087
60.4277,7.97903
60.4481,6.29179
60.4674,5.10344
60.4862,4.24524
60.5078,3.54494
60.5293,3.06536
60.5562,2.68072
60.5831,2.45401
60.6262,2.28644
60.6631,2.2565
60.7186,2.33561
60.7848,2.59464
60.8388,2.96426
60.8819,3.41724
60.9197,4.00877
60.9534,4.80887
60.9804,5.76693
61.004,6.98051
61.0243,8.43736
61.0445,10.4407
61.0643,13.1291
61.0838,16.6884
61.1032,21.4301
61.1226,27.6486
61.1437,36.4055
61.1663,48.5838
61.1928,66.8024
61.2252,95.0649
61.2834,157.528
61.3352,210.244
61.3741,235.108
61.4026,241.015
61.4367,233.497
61.482,203.975
61.5567,142.213
61.5947,120.492
61.6253,110.732
61.6683,106.297
61.6785,106.182
61.703,106.272
61.7565,102.945
61.797,93.4733
61.845,74.8974
61.9166,43.2801
61.9503,31.0068
61.9753,23.7962
61.9999,18.3503
62.021,14.9252
62.039,12.8149
62.0571,11.3945
62.0751,10.5981
62.0974,10.3885
62.1196,10.9439
62.1454,12.4376
62.1754,15.1631
62.2247,21.1722
62.2833,28.3896
62.3217,31.3301
62.3485,31.9541
62.3823,30.8745
62.4177,27.7528
62.4793,19.5395
62.5304,12.7316
62.5632,9.2243
62.591,6.9339
62.6165,5.35729
62.6398,4.29332
62.6605,3.5991
62.6864,2.99261
62.7123,2.60292
62.7433,2.33326
62.7744,2.20776
62.7962,2.17968
62.8396,2.2354
62.8831,2.43694
62.9157,2.71983
62.9429,3.09447
62.9676,3.60847
62.9907,4.31781
63.01,5.15299
63.0293,6.29539
63.0486,7.84717
63.0678,9.93184
63.087,12.6706
63.1066,16.3342
63.1285,21.6126
63.1508,28.5254
63.1786,39.4137
63.214,56.9048
63.306,108.92
63.3409,122.655
63.3778,128.364
63.3796,128.378
63.4139,123.905
63.454,108.664
63.5599,49.4125
63.5891,35.9621
63.6143,26.6553
63.6359,20.325
63.6566,15.5566
63.6755,12.1667
63.6944,9.54796
63.7132,7.55772
63.7333,5.98702
63.7525,4.87917
63.7718,4.06576
63.7949,3.37003
63.8219,2.82213
63.8528,2.41709
63.8835,2.15848
63.9143,1.99453
63.9553,1.88674
63.9758,1.8792
64.0066,1.93896
64.0349,2.09565
64.0587,2.33517
64.0825,2.71044
64.1063,3.26537
64.1302,4.04925
64.154,5.11083
64.1797,6.61311
64.2097,8.85804
64.2528,12.8887
64.3214,19.7499
64.3597,22.4901
64.3972,23.5629
64.4,23.5686
64.4343,22.7921
64.4696,20.5438
64.5331,14.4316
64.5822,9.72103
64.6138,7.29349
64.639,5.77602
64.6642,4.63014
64.6867,3.88951
64.7129,3.31845
64.7398,2.999
64.764,2.90578
64.7936,3.01922
64.8205,3.35463
64.8421,3.82188
64.8636,4.52603
64.8854,5.56735
64.9052,6.89944
64.925,8.7175
64.9448,11.1583
64.9646,14.3749
64.9867,19.0795
65.0093,25.3137
65.0361,34.7445
65.0669,48.4516
65.1183,76.4494
65.1759,107.758
65.2155,122.21
65.2498,126.505
65.2829,122.457
65.3199,109.414
65.3791,77.6812
65.431,49.2857
65.4619,35.4344
65.4877,26.1433
65.5121,19.2783
65.5341,14.5357
65.5537,11.2966
65.5746,8.6645
65.5939,6.85904
65.6132,5.51341
65.6325,4.51903
65.655,3.6857
65.6803,3.04194
65.7056,2.60797
65.7371,2.24834
65.7749,1.978
65.8128,1.81268
65.8632,1.69729
65.8936,1.67521
65.9366,1.71023
65.9745,1.83175
66.0062,2.04032
66.0315,2.32132
66.0568,2.75843
66.0789,3.32576
66.1011,4.13212
66.1232,5.25523
66.145,6.75301
66.1662,8.67642
66.1901,11.4761
66.2149,15.1649
66.2468,21.0946
66.2999,33.2048
66.3592,46.4436
66.3986,52.1248
66.4298,53.6098
66.4674,51.4762
66.51,44.6255
66.6122,21.3946
66.6446,15.4019
66.6724,11.3526
66.6952,8.78639
66.7174,6.86162
66.7377,5.54221
66.7579,4.56242
66.7782,3.85718
66.8025,3.29338
66.8268,2.96412
66.8547,2.80535
66.8647,2.79701
66.8945,2.91475
66.9208,3.21347
66.9464,3.73322
66.9687,4.43824
66.99,5.41805
67.0113,6.80021
67.0326,8.71155
67.0539,11.2991
67.0753,14.7444
67.0979,19.4527
67.1204,25.4156
67.1501,35.307
67.187,50.5414
67.266,86.9072
67.3049,100.235
67.343,106.037
67.3498,106.174
67.3828,102.906
67.4197,92.3403
67.4786,66.4176
67.5335,41.6136
67.5642,30.1906
67.5918,22.0198
67.6161,16.4086
67.638,12.523
67.6598,9.5952
67.6804,7.52531
67.7011,6.00531
67.7217,4.91414
67.7447,4.08378
67.7676,3.55572
67.7952,3.22377
67.8158,3.15364
67.8386,3.24335
67.8635,3.5581
67.8839,4.00971
67.9076,4.80572
67.9314,5.95257
67.9551,7.51619
67.9813,9.79223
68.0117,13.1976
68.0508,18.6466
68.1329,31.1392
68.1694,35.0121
68.2072,36.6162
68.21,36.6236
68.2445,35.4347
68.2871,31.1126
68.3956,14.894
68.4285,10.9132
68.4564,8.28473
68.4819,6.46523
68.5052,5.23469
68.5257,4.44871
68.549,3.82416
68.5726,3.43114
68.6022,3.20274
68.614,3.17988
68.6377,3.239
68.6614,3.43808
68.691,3.9166
68.7147,4.54482
68.7384,5.48555
68.7606,6.76758
68.7801,8.33582
68.7996,10.45
68.8191,13.2635
68.8387,16.95
68.8609,22.4534
68.8838,29.8328
68.9088,40.1392
68.9369,54.7176
68.9744,78.6763
69.0546,136.0
69.0942,157.043
69.1329,166.209
69.1397,166.426
69.1733,161.264
69.2108,144.577
69.2707,103.679
69.3264,64.6202
69.3576,46.6646
69.3856,33.8361
69.4104,25.0325
69.4326,18.9363
69.4524,14.7619
69.4719,11.5965
69.4914,9.19946
69.511,7.40914
69.5305,6.08666
69.5533,4.98466
69.5784,4.16444
69.6002,3.68798
69.633,3.26309
69.6657,3.10251
69.6712,3.099
69.6985,3.18559
69.7204,3.39487
69.7443,3.79888
69.7703,4.49562
69.7964,5.52345
69.8224,6.94488
69.8506,8.97854
69.886,12.2643
69.9932,24.385
70.0366,27.6684
70.0718,28.5423
70.1104,27.4527
70.1489,24.5688
70.2404,15.353
70.2692,13.2888
70.2904,12.384
70.3082,12.1187
70.3263,12.3746
70.3481,13.462
70.3677,15.2377
70.3881,17.9408
70.4136,22.5947
70.4442,30.0125
70.487,43.1644
70.5594,67.0227
70.6023,76.776
70.6401,79.794
70.6787,76.6575
70.7144,68.8466
70.7848,46.2211
70.8325,31.3751
70.8615,24.1363
70.8858,19.446
70.9102,16.0102
70.9255,14.5318
70.9459,13.36
70.964,13.0925
70.9821,13.5744
71.0002,14.8471
71.0183,16.9717
71.0378,20.2991
71.0612,25.8651
71.0843,33.2181
71.1097,43.5687
71.144,61.1553
71.2136,105.115
71.2635,133.934
71.3019,147.618
71.3296,150.718
71.3643,145.913
71.4048,129.451
71.4671,91.0982
71.518,59.5072
71.5503,43.0547
71.5752,32.8174
71.6001,24.7878
71.6209,19.662
71.6418,15.8134
71.6627,13.103
71.6794,11.6565
71.6961,10.7836
71.7128,10.4351
71.7295,10.5752
71.7512,11.4538
71.7715,12.9568
71.7969,15.7394
71.8273,20.3396
71.8701,28.7646
71.9509,46.2658
71.9895,52.0319
72.0272,54.1882
72.0292,54.1917
72.0645,52.3984
72.107,46.1094
72.1785,30.2266
72.2256,20.08
72.2571,14.5696
72.2854,10.6348
72.3091,8.08262
72.3331,6.10343
72.3536,4.81366
72.3741,3.83061
72.3947,3.09234
72.4181,2.47998
72.4437,2.01174
72.4722,1.66188
72.5007,1.42793
72.5406,1.21572
72.5863,1.0633
72.6585,0.915776
72.7396,0.816749
72.841,0.746216
72.9541,0.713193
72.9862,0.71116
73.0852,0.725398
73.1842,0.776701
73.2756,0.875284
73.339,0.998768
73.3771,1.11659
73.4152,1.29811
73.4469,1.53618
73.4723,1.82177
73.4951,2.18941
73.518,2.70758
73.5408,3.43446
73.5599,4.25149
73.5802,5.39308
73.603,7.08968
73.6259,9.31275
73.6512,12.5007
73.6812,17.328
73.7183,24.8609
73.8198,48.8775
73.8624,55.7115
73.9,57.8044
73.9386,55.5977
73.9741,50.1012
74.034,36.4209
74.0919,22.8812
74.1239,16.757
74.1532,12.2997
74.179,9.28818
74.201,7.31548
74.2231,5.82502
74.2452,4.73487
74.2674,3.96323
74.2896,3.44832
74.3163,3.09297
74.3437,2.9635
74.3492,2.9628
74.3711,3.04113
74.393,3.25603
74.4204,3.75464
74.4423,4.39369
74.4642,5.32193
74.4861,6.63527
74.5074,8.39449
74.5285,10.7355
74.5496,13.8134
74.5733,18.3344
74.5996,24.8829
74.6273,33.6545
74.6603,46.6033
74.7657,96.066
74.8099,110.651
74.8497,115.282
74.889,110.773
74.9312,97.1645
75.0418,45.5545
75.0766,32.181
75.1036,23.8989
75.1287,17.8556
75.1512,13.6351
75.1741,10.3577
75.1939,8.21638
75.2137,6.58774
75.2334,5.36749
75.2532,4.46573
75.2769,3.70087
75.3001,3.19974
75.3222,2.8886
75.3517,2.66535
75.3738,2.61869
75.3959,2.6728
75.4203,2.86282
75.4442,3.21495
75.4682,3.77961
75.4922,4.62176
75.5162,5.82001
75.5401,7.46072
75.5641,9.628
75.5902,12.6623
75.6206,17.1396
75.6643,25.1526
75.7492,42.0261
75.7922,47.7594
75.8296,49.4962
75.8689,47.6078
75.9139,41.3942
76.0233,19.8066
76.0591,14.0593
76.085,10.7581
76.111,8.18431
76.1332,6.51051
76.1555,5.26952
76.1777,4.40316
76.1996,3.86614
76.2215,3.60708
76.2362,3.57853
76.2527,3.68335
76.2734,4.02588
76.2941,4.62263
76.3148,5.50498
76.3355,6.71189
76.3603,8.64648
76.387,11.378
76.4192,15.6207
76.4605,22.4462
76.5422,37.344
76.583,42.8088
76.6227,45.1505
76.6297,45.2053
76.6657,43.7448
76.7066,38.9663
76.7689,27.9533
76.824,18.0217
76.8597,12.7532
76.8894,9.32115
76.9146,7.05209
76.9371,5.49346
76.9599,4.28597
76.9823,3.4081
77.0046,2.76712
77.0269,2.30811
77.0525,1.94793
77.078,1.71235
77.1099,1.53518
77.1482,1.4318
77.1821,1.4042
77.2243,1.43094
77.2665,1.5233
77.3087,1.70389
77.3389,1.91964
77.3708,2.27813
77.3982,2.7551
77.421,3.33366
77.4438,4.14644
77.4666,5.27837
77.4887,6.78193
77.5095,8.65977
77.533,11.4333
77.5564,15.0383
77.5825,20.1564
77.6138,27.95
77.656,41.1148
77.7404,70.5952
77.7821,81.3721
77.8229,86.0534
77.83,86.1613
77.8654,83.5171
77.9092,73.7877
77.9842,48.3736
78.0322,32.7108
78.0619,24.8474
78.09,19.0322
78.1135,15.4385
78.1331,13.2787
78.1528,11.8656
78.1725,11.1643
78.1823,11.0706
78.1993,11.3004
78.2209,12.2842
78.246,14.378
78.2743,17.8821
78.3076,23.4313
78.3687,36.1603
78.4271,47.8396
78.4682,53.0034
78.4998,54.2777
78.538,52.3649
78.5811,46.2358
78.6939,22.9228
78.7278,17.4141
78.7535,14.2983
78.7791,12.1711
78.8023,11.1062
78.8254,10.8301
78.8496,11.3401
78.8739,12.6007
78.9062,15.2886
78.9546,20.8324
79.0243,29.1589
79.0667,32.408
79.0985,33.2108
79.1374,32.059
79.1808,28.3224
79.2994,13.261
79.3332,9.76608
79.3622,7.39286
79.3883,5.74526
79.4148,4.49802
79.4388,3.68203
79.4628,3.10793
79.4868,2.72648
79.5161,2.46234
79.5422,2.37456
79.5509,2.37159
79.5769,2.43674
79.603,2.61776
79.6291,2.93792
79.6542,3.42411
79.679,4.13836
79.6996,4.97994
79.7203,6.12094
79.7409,7.64895
79.7636,9.89932
79.7862,12.8729
79.8096,16.8951
79.8353,22.6089
79.8645,30.8983
79.9002,43.7208
79.9608,70.2939
80.0208,95.9663
80.0648,108.297
80.0998,111.548
80.1363,108.004
80.1792,95.8095
80.2464,66.8511
80.3009,43.2234
80.3355,30.8967
80.3625,23.2074
80.3875,17.5431
80.4107,13.4634
80.4338,10.3365
80.4569,8.0007
80.4794,6.33224
80.5004,5.21012
80.5213,4.40782
80.5423,3.85653
80.5684,3.44526
80.5894,3.30084
80.5998,3.2847
80.6208,3.36319
80.6417,3.59731
80.667,4.11711
80.6923,4.94941
80.7176,6.16636
80.7429,7.84812
80.7682,10.0707
80.795,13.081
80.8272,17.6029
80.8757,26.0224
80.9554,40.8847
81.0059,47.7256
81.0504,50.4039
81.0607,50.5202
81.1097,48.653
81.1617,43.2184
81.323,19.7655
81.3727,13.7331
81.4109,9.97421
81.4448,7.3164
81.4737,5.54016
81.5026,4.16963
81.5286,3.23541
81.5516,2.60624
81.5767,2.0894
81.6019,1.71235
81.627,1.44059
81.6571,1.21408
81.6923,1.04152
81.7338,0.914713
81.789,0.814674
81.8581,0.743746
81.9486,0.69537
82.0541,0.676023
82.1945,0.695301
82.3349,0.764887
82.4593,0.881895
82.563,1.04223
82.6459,1.24106
82.7081,1.46407
82.7599,1.74169
82.8014,2.07945
82.8364,2.5133
82.8636,3.01029
82.8908,3.7273
82.9141,4.59849
82.9374,5.80319
82.9594,7.35231
82.9828,9.56201
83.0061,12.5138
83.0294,16.3762
83.0564,22.1832
83.0854,30.2572
83.1185,41.9034
83.1652,62.0955
83.2543,103.671
83.3055,120.603
83.3528,127.876
83.3735,128.633
83.4701,122.062
83.6094,110.751
83.666,99.1549
83.7227,80.2474
83.8184,42.6932
83.8581,29.8471
83.8887,21.9388
83.917,16.2211
83.9425,12.269
83.9663,9.46199
83.9865,7.62333
84.0091,6.06918
84.0316,4.92208
84.0541,4.08589
84.0811,3.38319
84.1037,2.97754
84.1345,2.60387
84.1756,2.31858
84.2064,2.21083
84.2373,2.17376
84.2796,2.23972
84.3141,2.42523
84.3486,2.79535
84.3774,3.32298
84.4004,3.95554
84.4234,4.8444
84.4464,6.06815
84.4698,7.7484
84.4934,9.98254
84.5198,13.2715
84.5463,17.4894
84.579,24.0618
84.622,34.7439
84.71,58.7662
84.757,67.7673
84.7978,70.6814
84.8,70.6895
84.8389,68.2914
84.8839,60.2428
84.9718,36.6554
85.0184,25.0634
85.0514,18.4998
85.081,13.9403
85.107,10.9643
85.1293,9.10654
85.1478,8.00459
85.1708,7.15615
85.194,6.85089
85.2158,7.062
85.2345,7.64372
85.2563,8.83588
85.2781,10.6563
85.2998,13.2005
85.3242,17.0746
85.3487,22.1771
85.3759,29.4467
85.4085,40.487
85.454,59.6725
85.541,99.5733
85.5824,113.156
85.625,119.011
85.6296,119.068
85.6714,114.408
85.7087,103.253
85.7749,73.8739
85.835,46.5158
85.8722,32.6231
85.9017,23.8937
85.9276,17.8727
85.9509,13.6384
85.9742,10.3709
85.9968,7.96379
86.0195,6.16516
86.0421,4.84008
86.0648,3.87338
86.0874,3.17137
86.1146,2.57667
86.1417,2.16607
86.1734,1.83654
86.2097,1.58106
86.255,1.36628
86.3184,1.17094
86.3908,1.02922
86.4995,0.908019
86.6228,0.854336
86.664,0.852108
86.7569,0.874971
86.8498,0.941681
86.9427,1.06877
87.0124,1.22666
87.0673,1.41609
87.1095,1.63028
87.1517,1.95191
87.1834,2.31578
87.2115,2.78575
87.2362,3.36966
87.2608,4.18875
87.2819,5.15055
87.303,6.43343
87.3256,8.26197
87.3481,10.696
87.3706,13.8828
87.3959,18.5569
87.4218,24.7258
87.4511,33.5821
87.4883,47.7539
87.5468,75.2271
87.6133,106.483
87.6583,120.947
87.6998,125.638
87.7428,120.575
87.7901,104.891
87.9083,49.049
87.9455,34.6406
87.9759,25.2697
88.0021,18.929
88.0274,14.1682
88.0502,10.8774
88.0709,8.5701
88.092,6.75854
88.1131,5.38468
88.1343,4.35148
88.1589,3.46946
88.1856,2.79494
88.2152,2.2815
88.249,1.88525
88.2912,1.55911
88.3391,1.31575
88.401,1.10645
88.4784,0.935143
88.5763,0.798865
88.6784,0.714247
88.8009,0.664143
88.8826,0.655694
89.0047,0.679643
89.0861,0.724754
89.1674,0.803126
89.2463,0.930629
89.2972,1.06221
89.3417,1.23933
89.3798,1.47689
89.4116,1.78142
89.4383,2.15815
89.4612,2.61105
89.4841,3.23132
89.507,4.07648
89.5299,5.21653
89.5541,6.82967
89.577,8.83922
89.6024,11.7325
89.6273,15.3447
89.6558,20.507
89.6924,28.7859
89.7474,44.0022
89.8257,66.5391
89.8805,77.8339
89.9326,82.575
89.9499,82.8124
90.0094,79.4864
90.0973,67.4712
90.2017,48.0023
90.3123,25.3749
90.3579,17.577
90.3934,12.7015
90.4218,9.59882
90.4498,7.19396
90.4738,5.59746
90.4977,4.36258
90.5217,3.42646
90.5455,2.73195
90.5709,2.19267
90.5962,1.80653
90.6266,1.48587
90.6571,1.27018
90.6976,1.08377
90.7452,0.949995
90.8087,0.847393
90.888,0.788128
90.9197,0.781096
90.9768,0.794454
91.0275,0.845717
91.0655,0.926054
91.0971,1.04038
91.1288,1.22514
91.1541,1.45046
91.1763,1.72868
91.1985,2.10895
91.2206,2.62211
91.2428,3.304
91.2672,4.29614
91.2916,5.59413
91.3201,7.56442
91.349,10.1122
91.3852,14.1027
91.4419,21.7353
91.5129,31.3252
91.5574,35.4214
91.5996,36.8033
91.6385,35.6345
91.6811,31.9478
91.7459,23.3955
91.8108,14.5304
91.8473,10.428
91.8784,7.62646
91.9063,5.6683
91.9314,4.30632
91.9564,3.26931
91.98,2.53924
92.0028,2.01254
92.0256,1.62373
92.0509,1.31358
92.0763,1.09669
92.1067,0.921015
92.1412,0.793922
92.1839,0.699494
92.2409,0.632019
92.3121,0.597977
92.3406,0.595624
92.4052,0.615717
92.4556,0.667926
92.4934,0.745882
92.5249,0.855045
92.5501,0.987392
92.5766,1.18907
92.6018,1.46384
92.627,1.84711
92.6522,2.37085
92.6774,3.06966
92.7051,4.08086
92.7359,5.54201
92.7722,7.75341
92.8206,11.4248
92.9012,18.0631
92.9516,21.0801
92.996,22.1297
92.9999,22.137
93.0423,21.3199
93.0887,18.7862
93.215,8.72168
93.2535,6.22466
93.2848,4.63373
93.3131,3.51981
93.3387,2.75764
93.3642,2.1892
93.3869,1.81814
93.4096,1.54897
93.4379,1.32487
93.4587,1.22276
93.4832,1.15611
93.5021,1.13897
93.5303,1.16462
93.5586,1.25536
93.5869,1.42554
93.6104,1.64703
93.6334,1.95599
93.6556,2.36603
93.6777,2.91629
93.6999,3.64049
93.7265,4.78991
93.7531,6.30241
93.7801,8.2584
93.812,11.1561
93.8575,16.3149
93.9507,28.2396
94.0014,32.9615
94.046,34.6064
94.05,34.6182
94.0925,33.3447
94.1391,29.3872
94.266,13.6474
94.3047,9.73654
94.3362,7.24208
94.3646,5.4928
94.3903,4.29294
94.4159,3.39418
94.4387,2.80284
94.4615,2.36753
94.49,1.99193
94.521,1.73716
94.559,1.57038
94.597,1.50385
94.6223,1.49559
94.6816,1.5508
94.7495,1.71212
94.8161,1.97723
94.8703,2.31053
94.9138,2.70871
94.9518,3.22722
94.9857,3.92011
95.0142,4.77279
95.0386,5.79888
95.063,7.21101
95.0875,9.15014
95.1119,11.7915
95.1363,15.3427
95.1607,20.0356
95.1858,26.3019
95.2112,34.3692
95.2389,45.3859
95.2742,62.9358
95.322,92.3845
95.4327,168.392
95.4935,198.582
95.5543,213.628
95.5934,216.269
95.6758,209.87
95.7541,190.438
95.8202,160.691
95.9688,69.5138
96.0096,48.9541
96.0439,35.2288
96.0706,26.7947
96.097,20.223
96.1232,15.2326
96.1461,11.9008
96.1689,9.35391
96.1925,7.38486
96.216,5.92496
96.2396,4.84763
96.2671,3.94078
96.2984,3.22131
96.3351,2.65391
96.3769,2.21792
96.4292,1.84891
96.4973,1.52314
96.5757,1.26322
96.6699,1.04481
96.7798,0.867568
96.8975,0.735186
97.0152,0.641292
97.1766,0.55384
97.378,0.489501
97.5795,0.461819
97.6467,0.460125
97.7931,0.471061
97.9395,0.508065
98.037,0.554949
98.1449,0.642684
98.2168,0.739627
98.2708,0.852985
98.3157,1.00017
98.3517,1.18232
98.3831,1.42292
98.4101,1.72469
98.4326,2.07482
98.455,2.54896
98.4772,3.17776
98.5003,4.05704
98.5234,5.2274
98.5465,6.7604
98.5722,8.98022
98.5969,11.7186
98.6239,15.4627
98.6563,21.058
98.6986,30.0864
98.8075,56.192
98.8548,63.9412
98.8997,66.5792
98.9431,64.122
98.9883,56.9416
99.0654,38.7446
99.124,25.0175
99.1594,18.1906
99.1911,13.2878
99.2178,10.0329
99.2435,7.58625
99.2692,5.71624
99.2917,4.47308
99.3154,3.48026
99.3379,2.7812
99.3604,2.26178
99.3828,1.87827
99.4098,1.54874
99.4368,1.31918
99.4644,1.15392
99.5029,0.998282
99.5511,0.875307
99.6089,0.783599
99.6859,0.710693
99.763,0.670132
99.8862,0.647114
100.002,0.659734
100.117,0.701853
100.233,0.778134
100.353,0.903301
100.452,1.06278
100.537,1.26438
100.614,1.53392
100.665,1.79617
100.71,2.1246
100.75,2.56372
100.785,3.11511
100.814,3.8211
100.84,4.67885
100.863,5.75803
100.888,7.32388
100.913,9.47218
100.938,12.3871
100.963,16.2816
100.989,21.7188
101.016,29.0793
101.047,39.7616
101.083,55.6813
101.125,79.1993
101.228,143.223
101.28,166.895
101.325,175.005
101.33,175.098
101.375,168.182
101.425,146.794
101.554,67.9921
101.593,48.4392
101.625,35.4132
101.655,26.0914
101.682,19.6074
101.706,15.0133
101.731,11.5388
101.756,8.95985
101.781,7.07495
101.807,5.66451
101.829,4.78454
101.855,4.05595
101.887,3.43538
101.925,2.96528
101.963,2.67893
102.012,2.47594
102.08,2.37827
102.151,2.4617
102.198,2.63774
102.246,2.96061
102.28,3.34824
102.313,3.9125
102.341,4.60461
102.369,5.595
102.396,7.01064
102.421,8.78615
102.446,11.1937
102.472,14.5178
102.497,18.9136
102.526,25.321
102.555,33.7969
102.586,45.1772
102.627,64.0033
102.754,134.314
102.799,152.082
102.846,159.457
102.85,159.491
102.893,154.023
102.936,138.859
103.007,101.17
103.077,62.5867
103.114,45.5324
103.145,34.3452
103.174,26.2245
103.199,20.6661
103.225,16.5127
103.25,13.5957
103.272,11.9615
103.297,10.9623
103.315,10.7776
103.341,11.2706
103.365,12.471
103.391,14.6078
103.421,18.1026
103.458,24.0084
103.507,33.8097
103.599,54.7056
103.651,62.987
103.696,65.7841
103.699,65.7955
103.743,63.42
103.788,56.6256
103.866,39.3111
103.928,25.2969
103.967,18.1176
104.001,13.1966
104.029,10.0114
104.057,7.57083
104.083,5.90198
104.106,4.76839
104.132,3.83598
104.158,3.17105
104.183,2.70688
104.214,2.33979
104.249,2.1031
104.29,1.98047
104.304,1.96978
104.348,2.02541
104.38,2.16693
104.413,2.42616
104.44,2.77177
104.467,3.28766
104.494,4.03603
104.518,4.97924
104.543,6.2638
104.567,7.98402
104.591,10.2442
104.617,13.3718
104.646,17.9223
104.674,23.6894
104.71,32.5943
104.76,47.7387
104.847,76.1081
104.893,87.294
104.941,92.5448
104.95,92.6902
104.993,89.5019
105.042,78.973
105.124,52.9079
105.182,34.5423
105.221,24.648
105.25,18.6804
105.279,13.9381
105.305,10.5664
105.329,8.19942
105.353,6.38692
105.378,5.02382
105.402,4.0144
105.428,3.20769
105.455,2.64372
105.482,2.25175
105.516,1.92567
105.556,1.68702
105.609,1.51804
105.662,1.44813
105.688,1.43856
105.744,1.46669
105.799,1.56954
105.841,1.71781
105.883,1.96818
105.916,2.28388
105.945,2.71601
105.97,3.2342
105.995,3.95678
106.02,4.95933
106.044,6.33735
106.069,8.20636
106.092,10.5113
106.118,13.9615
106.145,18.4498
106.175,24.9292
106.208,34.144
106.249,48.5657
106.368,96.9963
106.419,112.263
106.466,117.657
106.47,117.691
106.516,113.004
106.565,99.4416
106.66,60.5847
106.713,40.3405
106.751,28.6035
106.782,21.0669
106.81,15.5835
106.837,11.7084
106.86,9.0238
106.884,6.96705
106.908,5.41578
106.932,4.26018
106.955,3.40685
106.979,2.77933
107.007,2.25316
107.035,1.88164
107.066,1.58264
107.103,1.3411
107.156,1.1113
107.219,0.930465
107.298,0.778919
107.393,0.65631
107.52,0.549266
107.652,0.477695
107.81,0.423839
107.958,0.393955
108.148,0.375583
108.243,0.3733
108.464,0.384585
108.685,0.421537
108.878,0.482535
109.036,0.564079
109.172,0.671239
109.28,0.799031
109.37,0.951322
109.446,1.13833
109.509,1.37284
109.553,1.61808
109.59,1.92336
109.622,2.3119
109.65,2.78377
109.678,3.4425
109.703,4.23681
109.726,5.26583
109.75,6.61887
109.774,8.37631
109.802,11.0536
109.829,14.4263
109.858,18.9541
109.894,26.2
109.935,36.5315
109.991,53.7681
110.153,109.023
110.265,138.687
110.347,151.997
110.374,153.234
110.433,147.955
110.485,133.512
110.552,104.244
110.646,58.6705
110.689,41.516
110.724,30.0758
110.755,22.291
110.781,16.9851
110.808,12.8671
110.832,10.0187
110.855,7.94211
110.879,6.26667
110.903,5.01405
110.927,4.08445
110.954,3.30082
110.986,2.68287
111.022,2.21855
111.058,1.90615
111.106,1.62774
111.154,1.44054
111.233,1.24119
111.312,1.12269
111.391,1.0591
111.47,1.04142
111.548,1.07075
111.627,1.16198
111.686,1.29882
111.735,1.49974
111.774,1.76748
111.807,2.1166
111.835,2.54887
111.862,3.16777
111.885,3.8808
111.908,4.83227
111.931,6.08908
111.954,7.72814
111.98,10.1774
112.006,13.365
112.036,17.9822
112.067,24.1889
112.107,34.2263
112.162,51.3351
112.247,78.7312
112.297,90.1129
112.344,94.6738
112.35,94.7349
112.396,91.2045
112.444,80.9213
112.523,56.1046
112.585,36.3784
112.626,25.6683
112.659,18.8475
112.69,13.9449
112.718,10.4157
112.742,8.14563
112.765,6.38638
112.789,5.04652
112.812,4.04218
112.838,3.23767
112.864,2.68479
112.889,2.30061
112.92,1.99523
112.946,1.8579
112.971,1.79943
112.983,1.79794
113.009,1.85158
113.039,2.02643
113.066,2.29937
113.092,2.7173
113.119,3.31133
113.146,4.11873
113.173,5.1761
113.205,6.81723
113.243,9.25274
113.292,13.2833
113.395,22.6082
113.449,26.1472
113.497,27.3071
113.5,27.3099
113.549,26.1998
113.601,22.862
113.735,10.838
113.775,7.88538
113.81,5.81552
113.842,4.39576
113.869,3.44658
113.898,2.69859
113.925,2.2018
113.952,1.85011
113.983,1.58358
114.009,1.45212
114.037,1.39329
114.046,1.38926
114.075,1.42778
114.104,1.5469
114.133,1.76133
114.161,2.09596
114.189,2.5695
114.216,3.18545
114.242,4.00192
114.273,5.25479
114.304,6.87477
114.34,9.2606
114.391,13.4381
114.495,23.0226
114.545,26.402
114.594,27.8344
114.602,27.8607
114.651,26.7358
114.706,23.2408
114.832,12.3153
114.873,9.51103
114.906,7.84826
114.93,6.96851
114.954,6.43082
114.978,6.23115
115.002,6.39544
115.026,6.9635
115.05,7.99277
115.075,9.609
115.099,11.8958
115.124,14.9732
115.152,19.6225
115.182,26.0267
115.215,35.2861
115.256,49.5377
115.316,75.122
115.399,111.943
115.451,127.943
115.5,133.748
115.502,133.757
115.549,129.057
115.605,113.654
115.698,79.5623
115.743,67.6702
115.777,62.992
115.798,62.1865
115.827,63.808
115.866,70.44
115.92,85.9238
116.002,111.269
116.055,120.309
116.077,121.198
116.125,116.641
116.172,104.394
116.246,75.4198
116.318,46.571
116.359,33.3667
116.394,24.1512
116.426,17.7393
116.452,13.5611
116.479,10.3325
116.506,7.89218
116.529,6.27907
116.552,5.05216
116.575,4.1275
116.603,3.31859
116.631,2.74764
116.665,2.27989
116.705,1.91338
116.754,1.62903
116.814,1.42435
116.894,1.2696
116.987,1.17869
117.0,1.17075
117.0,29.3644
139.877,26.6234
150.0,25.4105
179.329,23.3184
200.0,21.844
239.106,20.1926
285.858,18.2184
300.0,17.6212
358.659,16.4158
428.788,14.9747
500.0,13.5114
597.765,12.4283
700.0,11.2957
836.871,10.4025
1000.0,9.33785
1195.53,8.62786
1429.29,7.77906
1500.0,7.52231
1793.3,6.89827
2000.0,6.45846
2391.06,5.97664
2858.58,5.40062
3000.0,5.22638
3586.59,4.87974
4287.88,4.46533
5000.0,4.04451
5977.65,3.75542
7000.0,3.45311
8368.71,3.2067
9000.0,3.09305
10759.8,2.96174
12863.6,2.80475
15378.9,2.61707
18385.9,2.39268
20000.0,2.27224
23910.6,2.19031
28585.8,2.09236
34175.2,1.97525
40000.0,1.85322
47821.2,1.77759
57171.7,1.68718
60000.0,1.65983
78024.2,1.52005
78024.2,1.52002
120000.0,1.1427
155000.0,0.931361
157000.0,0.906694
158000.0,0.918523
210000.0,0.733183
270000.0,0.591598
295000.0,0.54482
301000.0,0.51662
330000.0,0.493104
340000.0,0.469454
370000.0,0.453707
371000.0,0.451385
375000.0,0.454478
380000.0,0.430555
410000.0,0.42058
510000.0,0.294439
540000.0,0.289433
560000.0,0.266006
570000.0,0.265423
580000.0,0.269379
600000.0,0.265127
620000.0,0.268252
642500.0,0.249676
660000.0,0.247411
680000.0,0.247561
700000.0,0.235701
720000.0,0.235868
740000.0,0.222293
760000.0,0.216943
780000.0,0.202079
820000.0,0.189959
840000.0,0.178188
865000.0,0.171863
875000.0,0.169005
880000.0,0.168975
900000.0,0.170358
920000.0,0.164168
950000.0,0.165257
1040000.0,0.149397
1200000.0,0.129291
1400000.0,0.112493
1550000.0,0.102979
1750000.0,0.0896908
2100000.0,0.0713556
2500000.0,0.0536283
3050000.0,0.0354804
3350000.0,0.0280012
4000000.0,0.0162966
5000000.0,0.00670024
5700000.0,0.0036563
6000000.0,0.00285299
6400000.0,0.00208576
7000000.0,0.00130918
7400000.0,0.00103089
8000000.0,7.88684E-4
9000000.0,6.53781E-4
1.1E7,6.28677E-4
1.2E7,5.91196E-4
1.325E7,5.01961E-4
1.425E7,4.11989E-4
1.5125E7,3.237E-4
1.6125E7,2.42651E-4
1.7E7,1.88078E-4
1.8E7,1.45495E-4
1.9125E7,1.14178E-4
2.0E7,9.52161E-5
2.2E7,6.76518E-5
2.35E7,5.40707E-5
2.5E7,4.34888E-5
2.675E7,3.43484E-5
2.85E7,2.73588E-5
3.05E7,2.13758E-5
3.225E7,1.7227E-5
3.425E7,1.36268E-5
3.625E7,1.08007E-5
3.825E7,8.58372E-6
4.025E7,6.84941E-6
4.25E7,5.42778E-6
4.45E7,4.40387E-6
4.6E7,3.74445E-6
4.85E7,2.93789E-6
5.0E7,2.5409E-6
5.4E7,1.7544E-6
5.8E7,1.23437E-6
6.0E7,1.03815E-6
