91-Pa-231(n,total fission) ENDF/B-VII.1
1.0E-5,1.04518
1.31241E-5,0.912337
1.70876E-5,0.799553
2.2426E-5,0.697936
2.91987E-5,0.611658
3.83206E-5,0.533914
4.98935E-5,0.467914
6.54808E-5,0.408443
8.52562E-5,0.35796
1.11891E-4,0.312463
1.45682E-4,0.273836
1.91195E-4,0.239039
2.48937E-4,0.209492
3.26707E-4,0.18286
4.25373E-4,0.160256
5.58264E-4,0.139885
7.26861E-4,0.122601
9.53941E-4,0.107018
0.00124203,0.0937852
0.00163006,0.0818661
0.00212234,0.0717483
0.00278538,0.0626313
0.00362657,0.0549015
0.00475955,0.0480163
0.00619694,0.042089
0.00813293,0.0367428
0.0105891,0.0322578
0.0138972,0.0281461
0.0180942,0.0246604
0.0234661,0.0216856
0.0253,0.020911
0.033204,0.0183216
0.0432317,0.0161336
0.0567377,0.014245
0.0738726,0.0126579
0.0969512,0.0113186
0.126231,0.0103359
0.165666,0.0097342
0.182647,0.00967094
0.21836,0.00994691
0.250382,0.0108407
0.268623,0.0118215
0.28754,0.0134808
0.303399,0.0157549
0.315474,0.0184346
0.32604,0.0219222
0.335096,0.0262998
0.342794,0.0316217
0.35019,0.038881
0.356529,0.0475911
0.362567,0.0589092
0.369238,0.0759392
0.376212,0.0995791
0.391547,0.161357
0.397585,0.17784
0.403381,0.183394
0.408694,0.179248
0.417268,0.15967
0.429886,0.125957
0.436226,0.114099
0.442565,0.10711
0.448904,0.105198
0.456289,0.109807
0.463674,0.122774
0.47145,0.146248
0.484781,0.197385
0.490705,0.210605
0.493482,0.211895
0.499222,0.202995
0.505702,0.176625
0.519587,0.102039
0.525234,0.0779508
0.530441,0.0610255
0.535417,0.0490027
0.541087,0.0391195
0.546294,0.0326316
0.55208,0.0274256
0.559023,0.0230409
0.565965,0.0199848
0.575223,0.017215
0.585868,0.0151773
0.596977,0.013862
0.611788,0.0129275
0.627096,0.0126557
0.644016,0.0130627
0.659911,0.0142403
0.67273,0.0160354
0.682984,0.0183687
0.691957,0.0214744
0.70093,0.0261048
0.709903,0.0327849
0.728413,0.0505513
0.734771,0.0544748
0.739078,0.0552913
0.745108,0.0534571
0.752204,0.0472509
0.769586,0.0255103
0.77579,0.0193155
0.781686,0.0148441
0.78707,0.0118359
0.792454,0.00964199
0.797837,0.00805705
0.804759,0.00664531
0.811681,0.00570279
0.819372,0.00500503
0.829627,0.00442415
0.838856,0.00410742
0.852188,0.0038483
0.879363,0.00368226
0.910127,0.00374946
0.958159,0.00409329
1.00996,0.00473962
1.04164,0.00534975
1.07331,0.00625744
1.09944,0.00741115
1.1195,0.00875719
1.13718,0.0105526
1.15038,0.0125515
1.16225,0.0151919
1.17149,0.018151
1.18033,0.0221396
1.18865,0.0273531
1.19762,0.0349656
1.21974,0.0587852
1.22596,0.0633709
1.23335,0.0650589
1.23969,0.0626568
1.24602,0.0569587
1.25764,0.0413829
1.26809,0.0270689
1.27495,0.0194675
1.28076,0.014446
1.28604,0.0109291
1.29131,0.00825657
1.29606,0.00643193
1.30108,0.00496899
1.30636,0.00381788
1.31164,0.00296113
1.31692,0.00231923
1.32219,0.00183443
1.32813,0.00142578
1.33433,0.00111095
1.34067,8.74508E-4
1.347,7.00542E-4
1.35347,5.70283E-4
1.36099,4.62824E-4
1.36891,3.86869E-4
1.37524,3.4625E-4
1.38475,3.09648E-4
1.39425,2.93993E-4
1.39873,2.91942E-4
1.41219,3.00327E-4
1.43014,3.33391E-4
1.47158,4.48817E-4
1.57895,7.60899E-4
1.7357,0.00117743
1.79091,0.00138665
1.82312,0.00157217
1.84986,0.00181034
1.86683,0.00204131
1.88408,0.00239763
1.89846,0.00284668
1.91859,0.00374243
1.93343,0.00438265
1.94344,0.00456841
1.95218,0.00444825
1.96184,0.00398361
1.97426,0.00302546
1.98789,0.00190761
1.99566,0.00139098
2.00206,0.00106115
2.00788,8.35475E-4
2.01306,6.87796E-4
2.01823,5.81735E-4
2.02355,5.07341E-4
2.03031,4.50496E-4
2.03764,4.21407E-4
2.04742,4.1394E-4
2.06467,4.39659E-4
2.12276,5.69691E-4
2.1774,6.556E-4
2.25216,7.26136E-4
2.35108,7.6802E-4
2.39709,7.72965E-4
2.49575,7.54298E-4
2.62229,6.7004E-4
2.65351,6.54122E-4
2.67693,6.74153E-4
2.68863,7.15974E-4
2.69644,7.69508E-4
2.70522,8.72542E-4
2.71254,0.00101358
2.71863,0.0011886
2.72473,0.0014362
2.73083,0.001779
2.73693,0.00224099
2.74376,0.00292629
2.75107,0.00387611
2.76083,0.00546698
2.78229,0.0093393
2.7923,0.0105501
2.80171,0.0109587
2.81273,0.010492
2.82522,0.00906778
2.84766,0.00600382
2.85985,0.00474321
2.87205,0.0038581
2.88546,0.00321468
2.9001,0.00276282
2.91888,0.00239471
2.94229,0.00210647
2.97351,0.0018653
3.01059,0.00168182
3.08137,0.0014637
3.28673,0.00101894
3.35862,8.39434E-4
3.36715,8.32208E-4
3.37995,8.51347E-4
3.38849,9.02818E-4
3.395,9.79092E-4
3.40174,0.00110991
3.40848,0.00131711
3.4141,0.00156982
3.41971,0.00191699
3.42533,0.00238025
3.43184,0.00308977
3.43892,0.00409548
3.44689,0.00552926
3.46015,0.00846367
3.4765,0.0121254
3.48789,0.0138298
3.49806,0.0143389
3.50858,0.0138193
3.52259,0.0119249
3.54595,0.00804996
3.55943,0.00634275
3.57246,0.0051918
3.58504,0.00444286
3.59941,0.00387264
3.61469,0.00346663
3.6376,0.00306632
3.6695,0.0027179
3.71442,0.00241618
3.79151,0.00210097
3.92723,0.00165172
4.00552,0.00128825
4.01351,0.00127561
4.02551,0.00132329
4.03351,0.0014378
4.0394,0.0015911
4.04603,0.00186158
4.05266,0.00226774
4.05897,0.00281176
4.06528,0.00353533
4.07286,0.0046629
4.08212,0.00641808
4.11158,0.0130734
4.12337,0.0148527
4.13456,0.0154631
4.14567,0.0150171
4.16125,0.0131699
4.1865,0.00959433
4.20081,0.0081246
4.2148,0.00717414
4.22647,0.0066737
4.24202,0.00630481
4.26002,0.00619697
4.28401,0.00650958
4.32301,0.00762075
4.3343,0.00775136
4.3516,0.00749114
4.3724,0.00654137
4.39599,0.00540113
4.40999,0.00504788
4.41799,0.00499348
4.43299,0.00518242
4.44637,0.00566438
4.46271,0.00664898
4.50156,0.00983626
4.51503,0.0103053
4.51684,0.0103062
4.52858,0.0098976
4.53989,0.00885136
4.55719,0.00644366
4.57309,0.00416307
4.5828,0.00303704
4.59009,0.00237983
4.59671,0.00192325
4.60333,0.00158937
4.60885,0.00139226
4.61548,0.0012356
4.6221,0.00114708
4.62916,0.0011073
4.63402,0.00110325
4.64859,0.00115696
4.71615,0.00159147
4.79244,0.00193417
4.92612,0.00247168
4.97612,0.00279463
5.02714,0.00318672
5.03735,0.00320855
5.06551,0.0030774
5.09959,0.00283339
5.10674,0.00282897
5.12714,0.00295908
5.14755,0.00330365
5.16796,0.00388967
5.18503,0.00465897
5.20036,0.0056868
5.21536,0.00708888
5.25436,0.0117088
5.26529,0.0125433
5.27493,0.0128111
5.28757,0.0123845
5.30246,0.0108553
5.33616,0.00591201
5.34821,0.00451221
5.35892,0.00358949
5.36964,0.00294784
5.37821,0.00260076
5.38785,0.00234406
5.4007,0.00215412
5.4216,0.00205148
5.42856,0.00204706
5.48212,0.00216334
5.55189,0.00236076
5.57392,0.00254463
5.58894,0.00283929
5.60333,0.00332826
5.61842,0.0040887
5.64441,0.00583553
5.69257,0.00942194
5.71009,0.0113378
5.72253,0.0133628
5.73446,0.0160814
5.74789,0.020227
5.76992,0.0291543
5.78995,0.037099
5.80077,0.0397906
5.81008,0.0405821
5.8216,0.0393037
5.83322,0.0356179
5.85005,0.027385
5.87058,0.0164722
5.88184,0.0115034
5.89036,0.00849271
5.89787,0.00637618
5.90538,0.00472421
5.91214,0.00358259
5.91815,0.0027984
5.92416,0.00219305
5.93042,0.00171605
5.93605,0.00139315
5.94281,0.0011084
5.94957,9.08251E-4
5.9552,7.89503E-4
5.96196,6.89511E-4
5.96922,6.19744E-4
5.97924,5.66916E-4
5.98926,5.46554E-4
5.99426,5.44467E-4
6.01429,5.6802E-4
6.05886,6.93315E-4
6.17689,0.00104917
6.29156,0.00131988
6.3717,0.00145846
6.44684,0.0015303
6.46787,0.00160489
6.4829,0.00172711
6.50093,0.00198485
6.52477,0.00249883
6.55683,0.00321062
6.58007,0.00350219
6.65621,0.00377344
6.68885,0.00415795
6.71377,0.00470455
6.73454,0.00546804
6.74949,0.00633634
6.76298,0.00750587
6.77647,0.00922812
6.78923,0.0115523
6.8015,0.0145583
6.81867,0.0200226
6.84909,0.0307062
6.86273,0.0337984
6.87411,0.0346384
6.88707,0.0333762
6.90159,0.0294469
6.94084,0.013998
6.95298,0.0101695
6.96341,0.0076258
6.972,0.00602396
6.98083,0.00477987
6.99027,0.00381872
6.99972,0.00315042
7.01051,0.00264371
7.02131,0.00232283
7.03308,0.00210795
7.04486,0.0019805
7.06841,0.00186626
7.08926,0.00184342
7.13514,0.00189697
7.24521,0.00221575
7.35115,0.00266191
7.43145,0.00316054
7.48665,0.00370624
7.61512,0.00556235
7.64021,0.00622432
7.66028,0.00710296
7.6791,0.00838877
7.69417,0.00993349
7.70775,0.0119274
7.72133,0.0147308
7.73423,0.0183659
7.75019,0.0243673
7.77573,0.0367389
7.79648,0.0463874
7.81212,0.0507115
7.81979,0.0513508
7.83341,0.0497521
7.84915,0.0438794
7.87256,0.0304535
7.89172,0.0193741
7.90369,0.0136938
7.9138,0.00987427
7.92257,0.00727456
7.93042,0.00546087
7.93787,0.00412425
7.94492,0.00314893
7.9513,0.00246598
7.95769,0.00193797
7.96407,0.00153461
7.97046,0.00122999
7.97684,0.00100258
7.98429,8.11757E-4
7.99174,6.80777E-4
7.99999,5.86158E-4
8.00797,5.30615E-4
8.01994,4.92117E-4
8.02792,4.86741E-4
8.04388,5.0629E-4
8.06729,5.76286E-4
8.11943,7.98815E-4
8.27179,0.00155174
8.36123,0.00208728
8.42266,0.00257519
8.47384,0.00314529
8.50967,0.00372026
8.53936,0.00441098
8.56392,0.00526766
8.5844,0.00636495
8.60078,0.00769635
8.61537,0.00943068
8.62752,0.0114365
8.63968,0.0140918
8.65503,0.0185063
8.67551,0.0260601
8.70417,0.0370435
8.71666,0.0402896
8.73181,0.0417135
8.74696,0.0399183
8.76273,0.0349717
8.805,0.0159772
8.81754,0.0113601
8.82829,0.00821986
8.83725,0.00617261
8.84544,0.00471056
8.85337,0.00361647
8.86105,0.00280993
8.86796,0.00225746
8.87538,0.00181056
8.883,0.00147574
8.89061,0.0012365
8.89931,0.00104963
8.90584,9.5427E-4
8.9148,8.68448E-4
8.92823,8.06135E-4
8.94167,7.93274E-4
8.95958,8.1963E-4
8.99179,9.29909E-4
9.04469,0.00119255
9.09476,0.00152353
9.1268,0.0018213
9.15684,0.00222208
9.21493,0.00324605
9.23495,0.00342289
9.23996,0.00342969
9.25999,0.00328641
9.28182,0.00286797
9.31382,0.00212691
9.33009,0.00185634
9.34511,0.00171246
9.36263,0.00166436
9.38417,0.00173307
9.42723,0.00206429
9.48414,0.00264717
9.52629,0.00324694
9.55188,0.00378972
9.57332,0.00447171
9.59048,0.00527997
9.60742,0.00642414
9.62575,0.00815763
9.65095,0.011333
9.67883,0.0149242
9.69341,0.0161115
9.70387,0.0164257
9.72007,0.0158703
9.7363,0.0141248
9.76375,0.00964782
9.78219,0.00668872
9.79506,0.00502608
9.80578,0.00395974
9.81607,0.003205
9.82636,0.00268431
9.8373,0.00234147
9.84824,0.00216403
9.86282,0.00210414
9.88469,0.00222919
9.919,0.0026344
9.97515,0.00349639
10.0243,0.00448244
10.0644,0.00559437
10.0975,0.00691318
10.1235,0.00841576
10.1444,0.0101932
10.1619,0.0123733
10.1749,0.0146841
10.1873,0.0177717
10.1998,0.0221
10.211,0.0274712
10.2216,0.0342272
10.2329,0.0435766
10.246,0.0577884
10.2609,0.078565
10.3061,0.154291
10.3204,0.171239
10.3352,0.17879
10.3372,0.178923
10.3514,0.173661
10.3689,0.15373
10.3994,0.100843
10.4188,0.0683168
10.4323,0.0501592
10.4443,0.0375331
10.4555,0.028526
10.4655,0.0225045
10.4755,0.018012
10.4854,0.0147259
10.4957,0.0122996
10.5078,0.0103455
10.52,0.00907947
10.5362,0.00809705
10.5483,0.00772048
10.5649,0.00756469
10.5818,0.00776765
10.603,0.00856532
10.6199,0.00977143
10.6353,0.0114802
10.6492,0.013696
10.666,0.0173829
10.6839,0.0226772
10.7275,0.0378443
10.7416,0.0412238
10.7566,0.0426128
10.7728,0.0410957
10.7888,0.0366925
10.8125,0.0268042
10.8368,0.0161881
10.85,0.011431
10.8611,0.00819674
10.8702,0.00610124
10.8784,0.00462695
10.8865,0.00347865
10.8935,0.00270592
10.9006,0.00211692
10.9077,0.00168139
10.9148,0.00137147
10.9219,0.00116264
10.928,0.00104812
10.9361,9.68081E-4
10.9432,9.51109E-4
10.9523,9.83836E-4
10.9644,0.00109659
10.9806,0.00133117
11.0014,0.00173279
11.0243,0.00229561
11.0464,0.00298874
11.0671,0.0038469
11.0832,0.00475358
11.0973,0.00581099
11.1114,0.00725241
11.1241,0.00902943
11.1367,0.0114399
11.1494,0.0146808
11.1635,0.019481
11.1783,0.026035
11.1987,0.0373769
11.2306,0.0561252
11.2465,0.0625765
11.2632,0.0649671
11.2784,0.0626007
11.2944,0.0558737
11.3188,0.04047
11.3418,0.0254364
11.3559,0.0178134
11.3671,0.0129349
11.377,0.00956838
11.3864,0.00708419
11.3948,0.00537744
11.4023,0.0042201
11.4094,0.00339501
11.4164,0.00278098
11.4227,0.00237942
11.4291,0.00209772
11.4333,0.00196704
11.4417,0.00182191
11.446,0.00180005
11.4556,0.00185951
11.4638,0.00201723
11.4735,0.0023251
11.484,0.00281632
11.4945,0.00350122
11.505,0.00443441
11.5155,0.00569877
11.526,0.00740959
11.5365,0.00971669
11.547,0.0128019
11.5575,0.0168684
11.568,0.0221187
11.5805,0.0301406
11.5948,0.0417659
11.6148,0.0618884
11.644,0.09287
11.6624,0.106735
11.6789,0.11159
11.6802,0.111617
11.6944,0.108511
11.709,0.0994358
11.733,0.0761863
11.761,0.0470877
11.776,0.0343171
11.7895,0.0252523
11.8,0.0197595
11.81,0.0156542
11.82,0.0124794
11.83,0.0100617
11.841,0.00808389
11.853,0.00653217
11.865,0.00543119
11.88,0.00448462
11.897,0.0037882
11.9139,0.00334915
11.9309,0.00309003
11.9546,0.00296673
11.9744,0.00306011
11.9999,0.00343261
12.05,0.00453666
12.0712,0.00473339
12.0898,0.00457068
12.1084,0.00407408
12.134,0.00301819
12.16,0.00189023
12.1746,0.00137597
12.1871,0.00103092
12.1981,8.04385E-4
12.2086,6.49862E-4
12.2183,5.52748E-4
12.2296,4.85522E-4
12.2386,4.58571E-4
12.2499,4.49327E-4
12.2681,4.71418E-4
12.3001,5.59394E-4
12.4728,0.00114087
12.5803,0.00157788
12.6704,0.00204834
12.7531,0.00262567
12.8184,0.00324583
12.8782,0.0040266
12.9257,0.00488698
12.9713,0.00605338
13.0062,0.00733981
13.0353,0.00889259
13.0563,0.0105167
13.0737,0.0124645
13.0877,0.0146789
13.1017,0.0178194
13.1141,0.0217656
13.1263,0.0271516
13.1385,0.0345296
13.1507,0.0444326
13.1637,0.0582661
13.1792,0.0796732
13.1982,0.112624
13.2394,0.191295
13.2598,0.219175
13.2806,0.232688
13.2886,0.234055
13.383,0.209634
13.4094,0.190501
13.432,0.160925
13.4809,0.080277
13.4984,0.0564779
13.512,0.0418675
13.524,0.0316453
13.5351,0.0242607
13.5455,0.0188334
13.5563,0.0145383
13.5667,0.0113667
13.5775,0.00889817
13.5883,0.00704033
13.6006,0.00546397
13.6135,0.00425423
13.6264,0.00336043
13.6412,0.00260311
13.656,0.00203875
13.6726,0.00156159
13.6892,0.00120136
13.7058,9.25007E-4
13.7224,7.11017E-4
13.739,5.44859E-4
13.7553,4.18521E-4
13.7722,3.19169E-4
13.787,2.53365E-4
13.8003,2.10113E-4
13.8112,1.84392E-4
13.8221,1.67317E-4
13.8351,1.58174E-4
13.8377,1.5784E-4
13.8475,1.61253E-4
13.8567,1.71575E-4
13.8682,1.95437E-4
13.8797,2.33824E-4
13.8901,2.84491E-4
13.9005,3.54641E-4
13.911,4.50481E-4
13.9214,5.80683E-4
13.9318,7.57019E-4
13.9407,9.56469E-4
13.9497,0.00121312
13.9601,0.0016038
13.9705,0.00211695
13.9812,0.00279713
13.9924,0.00370574
14.006,0.00512203
14.0216,0.0071665
14.0482,0.0114141
14.0723,0.0152654
14.0909,0.017432
14.1085,0.0183051
14.1115,0.0183226
14.1291,0.0176492
14.1477,0.0156744
14.201,0.00752249
14.2172,0.00550853
14.2311,0.00415751
14.243,0.00326115
14.2554,0.00255176
14.2673,0.00204813
14.2778,0.00172029
14.2897,0.0014444
14.3045,0.0012089
14.321,0.00103975
14.3398,9.22328E-4
14.3681,8.32226E-4
14.3991,7.97812E-4
14.4103,7.95697E-4
14.455,8.23421E-4
14.5108,9.16649E-4
14.5749,0.00108796
14.641,0.00134277
14.6989,0.00165706
14.749,0.00204281
14.7866,0.00245316
14.8182,0.00294601
14.8421,0.00348317
14.8611,0.00409467
14.8787,0.00489182
14.895,0.0059366
14.9113,0.00739821
14.9276,0.00940876
14.9456,0.0124048
14.9662,0.0168212
15.0118,0.0280767
15.0319,0.0314588
15.05,0.0324718
15.069,0.0310776
15.0901,0.0269104
15.1413,0.0125183
15.1566,0.00895698
15.1696,0.00652882
15.1799,0.00501384
15.1904,0.00380003
15.1992,0.00302037
15.2085,0.00239246
15.2165,0.00198665
15.2265,0.00162541
15.2366,0.00139277
15.2446,0.00127855
15.2566,0.00119743
15.2626,0.00118832
15.2747,0.00121724
15.2927,0.00134712
15.3168,0.00163521
15.3414,0.00205145
15.3629,0.00254883
15.3811,0.00312452
15.3962,0.00377586
15.4113,0.00467031
15.4244,0.00573412
15.4371,0.00711111
15.4497,0.0089492
15.4628,0.0114831
15.4769,0.015072
15.4919,0.0199882
15.5116,0.0281405
15.5586,0.0507877
15.5806,0.0581282
15.5998,0.060318
15.6178,0.0583047
15.6393,0.0514233
15.6908,0.0281781
15.709,0.0216787
15.7249,0.0174876
15.7362,0.0153398
15.7496,0.0136275
15.7624,0.0127081
15.7796,0.0124218
15.7967,0.013078
15.8139,0.0146801
15.828,0.0168567
15.8422,0.0200712
15.8563,0.0247296
15.8687,0.0304406
15.8819,0.038729
15.8932,0.0482707
15.9068,0.0632943
15.9209,0.0836704
15.9378,0.114966
15.9618,0.170653
15.9986,0.260962
16.0206,0.296677
16.0372,0.305724
16.0529,0.298042
16.0723,0.268693
16.098,0.207485
16.1298,0.126232
16.1474,0.0889408
16.1613,0.065553
16.1739,0.0488056
16.1845,0.0377502
16.1954,0.0288854
16.2065,0.0219473
16.2176,0.0167309
16.2277,0.0131514
16.2377,0.0104204
16.2478,0.00833415
16.2599,0.00645809
16.2721,0.00507315
16.2842,0.00403281
16.2979,0.00314575
16.3112,0.00248844
16.3264,0.00192089
16.3404,0.00152095
16.3557,0.0011904
16.3682,9.93739E-4
16.3808,8.61922E-4
16.3913,8.05298E-4
16.3963,7.97802E-4
16.4034,8.1116E-4
16.4114,8.65107E-4
16.4204,9.83895E-4
16.4292,0.0011701
16.438,0.00144016
16.4468,0.00181008
16.4555,0.00229716
16.4661,0.00306113
16.4766,0.00404742
16.4886,0.00547407
16.5037,0.00772149
16.5233,0.0113277
16.5639,0.0195131
16.5831,0.0223347
16.603,0.0236368
16.6068,0.0236701
16.6261,0.022778
16.6487,0.0198461
16.7006,0.010521
16.7191,0.00782588
16.7357,0.00598531
16.7495,0.00484598
16.7637,0.0040016
16.7766,0.00348764
16.7863,0.00323623
16.7992,0.00306062
16.8056,0.00303766
16.8206,0.00315268
16.8335,0.00345363
16.8464,0.00397163
16.8593,0.00474741
16.8721,0.00582699
16.8868,0.00747661
16.9029,0.00985417
16.9257,0.0140956
16.9656,0.0222976
16.9878,0.0254927
17.008,0.0264851
17.0254,0.0256374
17.0433,0.0232556
17.0726,0.0173169
17.1027,0.0108674
17.1202,0.0077436
17.1342,0.00573957
17.1466,0.00433355
17.1585,0.00327605
17.1696,0.00250875
17.1807,0.00191981
17.1918,0.00147398
17.2019,0.00116611
17.212,9.29965E-4
17.2221,7.48819E-4
17.2342,5.8549E-4
17.2463,4.64897E-4
17.2584,3.74584E-4
17.2726,2.96044E-4
17.2871,2.3637E-4
17.3039,1.85633E-4
17.3207,1.48672E-4
17.3389,1.1978E-4
17.3578,9.87877E-5
17.3736,8.67687E-5
17.3938,7.71266E-5
17.414,7.27099E-5
17.4266,7.21709E-5
17.4519,7.54304E-5
17.4771,8.36518E-5
17.5087,9.98657E-5
17.5491,1.29031E-4
17.5958,1.73505E-4
17.6463,2.34336E-4
17.706,3.24752E-4
17.7682,4.44769E-4
17.8272,5.91554E-4
17.8803,7.63065E-4
17.9275,9.62439E-4
17.9688,0.00119263
18.0101,0.00150732
18.0406,0.00183096
18.0661,0.00220813
18.0873,0.00265225
18.1072,0.0032513
18.1242,0.00399848
18.1393,0.00494275
18.1525,0.00607754
18.1662,0.00766106
18.1803,0.00985843
18.1945,0.0127477
18.211,0.0171141
18.2318,0.0241368
18.2847,0.0451866
18.3054,0.050959
18.3266,0.0530848
18.3468,0.0510261
18.3678,0.0451698
18.4256,0.021815
18.4424,0.0162644
18.4565,0.0125406
18.4707,0.00970688
18.4825,0.00797014
18.4943,0.00673133
18.5037,0.00605207
18.5174,0.00549089
18.5288,0.00536035
18.5402,0.00551404
18.5539,0.00608038
18.5676,0.00711803
18.5794,0.00847742
18.5915,0.0104302
18.6035,0.0130954
18.6156,0.0166403
18.6277,0.0212368
18.6418,0.0281282
18.6581,0.0383382
18.6794,0.0549809
18.7253,0.0951658
18.7449,0.107621
18.7657,0.113278
18.7686,0.113352
18.7858,0.110126
18.8067,0.0985717
18.8385,0.0713965
18.8678,0.0455024
18.8863,0.0320433
18.9007,0.0237933
18.9132,0.0180819
18.9259,0.0135717
18.9371,0.0105431
18.9483,0.00822942
18.9595,0.00648689
18.9714,0.00513441
18.9832,0.00416052
18.995,0.0034667
19.0069,0.00297874
19.0202,0.00261121
19.0366,0.0023488
19.0531,0.00225433
19.0564,0.00225364
19.072,0.00233355
19.0856,0.00252376
19.1014,0.00291516
19.1172,0.00353152
19.1331,0.00442341
19.1504,0.00576851
19.1705,0.00783715
19.2001,0.0116819
19.2338,0.0160667
19.2559,0.0179647
19.2736,0.0184839
19.2945,0.0177917
19.3142,0.0159836
19.3724,0.00820426
19.389,0.00648374
19.4028,0.0054486
19.4153,0.00483801
19.4271,0.00453559
19.4367,0.00446519
19.4527,0.00463549
19.4818,0.00548413
19.5099,0.00629707
19.5308,0.00652656
19.5497,0.00634436
19.5702,0.0057493
19.6023,0.00429416
19.6352,0.00274107
19.6545,0.00200223
19.6711,0.00150936
19.6849,0.00119494
19.6987,9.57662E-4
19.7137,7.72855E-4
19.7286,6.46418E-4
19.7457,5.54314E-4
19.7585,5.11636E-4
19.7801,4.74305E-4
19.7997,4.65552E-4
19.8323,4.83385E-4
19.8782,5.51569E-4
19.9255,6.60766E-4
19.9794,8.33418E-4
20.0295,0.00105003
20.0733,0.00130312
20.1146,0.00162745
20.1497,0.00201418
20.1777,0.00245246
20.2002,0.00293913
20.2228,0.00360069
20.248,0.00461671
20.2773,0.00619495
20.3319,0.00962664
20.3609,0.0108235
20.3805,0.0110585
20.4096,0.0105619
20.4461,0.00953081
20.4536,0.00947275
20.4701,0.00980244
20.4821,0.0105913
20.4941,0.0119907
20.5064,0.0141821
20.5202,0.0177108
20.5354,0.0230719
20.5523,0.0309547
20.5747,0.0441288
20.6235,0.0764126
20.6472,0.0873444
20.6695,0.0910296
20.6867,0.0888225
20.7095,0.0797864
20.7432,0.0585877
20.7752,0.0376743
20.7955,0.0267712
20.8118,0.0198965
20.826,0.0152061
20.8397,0.0117428
20.8528,0.00922963
20.8658,0.00735303
20.8804,0.00584833
20.8949,0.00480002
20.9094,0.00408139
20.9268,0.00352369
20.9443,0.00319528
20.9675,0.00299904
20.9771,0.00297927
21.006,0.00309811
21.0349,0.00347874
21.0581,0.00400689
21.0808,0.00476596
21.1034,0.00582749
21.1281,0.00739391
21.1558,0.00971444
21.1854,0.0129185
21.2106,0.0164465
21.2302,0.0201754
21.2467,0.0245135
21.2624,0.0302027
21.2772,0.0376565
21.2919,0.0474814
21.3077,0.0612441
21.3274,0.0831346
21.3627,0.132166
21.3923,0.171356
21.4161,0.191376
21.4329,0.195744
21.4541,0.188741
21.4748,0.170005
21.5385,0.0858938
21.56,0.0631061
21.5785,0.0481506
21.5953,0.0381399
21.6127,0.0306206
21.6316,0.0247627
21.6553,0.0194768
21.6867,0.0142184
21.7168,0.0101805
21.7424,0.00745466
21.7614,0.00588114
21.781,0.004664
21.8006,0.003806
21.8174,0.00330852
21.8342,0.00299248
21.8552,0.00280801
21.8637,0.00279317
21.8795,0.00285669
21.897,0.00308169
21.9145,0.00351455
21.9291,0.00409159
21.9437,0.00493768
21.9582,0.00614259
21.9723,0.00775107
21.9863,0.00988309
22.0017,0.0129674
22.0189,0.0174688
22.0385,0.0239561
22.0705,0.0369982
22.1078,0.0520426
22.1301,0.0580092
22.1511,0.0599791
22.1709,0.0582355
22.1947,0.0520064
22.2345,0.0360633
22.2655,0.0237063
22.2859,0.0171752
22.302,0.0130748
22.318,0.00991543
22.332,0.00779658
22.346,0.00617289
22.3612,0.00485119
22.3767,0.00386529
22.3923,0.00314521
22.4097,0.00255912
22.4283,0.00210547
22.4507,0.00171401
22.4749,0.00140774
22.5029,0.00114827
22.5364,9.19581E-4
22.5755,7.24398E-4
22.6175,5.7014E-4
22.6656,4.38784E-4
22.7153,3.37664E-4
22.765,2.60727E-4
22.8147,2.01129E-4
22.8706,1.4931E-4
22.925,1.1054E-4
22.9762,8.20238E-5
23.0275,5.96845E-5
23.0741,4.37916E-5
23.116,3.25434E-5
23.1564,2.40897E-5
23.1937,1.81204E-5
23.2247,1.43621E-5
23.2527,1.18516E-5
23.2806,1.0115E-5
23.3086,9.10972E-6
23.3303,8.81026E-6
23.3583,9.02012E-6
23.3862,9.87538E-6
23.4142,1.13551E-5
23.4468,1.38492E-5
23.4841,1.76908E-5
23.5301,2.38648E-5
23.5835,3.30324E-5
23.6468,4.66934E-5
23.7119,6.41754E-5
23.7879,8.94235E-5
23.8714,1.24379E-4
23.955,1.68912E-4
24.0385,2.26504E-4
24.1145,2.95219E-4
24.1828,3.77298E-4
24.2436,4.75347E-4
24.2993,5.98373E-4
24.3436,7.32786E-4
24.3853,9.08804E-4
24.4208,0.00112267
24.4461,0.00133927
24.4691,0.00161743
24.4906,0.00199637
24.5079,0.00243525
24.5229,0.00297116
24.5387,0.00375543
24.5524,0.00468478
24.5661,0.00592361
24.5787,0.00741815
24.5939,0.00975078
24.6091,0.0127729
24.6263,0.0171231
24.6466,0.0234987
24.7114,0.0477384
24.7377,0.0543429
24.7596,0.0561474
24.7835,0.0537908
24.8046,0.0484183
24.8435,0.033957
24.8754,0.0220918
24.8947,0.0162232
24.9124,0.0119229
24.9276,0.00906149
24.9423,0.00693842
24.9559,0.00544077
24.9696,0.00431692
24.9837,0.00346639
24.9985,0.00282123
25.0149,0.0023215
25.0314,0.00197921
25.0511,0.00170444
25.0775,0.00147891
25.1052,0.00134236
25.1264,0.00128143
25.1687,0.00123669
25.2056,0.00127511
25.2302,0.00135685
25.2548,0.00151692
25.2721,0.00170701
25.2897,0.00200127
25.3072,0.00244181
25.3223,0.00297649
25.3374,0.00369452
25.3534,0.00470017
25.3715,0.00616042
25.3956,0.00864324
25.4578,0.0162038
25.4823,0.0183206
25.5068,0.0192235
25.512,0.0192387
25.5382,0.0184255
25.5693,0.0159914
25.62,0.0112841
25.6466,0.00954963
25.6687,0.00874806
25.6847,0.0085542
25.7008,0.00870193
25.7211,0.00942903
25.7382,0.0106021
25.7553,0.0124467
25.7724,0.0151919
25.7883,0.0188225
25.8036,0.0236077
25.8205,0.0306664
25.839,0.0408967
25.8597,0.0558417
25.8879,0.0813891
25.9347,0.127404
25.9613,0.145712
25.9855,0.151613
26.0078,0.146442
26.031,0.131337
26.0678,0.0949083
26.1021,0.059781
26.1226,0.0424065
26.1395,0.0308887
26.1538,0.0231224
26.1677,0.017229
26.1805,0.0129876
26.1927,0.00983929
26.205,0.00743045
26.2153,0.00587907
26.2255,0.00465972
26.2357,0.00370597
26.246,0.00296195
26.2583,0.00228208
26.2706,0.0017763
26.2825,0.00140803
26.2959,0.00109664
26.3093,8.65077E-4
26.3228,6.90848E-4
26.3381,5.42354E-4
26.3535,4.33234E-4
26.3689,3.53337E-4
26.3849,2.93942E-4
26.4009,2.5384E-4
26.42,2.26413E-4
26.4322,2.19034E-4
26.4403,2.18004E-4
26.4563,2.24534E-4
26.4764,2.48108E-4
26.4985,2.93868E-4
26.5211,3.64281E-4
26.5412,4.51235E-4
26.5613,5.68462E-4
26.5814,7.27872E-4
26.5989,9.16461E-4
26.6165,0.00116957
26.6341,0.00151103
26.6517,0.0019699
26.6692,0.00257786
26.6868,0.00336396
26.7074,0.00453469
26.736,0.00658046
26.7872,0.0105992
26.8138,0.0120456
26.8379,0.0125002
26.8604,0.0120608
26.8862,0.0106374
26.9323,0.00679862
26.9575,0.00480568
26.9762,0.00361501
26.992,0.00285744
27.0067,0.00237069
27.0187,0.00212738
27.0318,0.00202114
27.0343,0.00201951
27.0468,0.00210425
27.0574,0.00230066
27.0697,0.00268996
27.081,0.00322323
27.093,0.00401645
27.1051,0.00509649
27.1163,0.00642744
27.1293,0.00844079
27.1421,0.0110736
27.1548,0.014442
27.1693,0.0194002
27.1838,0.0257217
27.2011,0.0351744
27.2229,0.0501304
27.2892,0.104676
27.3137,0.119008
27.3375,0.124709
27.34,0.124765
27.3618,0.120813
27.3854,0.108537
27.4222,0.0794096
27.4571,0.0506099
27.4789,0.0357619
27.4966,0.0261488
27.5125,0.0193864
27.5261,0.01486
27.5397,0.0113405
27.5533,0.00865533
27.5664,0.00670976
27.58,0.00518906
27.5936,0.00406276
27.6073,0.0032279
27.6226,0.00253872
27.6362,0.00208376
27.6532,0.00165863
27.6702,0.00134255
27.6907,0.00105835
27.7145,8.12641E-4
27.7383,6.27991E-4
27.7622,4.85474E-4
27.7887,3.62687E-4
27.8146,2.70757E-4
27.8398,2.01988E-4
27.8612,1.57366E-4
27.88,1.27401E-4
27.8976,1.07094E-4
27.9127,9.56818E-5
27.9278,9.0211E-5
27.933,8.98302E-5
27.9417,9.10783E-5
27.9555,9.86014E-5
27.9678,1.12073E-4
27.98,1.33573E-4
27.9905,1.59844E-4
28.0018,1.9885E-4
28.0124,2.47748E-4
28.0229,3.11945E-4
28.035,4.09153E-4
28.0471,5.38826E-4
28.0591,7.0981E-4
28.0712,9.32458E-4
28.0833,0.00121834
28.0969,0.00163082
28.112,0.00222187
28.1286,0.00305562
28.1482,0.00430546
28.1736,0.00631515
28.2257,0.0108984
28.2538,0.0126937
28.2789,0.0133348
28.2808,0.0133403
28.3041,0.0129095
28.3263,0.0117408
28.364,0.00872186
28.4012,0.00563998
28.4214,0.00429352
28.438,0.00342606
28.4541,0.002809
28.4692,0.00243135
28.4843,0.00224576
28.4912,0.00222476
28.5043,0.00229732
28.5156,0.00248043
28.5268,0.00278076
28.5418,0.00337522
28.5585,0.00431162
28.5768,0.00569224
28.5984,0.00778329
28.6392,0.0126757
28.6733,0.0165614
28.6997,0.0185015
28.7199,0.0189845
28.7423,0.0183909
28.7688,0.0163441
28.8101,0.0114784
28.8439,0.00749634
28.8658,0.0053944
28.8835,0.00403689
28.9005,0.00302808
28.9165,0.00231001
28.9308,0.00182966
28.945,0.00147014
28.9606,0.00118467
28.9755,9.93889E-4
28.9903,8.61321E-4
29.0101,7.4881E-4
29.025,6.9839E-4
29.0442,6.63036E-4
29.063,6.52263E-4
29.091,6.67865E-4
29.1285,7.35405E-4
29.1659,8.52868E-4
29.203,0.0010258
29.2397,0.00127146
29.2704,0.00155942
29.2985,0.00192938
29.3224,0.00236973
29.3423,0.00287827
29.361,0.00353654
29.3794,0.00444125
29.3959,0.00557357
29.4112,0.00699836
29.4265,0.00890898
29.4418,0.011449
29.4565,0.0146267
29.4737,0.0194386
29.4908,0.0256179
29.5116,0.0350949
29.541,0.0518245
29.5937,0.0846124
29.6194,0.0962069
29.6461,0.101301
29.6497,0.101353
29.6735,0.0978322
29.6965,0.0887375
29.7333,0.0670133
29.7743,0.0414431
29.7982,0.0292596
29.8169,0.021706
29.834,0.0162805
29.8484,0.0127313
29.8631,0.00991851
29.8784,0.00771207
29.8937,0.00609781
29.909,0.00494858
29.9243,0.00416394
29.9372,0.00373082
29.9502,0.0034759
29.9653,0.0033797
29.976,0.003436
29.9933,0.00373854
30.0113,0.00433826
30.0324,0.00540141
30.057,0.0070901
30.1178,0.0120648
30.1449,0.0136386
30.1704,0.0141856
30.1951,0.0137094
30.2222,0.0121716
30.2704,0.00806273
30.3026,0.00540514
30.3246,0.00392581
30.3422,0.00299064
30.3593,0.00227829
30.3759,0.00174929
30.3909,0.00138396
30.4072,0.00108712
30.4243,8.60756E-4
30.4414,6.97325E-4
30.4585,5.78498E-4
30.4763,4.87473E-4
30.5014,3.96883E-4
30.5265,3.34078E-4
30.5566,2.81148E-4
30.5918,2.39057E-4
30.6319,2.08246E-4
30.6721,1.90763E-4
30.7191,1.83475E-4
30.726,1.83452E-4
30.7673,1.88433E-4
30.8223,2.08096E-4
30.8773,2.42583E-4
30.9324,2.93119E-4
30.9918,3.68865E-4
31.0511,4.726E-4
31.1046,5.98012E-4
31.158,7.65669E-4
31.2055,9.65162E-4
31.2531,0.00123476
31.2946,0.00155772
31.3303,0.00193542
31.3629,0.00241322
31.3896,0.00295785
31.4116,0.00357499
31.4324,0.00438243
31.4511,0.00539477
31.4677,0.00663061
31.4846,0.00835132
31.5007,0.0105729
31.5167,0.0135608
31.5325,0.0174481
31.5488,0.0227161
31.5666,0.0301589
31.5868,0.0409872
31.6117,0.057895
31.683,0.115495
31.7079,0.130051
31.7352,0.136862
31.7374,0.136926
31.7609,0.133035
31.7887,0.118711
31.8309,0.085037
31.8698,0.0532845
31.8926,0.038038
31.911,0.0282091
31.9277,0.0211793
31.9443,0.0157259
31.9585,0.0121238
31.9728,0.00933788
31.987,0.00720979
32.0013,0.00559767
32.0155,0.00438129
32.0304,0.00343041
32.0452,0.00271852
32.0601,0.00218279
32.0775,0.00171963
32.0944,0.00140015
32.1096,0.00119958
32.1256,0.0010693
32.1396,0.00102148
32.1457,0.00102034
32.1577,0.00105448
32.1697,0.00113961
32.1817,0.00127876
32.1957,0.00151262
32.2138,0.00192844
32.2356,0.00259557
32.2779,0.0042118
32.3139,0.00550279
32.3404,0.00608598
32.3592,0.00622012
32.3821,0.00604283
32.4101,0.00537583
32.4527,0.00382051
32.4892,0.00246743
32.5103,0.00182423
32.5283,0.00137974
32.5433,0.00108797
32.5584,8.66787E-4
32.5704,7.39634E-4
32.5824,6.56518E-4
32.5944,6.18445E-4
32.5984,6.16166E-4
32.6096,6.38903E-4
32.6207,7.08222E-4
32.6298,8.02402E-4
32.6411,9.74433E-4
32.6524,0.00121534
32.665,0.00157639
32.6775,0.00205044
32.6911,0.00270662
32.7072,0.00369979
32.7253,0.00511497
32.7474,0.00726162
32.8177,0.0154068
32.8459,0.0177437
32.8708,0.0186253
32.8748,0.0186461
32.8991,0.0180485
32.9233,0.0163638
32.9615,0.012321
33.0027,0.00772427
33.0268,0.00552926
33.0449,0.00423987
33.0611,0.00336087
33.0763,0.00276185
33.0914,0.00238093
33.1035,0.00221837
33.1155,0.00217349
33.1275,0.00223902
33.1436,0.00248454
33.1631,0.00299857
33.1897,0.00398524
33.2459,0.00633196
33.2752,0.00712185
33.2969,0.007324
33.3221,0.00711161
33.3532,0.00628968
33.4305,0.00332814
33.4585,0.00246562
33.4826,0.00190215
33.5052,0.00150852
33.5278,0.00122055
33.5528,9.92614E-4
33.5799,8.20869E-4
33.6138,6.73473E-4
33.6544,5.52523E-4
33.7063,4.45144E-4
33.7665,3.56882E-4
33.8342,2.84981E-4
33.9132,2.24164E-4
33.9922,1.79929E-4
34.0724,1.47051E-4
34.1572,1.22452E-4
34.2319,1.08003E-4
34.3067,9.97564E-5
34.3815,9.77371E-5
34.4472,1.01641E-4
34.5129,1.12001E-4
34.5622,1.25242E-4
34.6197,1.48886E-4
34.6671,1.77943E-4
34.7126,2.18522E-4
34.7506,2.67946E-4
34.7809,3.25203E-4
34.8062,3.93829E-4
34.8289,4.83064E-4
34.8466,5.80985E-4
34.8656,7.27977E-4
34.8827,9.13984E-4
34.8978,0.0011386
34.9134,0.00144557
34.9301,0.00188602
34.9467,0.00246988
34.9634,0.00322563
34.9837,0.00440471
35.0064,0.00609428
35.0378,0.00896902
35.0893,0.0140088
35.1207,0.0161505
35.1472,0.0168199
35.1492,0.016821
35.1743,0.0162444
35.2006,0.0145925
35.242,0.0106784
35.2835,0.00663933
35.3083,0.00467438
35.3285,0.00341018
35.3467,0.00252892
35.3634,0.00191149
35.3785,0.00148411
35.3929,0.00117516
35.4069,9.49192E-4
35.4208,7.79137E-4
35.4374,6.31278E-4
35.4541,5.28381E-4
35.4736,4.47792E-4
35.4938,3.94276E-4
35.514,3.60969E-4
35.5444,3.35008E-4
35.5785,3.27618E-4
35.6265,3.43227E-4
35.6745,3.84103E-4
35.7225,4.52771E-4
35.7655,5.47406E-4
35.797,6.49607E-4
35.8222,7.64847E-4
35.8474,9.28583E-4
35.8666,0.00110268
35.8881,0.00137446
35.9073,0.00171
35.9276,0.00219521
35.9452,0.00275374
35.9664,0.00362394
35.9906,0.00491225
36.0209,0.00693545
36.0814,0.0113996
36.1076,0.0127937
36.1339,0.0134236
36.1379,0.0134402
36.1653,0.0129635
36.1914,0.0116492
36.2317,0.00857308
36.2731,0.00526509
36.2952,0.00380009
36.3134,0.00284226
36.3295,0.0021838
36.3432,0.00176663
36.3568,0.00146966
36.3679,0.00131143
36.38,0.00121969
36.388,0.00120339
36.3981,0.00123192
36.4103,0.00133669
36.4224,0.00151763
36.4375,0.00185174
36.4526,0.00230921
36.4707,0.00302543
36.4929,0.00414742
36.5216,0.00595631
36.5876,0.0105277
36.6188,0.0120131
36.6509,0.0126144
36.6556,0.0126222
36.6983,0.0120305
36.7467,0.0111506
36.7578,0.011095
36.7974,0.0114768
36.8555,0.0124604
36.8615,0.0124763
36.8908,0.0121064
36.9184,0.0110325
36.9537,0.00886122
37.0092,0.00499963
37.0354,0.00348924
37.0556,0.00255986
37.0737,0.00189855
37.0904,0.0014262
37.1055,0.00109416
37.1206,8.41252E-4
37.1343,6.70864E-4
37.1464,5.5815E-4
37.1598,4.69815E-4
37.171,4.23186E-4
37.1821,3.98716E-4
37.1887,3.94428E-4
37.198,4.01473E-4
37.2082,4.27822E-4
37.2206,4.88258E-4
37.233,5.84905E-4
37.2454,7.25173E-4
37.2577,9.18989E-4
37.2701,0.00117897
37.2825,0.0015205
37.2961,0.00201205
37.3097,0.00265156
37.3246,0.00355296
37.3394,0.00470515
37.3562,0.00634601
37.3757,0.00876944
37.3989,0.0123873
37.4311,0.0185095
37.4806,0.0284676
37.5103,0.0329215
37.5397,0.0349454
37.5459,0.0350144
37.5722,0.0338996
37.6038,0.0299606
37.6886,0.0143569
37.7136,0.0106154
37.7341,0.00818727
37.7545,0.00629821
37.7727,0.00501213
37.7925,0.00397225
37.8124,0.00322336
37.8322,0.00269331
37.8522,0.00232091
37.8747,0.00204212
37.8973,0.00187394
37.9199,0.00179523
37.9274,0.00178785
37.9499,0.00182664
37.9691,0.0019439
37.9865,0.0021377
38.0067,0.00250252
38.0241,0.0029701
38.0415,0.00361911
38.0603,0.00456704
38.0805,0.00591651
38.1047,0.00802642
38.1329,0.0111179
38.1934,0.0185577
38.2267,0.0215138
38.2552,0.0224801
38.2572,0.022484
38.2822,0.0218101
38.3084,0.0198007
38.3498,0.0148918
38.3972,0.0088968
38.4214,0.00638187
38.4415,0.00469685
38.4592,0.00352894
38.4768,0.00262095
38.4935,0.00196917
38.5086,0.00151861
38.5232,0.0011865
38.538,9.32814E-4
38.5527,7.42144E-4
38.5682,5.92803E-4
38.5852,4.72814E-4
38.6041,3.77132E-4
38.6231,3.0819E-4
38.6457,2.48381E-4
38.6722,1.98476E-4
38.6987,1.61863E-4
38.7289,1.30344E-4
38.7642,1.02783E-4
38.7995,8.20888E-5
38.8399,6.45217E-5
38.8802,5.19238E-5
38.9155,4.42247E-5
38.9455,3.98234E-5
38.9753,3.72618E-5
39.0052,3.64724E-5
39.0396,3.78036E-5
39.0741,4.16982E-5
39.1085,4.84715E-5
39.143,5.86313E-5
39.1774,7.2955E-5
39.2119,9.2627E-5
39.242,1.1566E-4
39.2721,1.4616E-4
39.3023,1.8739E-4
39.3281,2.35562E-4
39.3496,2.89517E-4
39.3712,3.62647E-4
39.3905,4.53224E-4
39.4078,5.62964E-4
39.4254,7.16815E-4
39.4409,9.00276E-4
39.4564,0.00114554
39.4719,0.00147274
39.488,0.00192471
39.5038,0.00251042
39.5196,0.00326939
39.5379,0.00441396
39.5563,0.00588215
39.5784,0.00811499
39.6057,0.0115483
39.6757,0.0217905
39.7067,0.0251478
39.7363,0.0265561
39.7414,0.0265882
39.7699,0.0256198
39.8031,0.0223461
39.885,0.0107536
39.9108,0.00773945
39.9323,0.00574091
39.9524,0.00428971
39.9716,0.00323345
39.9897,0.00248838
40.0078,0.00193545
40.0259,0.00153058
40.043,0.00125007
40.061,0.00103186
40.0821,8.49405E-4
40.1063,7.04231E-4
40.1347,5.87191E-4
40.1648,5.01504E-4
40.2079,4.18708E-4
40.2595,3.54903E-4
40.3141,3.12816E-4
40.383,2.83574E-4
40.4518,2.73474E-4
40.5197,2.78899E-4
40.5875,2.99271E-4
40.6553,3.37034E-4
40.7231,3.98434E-4
40.7763,4.71552E-4
40.8206,5.59663E-4
40.856,6.59963E-4
40.8902,8.0107E-4
40.9155,9.54694E-4
40.9377,0.00114659
40.9567,0.00137677
40.9769,0.00172102
40.9941,0.00212613
41.0114,0.00267109
41.0286,0.00339682
41.0474,0.0044526
41.0669,0.00589052
41.0882,0.00792189
41.112,0.0108018
41.1444,0.0156356
41.2052,0.0253526
41.2366,0.0288047
41.2651,0.0299667
41.2923,0.0290457
41.3247,0.0256209
41.3728,0.017856
41.4133,0.0112738
41.4381,0.00796777
41.4584,0.00580448
41.4766,0.00426548
41.4928,0.00319264
41.507,0.00245254
41.5212,0.00186987
41.5354,0.00141801
41.5495,0.00107212
41.5637,8.10163E-4
41.5776,6.16415E-4
41.5916,4.70888E-4
41.6055,3.61865E-4
41.6188,2.83427E-4
41.6321,2.23809E-4
41.6454,1.78394E-4
41.6606,1.39514E-4
41.6758,1.11033E-4
41.6903,9.1125E-5
41.7056,7.64264E-5
41.7204,6.71111E-5
41.7352,6.21523E-5
41.7464,6.11636E-5
41.7612,6.35506E-5
41.775,6.99695E-5
41.7889,8.10602E-5
41.8037,9.91018E-5
41.8167,1.21372E-4
41.8296,1.51163E-4
41.8444,1.96697E-4
41.8576,2.50142E-4
41.8714,3.22094E-4
41.8872,4.28795E-4
41.903,5.66971E-4
41.9208,7.67002E-4
41.9405,0.00105268
41.9622,0.00145045
41.9904,0.00209116
42.0668,0.00409473
42.0974,0.00464453
42.1272,0.00483988
42.1566,0.00465503
42.1833,0.00419694
42.2277,0.003061
42.2721,0.00187579
42.2958,0.00134959
42.3165,9.75404E-4
42.3343,7.19772E-4
42.3506,5.34378E-4
42.3654,4.01753E-4
42.3792,3.04487E-4
42.3928,2.29946E-4
42.4063,1.72593E-4
42.4193,1.30881E-4
42.4322,9.93781E-5
42.4433,7.88906E-5
42.4552,6.22982E-5
42.4664,5.07077E-5
42.4767,4.27879E-5
42.4875,3.68263E-5
42.5013,3.19438E-5
42.5149,2.94923E-5
42.5247,2.88716E-5
42.5396,2.94165E-5
42.5593,3.23496E-5
42.584,3.87994E-5
42.6136,4.98525E-5
42.6481,6.67925E-5
42.6888,9.23305E-5
42.7304,1.25407E-4
42.7718,1.67003E-4
42.8121,2.18575E-4
42.8502,2.8125E-4
42.8882,3.64488E-4
42.9215,4.64687E-4
42.9453,5.62104E-4
42.9691,6.94675E-4
42.9905,8.61192E-4
43.0095,0.0010667
43.0273,0.00133133
43.0452,0.00169431
43.0612,0.0021352
43.0787,0.00277809
43.0953,0.00359202
43.1136,0.0047707
43.1327,0.00637307
43.1526,0.00853109
43.1774,0.0119241
43.2106,0.0176346
43.2753,0.0297221
43.3067,0.0337766
43.337,0.0352274
43.3647,0.0341055
43.3952,0.0304454
43.4427,0.021706
43.4855,0.0136288
43.5112,0.00963404
43.5321,0.00702178
43.5511,0.00514724
43.5678,0.00386336
43.5844,0.00286745
43.6001,0.00214929
43.6144,0.00164826
43.6287,0.00126338
43.6429,9.70407E-4
43.6562,7.61685E-4
43.6705,5.9135E-4
43.6848,4.62854E-4
43.699,3.65573E-4
43.7133,2.91428E-4
43.73,2.26203E-4
43.7466,1.77424E-4
43.7632,1.40351E-4
43.7823,1.08221E-4
43.8001,8.53147E-5
43.8179,6.7612E-5
43.8358,5.39484E-5
43.856,4.23472E-5
43.8726,3.53475E-5
43.8916,2.97373E-5
43.9121,2.61746E-5
43.9284,2.49845E-5
43.9378,2.49103E-5
43.9567,2.60481E-5
43.9768,2.90836E-5
43.9995,3.4709E-5
44.0221,4.27294E-5
44.0473,5.46732E-5
44.0749,7.20843E-5
44.1026,9.51572E-5
44.129,1.2442E-4
44.1516,1.57495E-4
44.1743,2.01121E-4
44.1962,2.5742E-4
44.2173,3.29981E-4
44.2384,4.26441E-4
44.2595,5.53551E-4
44.2807,7.18043E-4
44.3048,9.58559E-4
44.3355,0.00134792
44.4175,0.00261337
44.4457,0.00294471
44.4738,0.0031173
44.4839,0.00313242
44.5141,0.00302592
44.5483,0.00267065
44.6122,0.0017935
44.6356,0.00157867
44.6549,0.00150159
44.659,0.00149934
44.6751,0.00154312
44.6932,0.00170102
44.7112,0.00198019
44.7323,0.00246146
44.7574,0.00323697
44.7976,0.00480016
44.8457,0.0066708
44.8739,0.00741406
44.9028,0.0077069
44.9048,0.00770705
44.9341,0.00740852
44.9662,0.00651101
45.0184,0.00436286
45.0566,0.00281782
45.0807,0.0020187
45.1007,0.00148688
45.1181,0.00112716
45.1337,8.76341E-4
45.1492,6.89222E-4
45.162,5.7737E-4
45.177,4.87127E-4
45.1901,4.41282E-4
45.2041,4.21659E-4
45.2059,4.21229E-4
45.2212,4.35572E-4
45.2363,4.80887E-4
45.2513,5.58506E-4
45.2667,6.75694E-4
45.2821,8.3933E-4
45.297,0.00105315
45.3118,0.00133786
45.3267,0.00171432
45.3414,0.00220292
45.3555,0.00280748
45.3719,0.00372436
45.3883,0.0049217
45.4048,0.00645703
45.4235,0.00869505
45.4446,0.0119031
45.4705,0.0168572
45.5061,0.0252967
45.5662,0.040189
45.6,0.0458002
45.6297,0.0474586
45.661,0.0454458
45.6901,0.0405344
45.7426,0.0276088
45.7839,0.0175206
45.8102,0.0122981
45.8308,0.0090222
45.8491,0.00671624
45.8656,0.00508093
45.8806,0.00389928
45.8961,0.00294651
45.9116,0.00221657
45.9256,0.00170937
45.9397,0.00132114
45.9538,0.00102738
45.9679,8.08162E-4
45.9819,6.47911E-4
45.9941,5.47823E-4
46.0054,4.82397E-4
46.0166,4.39971E-4
46.028,4.19009E-4
46.0317,4.16836E-4
46.0431,4.25058E-4
46.0563,4.6429E-4
46.069,5.35034E-4
46.0809,6.37451E-4
46.0942,7.98215E-4
46.1074,0.00101914
46.1213,0.00132885
46.1352,0.00173498
46.1508,0.00233113
46.1675,0.00315589
46.1856,0.00431421
46.2053,0.00590783
46.2295,0.00837343
46.2623,0.0125015
46.3244,0.0210576
46.3587,0.0245072
46.3905,0.025848
46.3948,0.0258682
46.4243,0.0249661
46.4596,0.0218193
46.5492,0.0102347
46.5767,0.00733739
46.5979,0.00555123
46.6191,0.00414558
46.6372,0.003212
46.6562,0.00246471
46.6743,0.00192341
46.6925,0.00151739
46.7107,0.00121453
46.7293,9.82969E-4
46.7498,7.95492E-4
46.7744,6.33466E-4
46.8008,5.09114E-4
46.8321,4.03364E-4
46.8649,3.23108E-4
46.8949,2.70338E-4
46.9199,2.40796E-4
46.945,2.27349E-4
46.9487,2.27069E-4
46.9675,2.34335E-4
46.9825,2.5295E-4
46.999,2.90729E-4
47.0147,3.48517E-4
47.0305,4.33212E-4
47.0462,5.51153E-4
47.062,7.09083E-4
47.0788,9.30193E-4
47.0976,0.00124717
47.1182,0.00168952
47.143,0.00234897
47.186,0.00374595
47.234,0.00531063
47.268,0.00607534
47.2992,0.00633287
47.328,0.006146
47.365,0.00539127
47.455,0.00269081
47.482,0.00202799
47.506,0.00155951
47.5288,0.00121731
47.5524,9.53408E-4
47.576,7.64581E-4
47.5997,6.32385E-4
47.6233,5.40837E-4
47.655,4.60413E-4
47.6926,4.03632E-4
47.7301,3.70415E-4
47.7801,3.47278E-4
47.8301,3.40361E-4
47.8958,3.51843E-4
47.9616,3.89936E-4
48.0054,4.37732E-4
48.0408,4.99464E-4
48.0717,5.83692E-4
48.0982,6.94463E-4
48.1203,8.30362E-4
48.1424,0.0010258
48.1637,0.00129304
48.1829,0.00162579
48.2021,0.00206961
48.2237,0.00273236
48.2449,0.00358092
48.2696,0.00484195
48.303,0.00698176
48.3783,0.0124771
48.4136,0.0142594
48.4443,0.0148145
48.4763,0.0142542
48.5086,0.0126318
48.5622,0.00864244
48.6036,0.00555463
48.6299,0.00394083
48.6521,0.00284624
48.6703,0.00213462
48.6885,0.00157423
48.7051,0.00117636
48.7203,8.95818E-4
48.7355,6.7912E-4
48.7506,5.14145E-4
48.7632,4.08351E-4
48.7771,3.18367E-4
48.7904,2.52857E-4
48.8056,1.9672E-4
48.8207,1.55642E-4
48.8371,1.23555E-4
48.8529,1.01498E-4
48.8719,8.30326E-5
48.8908,7.06325E-5
48.9098,6.24051E-5
48.935,5.58577E-5
48.9653,5.24672E-5
48.9755,5.21239E-5
49.0159,5.36189E-5
49.0664,6.02633E-5
49.127,7.32534E-5
49.2028,9.55997E-5
49.2846,1.26807E-4
49.3766,1.71668E-4
49.467,2.28638E-4
49.5498,2.96868E-4
49.6201,3.72987E-4
49.6816,4.61496E-4
49.7344,5.65147E-4
49.7783,6.87769E-4
49.816,8.428E-4
49.8461,0.0010261
49.8725,0.00125643
49.895,0.00152943
49.9189,0.00192007
49.944,0.00247626
49.9691,0.00321011
50.0002,0.00438714
50.0454,0.00653564
50.0977,0.00909497
50.1338,0.010323
50.1639,0.0106915
50.1941,0.0103568
50.2272,0.00924257
50.2764,0.00670426
50.3206,0.00434427
50.348,0.00314046
50.3708,0.0023535
50.3904,0.00184355
50.406,0.00154147
50.424,0.00129557
50.4391,0.00116814
50.4572,0.00109787
50.4632,0.00109289
50.4813,0.00112989
50.5021,0.0012673
50.5194,0.00146429
50.5367,0.00174901
50.5544,0.00215107
50.572,0.00269931
50.5897,0.00343906
50.6082,0.00448271
50.6264,0.00586311
50.6447,0.00767893
50.6648,0.0102843
50.6863,0.0139063
50.7108,0.0192226
50.7405,0.0273316
50.832,0.0572794
50.8683,0.0652366
50.8989,0.0674823
50.9276,0.065381
50.9624,0.058013
51.0278,0.0369422
51.0636,0.0261368
51.0887,0.0201918
51.1102,0.0163969
51.1293,0.0140497
51.1461,0.0127572
51.1667,0.0120627
51.1729,0.0120263
51.1912,0.0123179
51.2136,0.0133399
51.294,0.0191059
51.3282,0.0204941
51.3423,0.0206286
51.3724,0.019965
51.4029,0.0180665
51.4513,0.0134322
51.5007,0.00839357
51.5292,0.00598109
51.5521,0.00443969
51.5727,0.00336866
51.5895,0.00270815
51.6063,0.0022244
51.621,0.00193568
51.6335,0.00178137
51.6461,0.00170871
51.6523,0.00170248
51.6649,0.00175035
51.6805,0.00192665
51.6962,0.00224176
51.7119,0.00271165
51.7272,0.00334238
51.7456,0.00435026
51.7639,0.00567769
51.7842,0.0075779
51.8066,0.010231
51.8331,0.0141313
51.8779,0.0221961
51.9308,0.0318
51.9623,0.0358076
51.9943,0.0374664
51.998,0.0374787
52.0265,0.0363098
52.059,0.03251
52.1048,0.0243653
52.1547,0.0150074
52.1822,0.0107289
52.2035,0.00805825
52.2239,0.00608625
52.2417,0.00481319
52.2565,0.00406688
52.2711,0.0035931
52.286,0.00337233
52.2905,0.00335754
52.3038,0.003451
52.3182,0.00378578
52.3349,0.00447717
52.3526,0.00558194
52.3726,0.00728491
52.3947,0.00974073
52.4236,0.0137335
52.5079,0.0272479
52.5412,0.0309854
52.5731,0.0324796
52.5775,0.0325013
52.6099,0.0312912
52.6438,0.0277956
52.7425,0.0129545
52.773,0.00924175
52.7963,0.00699835
52.8193,0.00526827
52.8406,0.0040445
52.8601,0.00319759
52.8811,0.00250711
52.9023,0.00199745
52.9236,0.00162523
52.9471,0.0013263
52.9749,0.00107896
53.0026,9.04455E-4
53.0372,7.49489E-4
53.0747,6.30562E-4
53.1246,5.19606E-4
53.1745,4.43977E-4
53.2295,3.8937E-4
53.287,3.57512E-4
53.3445,3.48608E-4
53.3957,3.60602E-4
53.4469,3.95129E-4
53.4853,4.4102E-4
53.5237,5.12922E-4
53.5557,6.04985E-4
53.5813,7.13507E-4
53.6037,8.48956E-4
53.6261,0.00104234
53.6453,0.00127592
53.6648,0.00160376
53.6822,0.00200314
53.6996,0.00253489
53.717,0.00323578
53.7357,0.00422358
53.7555,0.00558751
53.777,0.00752107
53.8003,0.0102062
53.8279,0.0142183
53.8679,0.0213372
53.9303,0.0329209
53.9672,0.0375424
53.9996,0.0389441
54.0338,0.0373597
54.0656,0.033417
54.1593,0.0166088
54.1854,0.0128157
54.2069,0.0104411
54.2278,0.00886464
54.2425,0.00820565
54.2573,0.00792966
54.272,0.0080392
54.2884,0.00861403
54.3069,0.00982322
54.33,0.0121391
54.3577,0.0159785
54.4023,0.0238493
54.4526,0.0328295
54.4874,0.0372193
54.5225,0.0389417
54.5256,0.0389478
54.5562,0.037771
54.5941,0.0336852
54.6852,0.0201054
54.7172,0.0165293
54.748,0.0142853
54.7711,0.0134187
54.7865,0.0132426
54.8096,0.013615
54.835,0.0150154
54.8541,0.0168855
54.8763,0.0201896
54.8986,0.0250383
54.9206,0.031811
54.9417,0.0405477
54.9651,0.0533898
54.9891,0.0705264
55.0192,0.0978518
55.0603,0.144307
55.1198,0.215824
55.1546,0.247059
55.1882,0.261348
55.1963,0.261962
55.2257,0.25473
55.2588,0.230383
55.3043,0.178585
55.3644,0.104614
55.3952,0.0735711
55.4192,0.0541104
55.4406,0.040383
55.4593,0.0308912
55.478,0.0234453
55.4968,0.017717
55.5145,0.0135826
55.5325,0.0103903
55.5509,0.00795858
55.5676,0.0062954
55.5843,0.00502705
55.601,0.00405826
55.6211,0.00319082
55.6411,0.00256287
55.6627,0.00208993
55.6818,0.00181418
55.6981,0.00167554
55.7146,0.00162772
55.7311,0.00167938
55.7465,0.0018285
55.7597,0.00204464
55.7773,0.0024788
55.7954,0.00312817
55.813,0.00398218
55.8332,0.00526774
55.8543,0.00697691
55.8807,0.00965661
55.9224,0.0148791
55.984,0.0228216
56.0192,0.0259407
56.0535,0.0271312
56.0557,0.0271388
56.094,0.0260523
56.182,0.0197557
56.2127,0.0188459
56.2171,0.0188413
56.2457,0.0196541
56.2783,0.022263
56.3664,0.0327544
56.4042,0.0350454
56.4145,0.0351762
56.4504,0.0338643
56.4903,0.029621
56.5863,0.015288
56.6167,0.0115853
56.6451,0.00887133
56.6721,0.006917
56.6993,0.00548535
56.7231,0.00459244
56.7504,0.00389716
56.7776,0.00348374
56.8044,0.00332172
56.8078,0.00331867
56.8313,0.00341334
56.8514,0.00367595
56.8749,0.00423947
56.8985,0.00514208
56.9217,0.0064343
56.9476,0.00839814
56.9761,0.0112267
57.0165,0.0162587
57.0837,0.0251298
57.12,0.0283709
57.1546,0.0294501
57.1852,0.0285413
57.2214,0.0254675
57.2825,0.0175951
57.3291,0.0116645
57.3612,0.00838679
57.386,0.00640457
57.4081,0.00502844
57.4308,0.00395199
57.4534,0.00315213
57.4761,0.00256828
57.502,0.00209601
57.5278,0.00176891
57.5589,0.0015004
57.5951,0.00128978
57.6469,0.00109027
57.7103,9.25013E-4
57.7957,7.68715E-4
57.9134,6.17509E-4
58.0403,5.0051E-4
58.2033,3.89971E-4
58.3844,2.98869E-4
58.5864,2.21761E-4
58.7873,1.61842E-4
58.9849,1.14505E-4
59.1672,7.9039E-5
59.3091,5.6803E-5
59.4142,4.41308E-5
59.4712,3.92123E-5
59.5168,3.67204E-5
59.5624,3.6076E-5
59.6029,3.78468E-5
59.6333,4.14508E-5
59.6586,4.67948E-5
59.6839,5.5446E-5
59.7042,6.59837E-5
59.7245,8.13392E-5
59.7422,1.0046E-4
59.7599,1.2707E-4
59.7764,1.60956E-4
59.7916,2.02687E-4
59.8068,2.57432E-4
59.822,3.28708E-4
59.8379,4.25873E-4
59.8547,5.58079E-4
59.8729,7.45848E-4
59.8922,0.0010035
59.9124,0.0013522
59.9352,0.00185183
59.9616,0.00257942
59.995,0.00371877
60.0771,0.0068605
60.1135,0.00785462
60.1489,0.00825107
60.1532,0.008255
60.1855,0.00797667
60.2169,0.0072392
60.2701,0.00534597
60.3258,0.00326981
60.3557,0.00235715
60.3805,0.00174845
60.4018,0.00133403
60.423,0.00100962
60.4438,7.67576E-4
60.4641,5.89884E-4
60.4843,4.57978E-4
60.5046,3.61289E-4
60.5242,2.9283E-4
60.5464,2.37253E-4
60.5654,2.02846E-4
60.5907,1.70202E-4
60.6161,1.48E-4
60.6439,1.31749E-4
60.6857,1.18318E-4
60.7275,1.14636E-4
60.7605,1.17797E-4
60.7935,1.26565E-4
60.8265,1.4191E-4
60.8595,1.65792E-4
60.887,1.94802E-4
60.9143,2.35686E-4
60.9386,2.87284E-4
60.9602,3.51267E-4
60.9818,4.40563E-4
61.002,5.57732E-4
61.0202,7.02415E-4
61.0384,8.98206E-4
61.0546,0.00112911
61.0708,0.00142908
61.0886,0.00185995
61.1064,0.00242259
61.1259,0.00322115
61.1453,0.00425028
61.1663,0.00566663
61.1906,0.0077321
61.2187,0.0107091
61.2624,0.0163914
61.3223,0.0245781
61.359,0.0283099
61.3948,0.0300355
61.4043,0.0301205
61.4389,0.0291322
61.4766,0.0261404
61.5593,0.0175869
61.5947,0.0150526
61.6304,0.0136593
61.6703,0.0131967
61.6805,0.0131841
61.705,0.0131967
61.7582,0.0127793
61.8011,0.0114938
61.8507,0.0090426
61.9217,0.00511611
61.9523,0.00372072
61.9779,0.00278637
61.9993,0.00216778
62.0208,0.00169378
62.0391,0.00139505
62.0576,0.00118162
62.0724,0.00107026
62.0873,0.00100762
62.1004,9.90261E-4
62.1201,0.00102724
62.1398,0.00113509
62.1619,0.00133387
62.1903,0.00169569
62.2368,0.00246706
62.2934,0.00342677
62.3334,0.00387554
62.3639,0.00399364
62.3975,0.00387464
62.4349,0.00347413
62.5097,0.00225634
62.5551,0.0015589
62.587,0.00117243
62.6148,9.11346E-4
62.6431,7.12039E-4
62.6713,5.68201E-4
62.6996,4.66929E-4
62.73,3.92458E-4
62.757,3.47091E-4
62.7894,3.10624E-4
62.8219,2.8836E-4
62.8651,2.76659E-4
62.897,2.82207E-4
62.9304,3.06448E-4
62.9535,3.40197E-4
62.9766,3.95368E-4
62.9969,4.69183E-4
63.0171,5.76805E-4
63.0344,7.05475E-4
63.0518,8.78165E-4
63.0691,0.00110659
63.0865,0.00140398
63.1066,0.00185554
63.1282,0.00248891
63.1498,0.00330122
63.1745,0.00446884
63.2032,0.00615274
63.2536,0.00972209
63.3101,0.0136851
63.3481,0.015468
63.3816,0.0160182
63.4139,0.0155296
63.4458,0.0141613
63.4977,0.0107241
63.5588,0.00639414
63.5897,0.00460347
63.6164,0.00336246
63.638,0.00257018
63.6595,0.0019482
63.6792,0.00150974
63.6989,0.00117259
63.7185,9.17113E-4
63.7397,7.12673E-4
63.7603,5.67405E-4
63.7834,4.48967E-4
63.8065,3.63877E-4
63.8322,2.95591E-4
63.863,2.37155E-4
63.899,1.89004E-4
63.9352,1.54702E-4
63.9662,1.34247E-4
63.9967,1.22783E-4
64.0169,1.21236E-4
64.037,1.26139E-4
64.0572,1.39556E-4
64.0731,1.57861E-4
64.0916,1.90138E-4
64.1101,2.36958E-4
64.1287,3.01492E-4
64.1489,3.96306E-4
64.1706,5.29226E-4
64.1955,7.2778E-4
64.2225,9.98396E-4
64.2649,0.00151898
64.3314,0.00238293
64.3698,0.00273701
64.4052,0.00287576
64.4093,0.00287825
64.4454,0.00277988
64.4786,0.00252028
64.5391,0.00181531
64.5896,0.0012215
64.6218,9.1294E-4
64.65,7.02714E-4
64.6773,5.51798E-4
64.6984,4.65991E-4
64.7226,3.97027E-4
64.7478,3.533E-4
64.7731,3.34481E-4
64.781,3.33421E-4
64.8046,3.44429E-4
64.8257,3.74096E-4
64.8467,4.26995E-4
64.8678,5.10339E-4
64.8862,6.16405E-4
64.9046,7.63094E-4
64.923,9.61968E-4
64.9414,0.00122668
64.9607,0.00159112
64.9819,0.00211687
65.0032,0.00279627
65.0278,0.00380498
65.0577,0.00535287
65.0973,0.00790191
65.1677,0.0128469
65.2099,0.0149953
65.2471,0.0157502
65.2504,0.0157561
65.2829,0.0152776
65.3199,0.0136709
65.3755,0.00997806
65.4305,0.00619153
65.4614,0.00444238
65.4886,0.00320734
65.5102,0.00243458
65.5318,0.00182722
65.5524,0.00138164
65.5709,0.00107299
65.5907,8.21244E-4
65.61,6.3748E-4
65.6293,5.00202E-4
65.6486,3.97877E-4
65.6691,3.17001E-4
65.6923,2.50762E-4
65.718,1.98038E-4
65.7437,1.59821E-4
65.7745,1.26338E-4
65.8054,1.01773E-4
65.8395,8.17818E-5
65.8737,6.76862E-5
65.9037,5.97876E-5
65.929,5.67109E-5
65.9341,5.6553E-5
65.9543,5.77528E-5
65.9745,6.25478E-5
65.9897,6.92378E-5
66.0074,8.14733E-5
66.0251,9.99924E-5
66.0403,1.2244E-4
66.0555,1.52716E-4
66.0707,1.92879E-4
66.0859,2.45391E-4
66.1011,3.13126E-4
66.1188,4.15752E-4
66.1365,5.49235E-4
66.1542,7.19576E-4
66.1737,9.56536E-4
66.1964,0.0013081
66.2215,0.00179537
66.2519,0.00252567
66.3085,0.00417576
66.3571,0.00555072
66.3936,0.00627367
66.4302,0.00655417
66.4315,0.00655473
66.4685,0.00630206
66.5029,0.00565265
66.5626,0.00398288
66.6122,0.00256705
66.6441,0.0018127
66.6704,0.00131374
66.6932,9.72302E-4
66.7134,7.33121E-4
66.7336,5.46666E-4
66.7514,4.20167E-4
66.7691,3.22037E-4
66.7868,2.47155E-4
66.8045,1.9107E-4
66.8222,1.50123E-4
66.8374,1.24917E-4
66.85,1.09883E-4
66.8652,9.82658E-5
66.8816,9.31432E-5
66.8844,9.30374E-5
66.8982,9.58888E-5
66.9131,1.0579E-4
66.9247,1.18942E-4
66.9381,1.41395E-4
66.9516,1.72966E-4
66.965,2.15609E-4
66.9785,2.71748E-4
66.9938,3.56213E-4
67.0092,4.67344E-4
67.0246,6.11211E-4
67.0419,8.20751E-4
67.0592,0.00109107
67.0784,0.0014762
67.0979,0.00197201
67.1204,0.00269541
67.1471,0.00377119
67.1819,0.00552395
67.2772,0.0110564
67.3141,0.0125565
67.3516,0.0131726
67.3549,0.0131765
67.3889,0.0127416
67.4248,0.0114506
67.4817,0.00836253
67.5376,0.00523957
67.5714,0.00369986
67.5965,0.00278888
67.6216,0.0020728
67.644,0.00158139
67.6658,0.0012175
67.6876,9.45035E-4
67.7084,7.52427E-4
67.7282,6.16851E-4
67.7514,5.04127E-4
67.7713,4.37552E-4
67.7911,3.92997E-4
67.811,3.67196E-4
67.831,3.58904E-4
67.8509,3.68611E-4
67.8709,3.98203E-4
67.8942,4.62189E-4
67.9163,5.58429E-4
67.9384,6.95335E-4
67.9605,8.79807E-4
67.9853,0.00115061
68.0133,0.00153967
68.0523,0.00221517
68.1329,0.00374931
68.1694,0.00424446
68.2068,0.00445973
68.2116,0.00446261
68.2465,0.00431082
68.281,0.00389518
68.3358,0.00290098
68.3951,0.00177478
68.427,0.00127825
68.4519,9.67318E-4
68.4749,7.37849E-4
68.4962,5.72657E-4
68.5175,4.46624E-4
68.5388,3.53623E-4
68.5586,2.91627E-4
68.5776,2.50109E-4
68.6004,2.19436E-4
68.6156,2.08868E-4
68.6343,2.05622E-4
68.653,2.12888E-4
68.6717,2.31427E-4
68.6904,2.63191E-4
68.7091,3.11544E-4
68.7278,3.81532E-4
68.7464,4.80206E-4
68.7628,5.97394E-4
68.7807,7.69105E-4
68.7983,9.92639E-4
68.8159,0.00128517
68.8333,0.00165937
68.8534,0.00221418
68.8734,0.00292667
68.8969,0.00398979
68.9229,0.00549107
68.9541,0.00774149
69.0046,0.0121776
69.0609,0.0171811
69.1025,0.0197975
69.1403,0.0206881
69.1416,0.0206898
69.1796,0.0198865
69.216,0.0177507
69.2775,0.0124575
69.3306,0.00786818
69.3628,0.00559909
69.3878,0.00419148
69.4128,0.00308278
69.4357,0.00230224
69.4566,0.00175912
69.4758,0.00137325
69.4967,0.00105723
69.5175,8.23199E-4
69.5383,6.51189E-4
69.5593,5.24309E-4
69.5787,4.3766E-4
69.6009,3.65229E-4
69.6231,3.14051E-4
69.6453,2.79508E-4
69.6706,2.57635E-4
69.6864,2.53196E-4
69.7085,2.59926E-4
69.7275,2.79468E-4
69.7464,3.1414E-4
69.7687,3.7798E-4
69.7909,4.71761E-4
69.8125,5.96499E-4
69.8366,7.78885E-4
69.8654,0.00106249
69.9011,0.00150735
69.9952,0.00285275
70.0346,0.00324485
70.0732,0.00338972
70.0753,0.00338988
70.1104,0.00327542
70.1479,0.00294324
70.2368,0.00182525
70.2651,0.00155223
70.2844,0.00142859
70.3086,0.00136276
70.328,0.00139472
70.3499,0.00153246
70.3717,0.00178856
70.3932,0.00216588
70.4182,0.00276304
70.4463,0.00363114
70.4891,0.00528259
70.5543,0.00797644
70.5931,0.00916715
70.6302,0.00969405
70.6382,0.00971355
70.6757,0.00934961
70.7155,0.00824101
70.7843,0.00539433
70.8276,0.0036386
70.8562,0.00268113
70.8817,0.0020007
70.901,0.00160051
70.9209,0.00129556
70.9388,0.00111265
70.9561,0.00101732
70.9663,9.9972E-4
70.9819,0.00102972
70.9975,0.00113184
71.0131,0.00131061
71.0311,0.00161939
71.0495,0.00206363
71.0703,0.0027336
71.0921,0.00364704
71.117,0.00496775
71.1482,0.00702219
71.2043,0.0115254
71.2594,0.0158526
71.2999,0.0179987
71.3371,0.0186645
71.3716,0.0180344
71.411,0.0160223
71.4775,0.0109307
71.5274,0.00714082
71.5596,0.00513704
71.5877,0.00375173
71.6113,0.00284169
71.6315,0.00223367
71.6537,0.00173107
71.6737,0.00140437
71.6936,0.00118414
71.7107,0.00107221
71.7284,0.00102489
71.731,0.00102368
71.7462,0.00104504
71.7664,0.00114921
71.7877,0.00135174
71.811,0.00168349
71.8384,0.0022164
71.8724,0.00306971
71.9661,0.00583047
72.0093,0.00671532
72.0462,0.00700207
72.0513,0.00700306
72.0918,0.00668594
72.1364,0.0057879
72.2368,0.00310402
72.2733,0.00231152
72.305,0.00177419
72.3366,0.0013701
72.3683,0.00107796
72.3968,8.89261E-4
72.4279,7.42005E-4
72.4633,6.24543E-4
72.5077,5.24893E-4
72.5673,4.35888E-4
72.6433,3.58702E-4
72.7345,2.92502E-4
72.8562,2.27814E-4
73.0013,1.70024E-4
73.1561,1.21357E-4
73.2908,8.63374E-5
73.3466,7.50342E-5
73.3923,7.00412E-5
73.4,6.99323E-5
73.4228,7.16429E-5
73.4456,7.77485E-5
73.4647,8.79267E-5
73.4799,1.00801E-4
73.4951,1.19308E-4
73.5123,1.48942E-4
73.5275,1.85381E-4
73.5427,2.33876E-4
73.5599,3.06417E-4
73.5774,4.04919E-4
73.5957,5.39844E-4
73.6139,7.14084E-4
73.6345,9.65209E-4
73.6563,0.00130453
73.6827,0.00182437
73.7132,0.00257495
73.7589,0.00394791
73.8289,0.00613211
73.8716,0.00705214
73.9089,0.00736617
73.9122,0.00736876
73.9457,0.00716639
73.9812,0.00654573
74.0401,0.00495535
74.101,0.00323233
74.1366,0.00241555
74.1663,0.00188042
74.1952,0.0014853
74.2241,0.00119932
74.2531,0.00100211
74.2772,8.90907E-4
74.3061,8.06381E-4
74.3438,7.57499E-4
74.3564,7.54247E-4
74.3897,7.76252E-4
74.4229,8.49649E-4
74.4506,9.6408E-4
74.4783,0.00114738
74.5005,0.00136173
74.5255,0.00169799
74.5489,0.00213041
74.5732,0.00272105
74.6004,0.00358819
74.6307,0.00482489
74.6713,0.00690732
74.7657,0.0123647
74.8078,0.0140077
74.8445,0.0145124
74.8795,0.014072
74.9175,0.0126686
74.9707,0.00965096
75.0355,0.00572892
75.0703,0.00399671
75.0988,0.00286881
75.1209,0.00217308
75.1434,0.00161455
75.1636,0.0012269
75.1838,9.28576E-4
75.2017,7.2543E-4
75.2183,5.79745E-4
75.2348,4.68029E-4
75.2545,3.682E-4
75.2743,2.97211E-4
75.2941,2.47977E-4
75.3138,2.15241E-4
75.3386,1.92016E-4
75.3635,1.84944E-4
75.3889,1.93165E-4
75.4113,2.14402E-4
75.4337,2.51552E-4
75.4516,2.95605E-4
75.4717,3.64359E-4
75.4919,4.5842E-4
75.512,5.83747E-4
75.5347,7.70519E-4
75.5577,0.00101821
75.5807,0.00133268
75.6091,0.00181943
75.6439,0.00256016
75.742,0.00501671
75.783,0.0057716
75.823,0.00609143
75.8292,0.00609698
75.8678,0.00586271
75.9077,0.00519248
75.9732,0.00357152
76.0264,0.00226165
76.0596,0.00159557
76.0857,0.00117858
76.1102,8.70397E-4
76.1317,6.62398E-4
76.1509,5.19909E-4
76.1701,4.1321E-4
76.1883,3.40839E-4
76.2042,2.98568E-4
76.2201,2.73952E-4
76.236,2.66109E-4
76.2518,2.74807E-4
76.268,3.01163E-4
76.2849,3.48482E-4
76.3017,4.18008E-4
76.3214,5.30519E-4
76.341,6.81156E-4
76.3625,8.94367E-4
76.388,0.00122141
76.4161,0.00167765
76.4544,0.00245179
76.5483,0.00461577
76.5881,0.00527347
76.628,0.00555145
76.6337,0.00555508
76.6729,0.00533299
76.7107,0.00476115
76.777,0.00328735
76.8306,0.00209829
76.8648,0.00148007
76.8924,0.0010837
76.9164,8.11296E-4
76.9381,6.17495E-4
76.9598,4.66716E-4
76.981,3.5407E-4
77.002,2.69425E-4
77.0231,2.0618E-4
77.0423,1.63047E-4
77.0614,1.30391E-4
77.0805,1.05736E-4
77.1035,8.40325E-5
77.1265,6.86422E-5
77.1495,5.78729E-5
77.177,4.95307E-5
77.2037,4.52173E-5
77.225,4.41516E-5
77.2464,4.52119E-5
77.266,4.8228E-5
77.2855,5.35503E-5
77.3083,6.34339E-5
77.3278,7.60499E-5
77.3474,9.38397E-5
77.3663,1.17663E-4
77.3838,1.47683E-4
77.4014,1.87706E-4
77.419,2.40792E-4
77.4366,3.10768E-4
77.4542,4.023E-4
77.4718,5.20915E-4
77.4913,6.92221E-4
77.5122,9.31365E-4
77.533,0.0012409
77.5564,0.00168827
77.582,0.00231086
77.6101,0.00317208
77.6466,0.00454872
77.7414,0.00867611
77.7821,0.00998751
77.8208,0.0105657
77.83,0.0105882
77.8654,0.0102543
77.9029,0.00924724
77.9613,0.00684478
78.0218,0.004219
78.0551,0.00302148
78.0801,0.00229878
78.1034,0.00176924
78.1234,0.00142576
78.1439,0.00117267
78.1635,0.00102364
78.1819,9.61036E-4
78.1896,9.56628E-4
78.2024,9.77204E-4
78.2209,0.00106725
78.2424,0.00126096
78.2658,0.00157616
78.2927,0.00206948
78.3276,0.00288874
78.4282,0.00564226
78.4713,0.00644571
78.509,0.00670621
78.5123,0.00670672
78.5493,0.00647138
78.5924,0.0057146
78.7011,0.00297201
78.734,0.00230957
78.7627,0.00187866
78.7864,0.00163722
78.8102,0.00150145
78.834,0.00146895
78.8577,0.00153445
78.887,0.00173782
78.9213,0.00212027
79.0293,0.00367604
79.0727,0.00405665
79.0998,0.00412733
79.1384,0.0039827
79.1828,0.00349975
79.2651,0.00216206
79.312,0.00144288
79.3428,0.00105972
79.371,7.79207E-4
79.396,5.8568E-4
79.4196,4.44579E-4
79.4411,3.46264E-4
79.4634,2.68963E-4
79.4861,2.11521E-4
79.5088,1.70998E-4
79.5304,1.45019E-4
79.5497,1.30381E-4
79.5689,1.22971E-4
79.5786,1.21896E-4
79.5946,1.24138E-4
79.6139,1.34143E-4
79.6343,1.55163E-4
79.6532,1.86809E-4
79.6684,2.22903E-4
79.6854,2.7806E-4
79.7024,3.52609E-4
79.7194,4.51577E-4
79.7365,5.80927E-4
79.7533,7.45622E-4
79.7726,9.88023E-4
79.7918,0.00129952
79.8138,0.00175538
79.8381,0.00239823
79.8645,0.00328605
79.8975,0.00467571
79.9448,0.00711807
80.0186,0.0110907
80.0615,0.0127104
80.1018,0.0133056
80.1053,0.0133087
80.1418,0.012874
80.1803,0.011597
80.2414,0.00853127
80.3014,0.00539648
80.3377,0.00383037
80.3686,0.00277599
80.3955,0.00205837
80.4204,0.00154785
80.4438,0.00118129
80.4672,9.04068E-4
80.4907,6.96563E-4
80.5127,5.52622E-4
80.5347,4.46012E-4
80.5568,3.68447E-4
80.577,3.17797E-4
80.5991,2.81994E-4
80.6213,2.65487E-4
80.6289,2.64388E-4
80.6442,2.69862E-4
80.6596,2.86546E-4
80.6787,3.25545E-4
80.6979,3.88304E-4
80.7158,4.72316E-4
80.7362,6.0374E-4
80.7567,7.78873E-4
80.7804,0.00104492
80.8062,0.00141725
80.8369,0.00197602
80.8788,0.00292245
80.9748,0.00533479
81.0235,0.00620943
81.0688,0.00657368
81.0831,0.00658911
81.1328,0.00630257
81.1898,0.0054778
81.3355,0.00268544
81.3868,0.0018792
81.4245,0.00140774
81.4579,0.0010788
81.4913,8.2759E-4
81.5196,6.67801E-4
81.5478,5.47827E-4
81.5818,4.44868E-4
81.6157,3.74531E-4
81.6496,3.26368E-4
81.6973,2.81826E-4
81.7602,2.45525E-4
81.8481,2.14105E-4
81.9586,1.89693E-4
82.0868,1.74E-4
82.2149,1.69033E-4
82.3532,1.76084E-4
82.4685,1.94695E-4
82.5607,2.21987E-4
82.6355,2.56841E-4
82.7003,3.01879E-4
82.7521,3.54741E-4
82.7988,4.25141E-4
82.8376,5.13247E-4
82.8687,6.16347E-4
82.896,7.43617E-4
82.9219,9.11546E-4
82.9478,0.00114287
82.9737,0.00145938
82.9996,0.00188634
83.0234,0.00239967
83.0499,0.00312796
83.0807,0.00421371
83.1185,0.00589943
83.1839,0.00947708
83.245,0.0127529
83.2948,0.0145481
83.3408,0.015159
83.3449,0.0151651
83.4088,0.0145391
83.4961,0.0132932
83.6275,0.01276
83.6794,0.0116969
83.735,0.00961752
83.8349,0.00502827
83.8733,0.00357097
83.9039,0.00263925
83.9302,0.00200601
83.9569,0.00150309
83.9827,0.00113567
84.0059,8.84638E-4
84.029,6.93575E-4
84.0522,5.49142E-4
84.0779,4.29767E-4
84.1037,3.41951E-4
84.1294,2.76611E-4
84.1603,2.18932E-4
84.1937,1.74229E-4
84.2245,1.4506E-4
84.2553,1.25714E-4
84.2783,1.17845E-4
84.2937,1.16225E-4
84.3148,1.19769E-4
84.332,1.2884E-4
84.3493,1.44997E-4
84.3665,1.70123E-4
84.3838,2.06606E-4
84.4011,2.57384E-4
84.419,3.28916E-4
84.4369,4.24204E-4
84.4548,5.48443E-4
84.4752,7.33151E-4
84.495,9.63475E-4
84.5169,0.00128555
84.5422,0.00175857
84.5709,0.00243241
84.6077,0.00350828
84.7161,0.00722504
84.7591,0.0082641
84.8004,0.00866225
84.8033,0.00866466
84.8409,0.00839068
84.8859,0.00740479
84.9555,0.00509473
85.0077,0.00335747
85.0435,0.00237179
85.0703,0.00177718
85.0969,0.00131226
85.1197,0.00100664
85.1401,7.98358E-4
85.158,6.63482E-4
85.1734,5.80815E-4
85.1887,5.27348E-4
85.2028,5.03636E-4
85.2075,5.01181E-4
85.2216,5.10574E-4
85.2341,5.40639E-4
85.2496,6.08751E-4
85.2651,7.14117E-4
85.2832,8.89954E-4
85.3013,0.0011306
85.3221,0.00149667
85.3428,0.0019732
85.366,0.00265696
85.394,0.00370044
85.4282,0.00530779
85.4778,0.00817042
85.5534,0.0126424
85.5958,0.01437
85.637,0.0150208
85.6391,0.0150233
85.6797,0.0144899
85.7232,0.0128497
85.8453,0.00609133
85.8826,0.00440357
85.914,0.00327945
85.9412,0.0025236
85.9684,0.00194462
85.9936,0.00153953
86.0208,0.00121678
86.0479,9.83708E-4
86.0751,8.16012E-4
86.1062,6.80096E-4
86.1372,5.83926E-4
86.1786,4.94043E-4
86.2304,4.17042E-4
86.3002,3.45525E-4
86.3856,2.84354E-4
86.4853,2.33269E-4
86.6119,1.87252E-4
86.7242,1.58336E-4
86.8287,1.39583E-4
86.9173,1.30085E-4
86.9765,1.27968E-4
87.0356,1.30886E-4
87.0835,1.39296E-4
87.1193,1.51791E-4
87.1552,1.73581E-4
87.1852,2.03704E-4
87.2091,2.40317E-4
87.2305,2.87167E-4
87.2517,3.51378E-4
87.2728,4.40143E-4
87.2939,5.61826E-4
87.315,7.26764E-4
87.3361,9.47265E-4
87.3565,0.00122639
87.3798,0.00164049
87.403,0.00217667
87.4292,0.00294991
87.4584,0.0040469
87.4939,0.00570547
87.5536,0.00910328
87.6167,0.0126665
87.6595,0.0143493
87.7022,0.0149853
87.7041,0.014986
87.7428,0.0144875
87.7833,0.0130345
87.8486,0.00949993
87.9117,0.00598118
87.9489,0.00428336
87.9804,0.00314075
88.009,0.002338
88.0356,0.00176795
88.0592,0.00138251
88.0829,0.0010901
88.1082,8.5813E-4
88.1336,6.89922E-4
88.1589,5.68324E-4
88.1885,4.67739E-4
88.2236,3.86123E-4
88.2631,3.24637E-4
88.3081,2.76439E-4
88.3644,2.34334E-4
88.4446,1.92891E-4
88.5376,1.59932E-4
88.6459,1.33477E-4
88.7644,1.14249E-4
88.8829,1.0276E-4
89.0013,9.87057E-5
89.1013,1.02388E-4
89.1776,1.11568E-4
89.2349,1.24113E-4
89.2921,1.44783E-4
89.3302,1.66252E-4
89.3659,1.95807E-4
89.397,2.3383E-4
89.4237,2.80392E-4
89.4504,3.46021E-4
89.4759,4.33706E-4
89.4981,5.37918E-4
89.5204,6.75713E-4
89.5426,8.55892E-4
89.5681,0.00112609
89.5948,0.00149887
89.6233,0.00201361
89.6538,0.00271197
89.693,0.00382762
89.8105,0.00783014
89.8593,0.00907604
89.9106,0.00971079
89.9305,0.00976122
89.9956,0.00932955
90.1577,0.00686111
90.2514,0.00497582
90.3488,0.00282366
90.3916,0.002037
90.4253,0.00153696
90.4574,0.00116161
90.4859,9.03127E-4
90.5145,7.05299E-4
90.543,5.56803E-4
90.5683,4.57279E-4
90.6,3.65044E-4
90.6317,2.98478E-4
90.6647,2.47765E-4
90.7027,2.04645E-4
90.7483,1.66552E-4
90.8035,1.32458E-4
90.8696,1.02088E-4
90.9363,7.92197E-5
90.9869,6.63633E-5
91.0249,5.98464E-5
91.0503,5.76408E-5
91.0629,5.7422E-5
91.0883,5.93899E-5
91.1073,6.368E-5
91.1294,7.2958E-5
91.1484,8.58604E-5
91.1674,1.04869E-4
91.1864,1.31817E-4
91.2054,1.68925E-4
91.2244,2.18807E-4
91.2434,2.84434E-4
91.2624,3.69052E-4
91.2846,4.96283E-4
91.3068,6.59161E-4
91.3315,8.88064E-4
91.3609,0.00123053
91.3973,0.00176015
91.4642,0.00293826
91.525,0.00396067
91.5716,0.00446414
91.6069,0.00458921
91.6466,0.00443958
91.6892,0.00397812
91.7601,0.00281321
91.8189,0.00183296
91.8554,0.00133097
91.8863,9.89916E-4
91.9141,7.47991E-4
91.942,5.61895E-4
91.968,4.30988E-4
91.9933,3.3521E-4
92.0186,2.64082E-4
92.044,2.11617E-4
92.0725,1.68812E-4
92.1041,1.35172E-4
92.1358,1.11184E-4
92.1751,8.98068E-5
92.2207,7.1958E-5
92.2739,5.67064E-5
92.3288,4.50265E-5
92.3819,3.69805E-5
92.4203,3.33896E-5
92.4455,3.24461E-5
92.4707,3.30932E-5
92.4959,3.5997E-5
92.5161,4.06009E-5
92.5363,4.79861E-5
92.5539,5.74502E-5
92.5715,7.05232E-5
92.5892,8.81419E-5
92.6081,1.1332E-4
92.627,1.46548E-4
92.6459,1.89574E-4
92.6679,2.54654E-4
92.6895,3.36484E-4
92.7137,4.531E-4
92.7409,6.18953E-4
92.7742,8.73598E-4
92.8185,0.00129268
92.9072,0.00221407
92.9556,0.00257638
92.9982,0.0027077
93.0032,0.0027096
93.0464,0.00260716
93.0907,0.00230718
93.1694,0.00152093
93.2248,9.80725E-4
93.2581,7.15525E-4
93.2863,5.33021E-4
93.3105,4.07167E-4
93.3339,3.09884E-4
93.3566,2.3599E-4
93.3793,1.78976E-4
93.3982,1.4221E-4
93.4171,1.1352E-4
93.436,9.152E-5
93.4549,7.50537E-5
93.4738,6.32158E-5
93.4889,5.66336E-5
93.5041,5.23823E-5
93.5241,5.01795E-5
93.5391,5.11147E-5
93.5541,5.44285E-5
93.5691,6.03919E-5
93.5866,7.1255E-5
93.6043,8.73457E-5
93.622,1.09719E-4
93.6398,1.39806E-4
93.6575,1.79312E-4
93.6777,2.3853E-4
93.698,3.15902E-4
93.7183,4.14938E-4
93.7411,5.56616E-4
93.7664,7.56896E-4
93.7958,0.00105132
93.8312,0.00149709
93.8839,0.00230837
93.9609,0.00353448
94.0085,0.00405615
94.0515,0.00422608
94.0528,0.00422611
94.0946,0.00406809
94.1412,0.0035732
94.2242,0.0022693
94.2749,0.00150537
94.3093,0.00107953
94.3374,7.99212E-4
94.364,5.88462E-4
94.3868,4.46081E-4
94.4096,3.34393E-4
94.4305,2.54844E-4
94.4514,1.93335E-4
94.4704,1.50192E-4
94.4906,1.14931E-4
94.5109,8.84632E-5
94.5311,6.88368E-5
94.5514,5.44908E-5
94.5717,4.42121E-5
94.5894,3.78271E-5
94.6084,3.31371E-5
94.6274,3.02649E-5
94.6451,2.89607E-5
94.6527,2.87637E-5
94.6755,2.93579E-5
94.7033,3.23323E-5
94.7287,3.71148E-5
94.7555,4.44465E-5
94.7835,5.47864E-5
94.8161,7.10039E-5
94.8432,8.88096E-5
94.8744,1.15708E-4
94.9029,1.48526E-4
94.9314,1.92647E-4
94.9558,2.43312E-4
94.9803,3.10825E-4
95.0047,4.01944E-4
95.025,5.02537E-4
95.0454,6.32977E-4
95.0678,8.21482E-4
95.0902,0.00107112
95.1126,0.00139899
95.135,0.00182464
95.1594,0.00242533
95.1838,0.00319515
95.2123,0.00433981
95.2449,0.00600476
95.2807,0.00827753
95.3437,0.0131282
95.4262,0.0195128
95.4835,0.0225728
95.5467,0.0241054
95.5955,0.0243336
95.7365,0.0234438
95.7993,0.0217174
95.8558,0.0188006
95.996,0.00893739
96.0358,0.00663685
96.0703,0.00504002
96.1049,0.00381007
96.1362,0.00297234
96.1676,0.00235289
96.199,0.00190258
96.2357,0.00153251
96.2723,0.0012769
96.3141,0.00107414
96.3665,9.00475E-4
96.4292,7.56864E-4
96.5077,6.30512E-4
96.6019,5.22144E-4
96.7222,4.23242E-4
96.8687,3.37916E-4
97.0257,2.7176E-4
97.2141,2.12855E-4
97.4296,1.61631E-4
97.698,1.11344E-4
98.0165,6.11003E-5
98.1809,3.80163E-5
98.2425,3.1286E-5
98.2733,2.92218E-5
98.2939,2.87638E-5
98.3144,2.94401E-5
98.3324,3.13631E-5
98.3517,3.53715E-5
98.3671,4.05517E-5
98.3825,4.80635E-5
98.3992,5.96269E-5
98.4146,7.43792E-5
98.43,9.41315E-5
98.4454,1.20166E-4
98.4608,1.54011E-4
98.4782,2.03666E-4
98.4955,2.68447E-4
98.5128,3.51748E-4
98.5327,4.75138E-4
98.5533,6.39925E-4
98.5738,8.49724E-4
98.5969,0.00114808
98.6216,0.00154815
98.6524,0.00217662
98.6894,0.00311765
98.7541,0.00512076
98.823,0.00719898
98.8692,0.00812097
98.9123,0.00840775
98.9575,0.00805546
98.9986,0.00723615
99.0849,0.00474216
99.1409,0.00318906
99.1787,0.00234695
99.2095,0.00180321
99.2403,0.00138209
99.2711,0.00106746
99.2962,8.76344E-4
99.3251,7.12372E-4
99.354,5.94461E-4
99.3886,4.96097E-4
99.4291,4.20389E-4
99.4753,3.64494E-4
99.5369,3.16965E-4
99.6191,2.76788E-4
99.7219,2.44526E-4
99.8471,2.19866E-4
99.9762,2.05287E-4
100.148,1.99103E-4
100.319,2.08503E-4
100.432,2.26652E-4
100.518,2.50083E-4
100.603,2.87428E-4
100.667,3.31577E-4
100.718,3.85938E-4
100.763,4.60019E-4
100.795,5.39719E-4
100.824,6.4694E-4
100.854,8.0231E-4
100.88,9.9099E-4
100.905,0.00125087
100.931,0.00160564
100.955,0.00205286
100.981,0.00267437
101.009,0.0035805
101.039,0.00481565
101.073,0.00661694
101.116,0.00950011
101.232,0.0184324
101.278,0.0209087
101.322,0.0219081
101.327,0.0219179
101.369,0.0211952
101.41,0.019208
101.473,0.0145047
101.549,0.0085481
101.589,0.00597605
101.62,0.00435679
101.647,0.0032184
101.673,0.00239439
101.696,0.00180589
101.72,0.00135188
101.741,0.00103528
101.763,7.92514E-4
101.784,6.08349E-4
101.805,4.69773E-4
101.826,3.66014E-4
101.846,2.95246E-4
101.867,2.35479E-4
101.888,1.90513E-4
101.914,1.50628E-4
101.939,1.21587E-4
101.969,9.71126E-5
101.999,7.96559E-5
102.032,6.61385E-5
102.062,5.78032E-5
102.093,5.27449E-5
102.124,5.07402E-5
102.156,5.22314E-5
102.184,5.70598E-5
102.212,6.60943E-5
102.237,7.86139E-5
102.262,9.70802E-5
102.283,1.19417E-4
102.305,1.49982E-4
102.326,1.91682E-4
102.345,2.41221E-4
102.364,3.06164E-4
102.383,3.90926E-4
102.402,5.00931E-4
102.421,6.42666E-4
102.44,8.23736E-4
102.462,0.00109625
102.484,0.0014492
102.506,0.00189863
102.531,0.00255061
102.56,0.0034849
102.591,0.00479404
102.633,0.00695285
102.757,0.0145897
102.805,0.016679
102.85,0.0174677
102.855,0.0174719
102.898,0.0168465
102.943,0.0150382
103.022,0.0103916
103.083,0.00676219
103.123,0.00481638
103.154,0.00363663
103.183,0.00278074
103.209,0.00219862
103.231,0.0018089
103.254,0.00152656
103.271,0.0013776
103.297,0.00124927
103.314,0.0012232
103.34,0.00126959
103.366,0.00141744
103.391,0.00166796
103.421,0.0020843
103.451,0.00263781
103.493,0.00365767
103.611,0.00696222
103.657,0.00786705
103.702,0.00820503
103.704,0.00820556
103.747,0.0079228
103.791,0.00713585
103.863,0.00516158
103.93,0.00324863
103.972,0.00230418
104.004,0.00171196
104.033,0.00129806
104.062,9.7924E-4
104.088,7.63637E-4
104.114,5.96578E-4
104.141,4.70056E-4
104.168,3.77841E-4
104.195,3.10935E-4
104.227,2.54984E-4
104.257,2.18937E-4
104.29,1.90751E-4
104.316,1.76693E-4
104.35,1.66476E-4
104.366,1.65278E-4
104.391,1.69297E-4
104.417,1.82272E-4
104.442,2.0757E-4
104.463,2.41543E-4
104.484,2.91247E-4
104.504,3.59208E-4
104.524,4.52003E-4
104.545,5.76061E-4
104.565,7.38712E-4
104.588,9.74541E-4
104.61,0.0012796
104.635,0.0017122
104.663,0.00232559
104.695,0.00320352
104.736,0.0046133
104.862,0.00979231
104.912,0.011182
104.957,0.0116065
105.004,0.0111432
105.056,0.00967092
105.182,0.00471567
105.224,0.00332774
105.258,0.00246637
105.289,0.001853
105.319,0.00140994
105.347,0.00109112
105.375,8.55441E-4
105.403,6.83842E-4
105.431,5.59889E-4
105.465,4.5631E-4
105.502,3.78032E-4
105.54,3.24727E-4
105.593,2.73709E-4
105.648,2.39168E-4
105.714,2.11363E-4
105.78,1.95882E-4
105.813,1.93455E-4
105.863,2.00033E-4
105.895,2.15032E-4
105.923,2.39729E-4
105.948,2.75116E-4
105.973,3.28986E-4
105.995,3.97218E-4
106.017,4.92025E-4
106.039,6.21632E-4
106.061,7.95882E-4
106.083,0.00102614
106.105,0.00132495
106.129,0.0017501
106.156,0.00236025
106.183,0.0031339
106.216,0.00433127
106.258,0.00619518
106.371,0.0120838
106.419,0.0139572
106.466,0.0147574
106.474,0.0147796
106.516,0.0143141
106.559,0.0129875
106.628,0.00963605
106.702,0.00590557
106.744,0.0041729
106.777,0.00310127
106.806,0.00236006
106.835,0.00178846
106.862,0.00139397
106.889,0.00108396
106.917,8.57502E-4
106.945,6.93882E-4
106.977,5.62184E-4
107.01,4.67905E-4
107.049,3.91519E-4
107.095,3.32299E-4
107.161,2.76886E-4
107.235,2.34937E-4
107.346,1.91255E-4
107.483,1.53814E-4
107.652,1.21186E-4
107.85,9.33112E-5
108.064,7.03196E-5
108.305,4.9633E-5
108.546,3.25581E-5
108.748,2.05403E-5
108.891,1.33458E-5
108.987,9.3672E-6
109.056,7.04461E-6
109.112,5.61167E-6
109.152,4.89376E-6
109.183,4.54261E-6
109.215,4.42707E-6
109.246,4.57763E-6
109.276,5.0329E-6
109.304,5.75093E-6
109.331,6.8215E-6
109.359,8.32078E-6
109.385,1.02952E-5
109.412,1.28908E-5
109.441,1.67021E-5
109.468,2.13426E-5
109.494,2.75452E-5
109.518,3.49987E-5
109.542,4.49517E-5
109.562,5.58827E-5
109.582,7.00737E-5
109.604,9.07644E-5
109.624,1.15778E-4
109.644,1.48664E-4
109.663,1.91853E-4
109.683,2.48372E-4
109.703,3.21913E-4
109.725,4.27722E-4
109.747,5.66284E-4
109.769,7.45317E-4
109.793,9.96693E-4
109.817,0.00131756
109.845,0.00179414
109.875,0.0024521
109.909,0.00337827
109.95,0.00477153
110.016,0.00746013
110.159,0.0135868
110.271,0.0174269
110.349,0.0190551
110.383,0.0192353
110.442,0.0184529
110.498,0.0163337
110.575,0.0119052
110.654,0.00721886
110.694,0.00522249
110.731,0.00377171
110.763,0.00279088
110.792,0.00209944
110.817,0.00163956
110.845,0.00125339
110.869,0.00100455
110.897,7.88379E-4
110.925,6.32245E-4
110.955,5.12617E-4
110.988,4.20841E-4
111.025,3.4779E-4
111.072,2.85138E-4
111.128,2.33249E-4
111.193,1.89785E-4
111.279,1.4762E-4
111.368,1.14951E-4
111.466,8.7689E-5
111.554,6.96782E-5
111.609,6.18759E-5
111.645,5.88088E-5
111.664,5.81841E-5
111.7,5.95888E-5
111.73,6.45294E-5
111.753,7.22544E-5
111.777,8.48953E-5
111.799,1.02896E-4
111.82,1.2833E-4
111.839,1.60245E-4
111.859,2.03383E-4
111.878,2.6095E-4
111.897,3.3681E-4
111.916,4.35543E-4
111.937,5.74717E-4
111.958,7.62597E-4
111.982,0.00102848
112.006,0.00136985
112.033,0.00187897
112.062,0.00255557
112.096,0.00355499
112.14,0.00516708
112.254,0.00980843
112.304,0.0112686
112.352,0.0118238
112.355,0.0118274
112.398,0.011461
112.442,0.0103782
112.511,0.00777464
112.587,0.00477488
112.628,0.00343428
112.662,0.00253688
112.692,0.00190976
112.721,0.00143365
112.747,0.0011084
112.774,8.59296E-4
112.8,6.7124E-4
112.826,5.30654E-4
112.852,4.26049E-4
112.882,3.40012E-4
112.913,2.74504E-4
112.944,2.29777E-4
112.969,2.04692E-4
113.003,1.83768E-4
113.024,1.79684E-4
113.044,1.82418E-4
113.064,1.93109E-4
113.09,2.19982E-4
113.112,2.59808E-4
113.135,3.17604E-4
113.161,4.06849E-4
113.187,5.33478E-4
113.214,6.97956E-4
113.247,9.57581E-4
113.288,0.00137081
113.417,0.00290209
113.47,0.00333584
113.516,0.00347929
113.521,0.00347948
113.562,0.00337364
113.606,0.0030632
113.679,0.00229438
113.755,0.00147755
113.8,0.00108012
113.838,8.23773E-4
113.871,6.57113E-4
113.905,5.25102E-4
113.939,4.30622E-4
113.973,3.65376E-4
114.013,3.17289E-4
114.047,2.95092E-4
114.081,2.8854E-4
114.114,2.97626E-4
114.147,3.25514E-4
114.181,3.77612E-4
114.21,4.49945E-4
114.24,5.52997E-4
114.269,6.92731E-4
114.304,9.08639E-4
114.343,0.00122636
114.393,0.00174201
114.494,0.00286142
114.542,0.00324628
114.591,0.00340737
114.595,0.0034084
114.642,0.00328083
114.692,0.00289506
114.776,0.0019374
114.835,0.00127287
114.871,9.466E-4
114.902,7.27001E-4
114.929,5.84454E-4
114.948,5.1223E-4
114.969,4.62398E-4
114.99,4.45255E-4
115.01,4.61145E-4
115.027,5.0221E-4
115.047,5.8593E-4
115.067,7.13442E-4
115.087,8.91421E-4
115.109,0.00116424
115.132,0.00152278
115.157,0.00204589
115.185,0.00279601
115.217,0.00386823
115.253,0.00540305
115.302,0.00798752
115.399,0.0134997
115.452,0.0156979
115.5,0.0165771
115.508,0.0165982
115.555,0.0160432
115.611,0.0141085
115.711,0.00966816
115.743,0.00866285
115.78,0.00799369
115.798,0.00788641
115.833,0.00811798
115.865,0.00878964
115.918,0.0106371
116.01,0.0142273
116.061,0.0153273
116.082,0.0154372
116.129,0.0149129
116.184,0.0130722
116.325,0.0061852
116.369,0.0044008
116.405,0.00329695
116.436,0.00251573
116.468,0.00192179
116.496,0.00153071
116.524,0.0012361
116.554,0.00100351
116.584,8.34991E-4
116.62,6.92211E-4
116.656,5.92763E-4
116.704,5.01339E-4
116.769,4.18501E-4
116.842,3.54964E-4
116.915,3.09601E-4
116.987,2.78166E-4
117.0,2.73627E-4
117.0,0.00364538
139.877,0.00330543
150.0,0.003155
179.329,0.00289573
200.0,0.002713
239.106,0.00250769
285.858,0.00226224
300.0,0.002188
358.659,0.00203519
428.788,0.00185251
500.0,0.001667
597.765,0.00153062
700.0,0.001388
836.871,0.00127485
1000.0,0.00114
1195.53,0.00110676
1429.29,0.00106702
1500.0,0.001055
1793.3,0.00106732
2000.0,0.001076
2391.06,9.87503E-4
2858.58,8.81702E-4
3000.0,8.497E-4
3586.59,8.75745E-4
4287.88,9.06882E-4
5000.0,9.385E-4
5977.65,9.41677E-4
7000.0,9.45E-4
8368.71,9.35487E-4
9000.0,9.311E-4
10759.8,9.25357E-4
12863.6,9.18491E-4
15378.9,9.10282E-4
18385.9,9.00468E-4
20000.0,8.952E-4
23910.6,8.89295E-4
28585.8,8.82235E-4
34175.2,8.73795E-4
40000.0,8.65E-4
47821.2,9.01838E-4
57171.7,9.45879E-4
60000.0,9.592E-4
78024.2,0.0010158
78024.2,0.00101579
80000.0,0.00102206
100000.0,0.00181993
120000.0,0.00183003
140000.0,0.00215218
144000.0,0.00253216
147000.0,0.00302544
150000.0,0.00409824
152000.0,0.00588228
153000.0,0.00775045
154000.0,0.0115257
155000.0,0.0219487
157000.0,0.0584963
158008.0,0.0248345
160000.0,0.0114038
165000.0,0.00652301
166000.0,0.00637466
169984.0,0.00686012
172000.0,0.0120309
173875.0,0.00999625
177000.0,0.00855244
180094.0,0.0149426
188000.0,0.0193773
200375.0,0.0134203
211250.0,0.00945125
220000.0,0.00675882
240000.0,0.0064315
259688.0,0.00948355
270000.0,0.0139415
280000.0,0.0230958
295375.0,0.0658244
301000.0,0.0909175
305500.0,0.0818
310000.0,0.0757179
314000.0,0.0798135
320000.0,0.0743308
324000.0,0.0833977
333750.0,0.0691437
340000.0,0.0587521
360000.0,0.0373923
365000.0,0.0352583
370062.0,0.0589913
371000.0,0.0678043
374938.0,0.0450127
380000.0,0.0375264
395000.0,0.0412825
410000.0,0.0436945
440000.0,0.0837921
510000.0,0.389485
540000.0,0.423206
560000.0,0.475692
570000.0,0.483781
585000.0,0.426075
600000.0,0.352813
610000.0,0.33291
621250.0,0.337625
655000.0,0.39565
680000.0,0.405796
700000.0,0.395204
720000.0,0.400704
740000.0,0.42371
775000.0,0.5275
810000.0,0.637403
820000.0,0.679688
860000.0,0.761579
870000.0,0.744211
880000.0,0.746297
950000.0,0.711405
990000.0,0.7329
1100000.0,0.816698
1250000.0,0.8812
1550000.0,0.96215
1750000.0,1.0135
2100000.0,1.03
2744410.0,0.990074
4391060.0,0.84436
5000000.0,0.803501
5700000.0,0.783805
6006250.0,0.889323
6700000.0,1.3605
7100000.0,1.599
7400000.0,1.73699
8000000.0,1.823
1.05E7,1.4975
1.25E7,1.317
1.3E7,1.284
1.4E7,1.31
1.6E7,1.633
1.7E7,1.729
1.8E7,1.733
2.0E7,1.699
2.35E7,1.958
2.5E7,1.986
2.9E7,1.876
3.2E7,2.002
3.5E7,2.1125
4.3E7,2.159
5.0E7,2.152
5.4E7,2.155
6.0E7,2.132
