91-Pa-233(n,&gamma;) ENDF/B-VII.1
1.0E-5,2411.14
1.31241E-5,2104.65
1.70876E-5,1844.43
2.2426E-5,1609.97
2.91987E-5,1410.9
3.83206E-5,1231.51
4.98935E-5,1079.21
6.54808E-5,941.96
8.52562E-5,825.445
1.11891E-4,720.426
1.45682E-4,631.249
1.91195E-4,550.897
2.48937E-4,482.648
3.26707E-4,421.11
4.25373E-4,368.857
5.58264E-4,321.736
7.26861E-4,281.721
9.53941E-4,245.61
0.00124203,214.902
0.00163006,187.196
0.00212234,163.624
0.00278538,142.324
0.00362657,124.201
0.00475955,107.989
0.00649986,91.5874
0.00885724,77.5642
0.012142,65.2764
0.0158747,56.0219
0.0207477,48.0958
0.0234661,44.7173
0.0253,42.7054
0.033204,36.1098
0.0432317,30.592
0.0542112,26.4569
0.0738726,21.6334
0.0926341,18.6531
0.115908,16.1596
0.144742,14.1723
0.18042,12.5399
0.236786,11.0386
0.308296,10.1314
0.397219,9.8137
0.474887,10.0077
0.560461,10.6877
0.64045,11.9828
0.684525,13.3874
0.705338,14.5824
0.720438,16.0262
0.732681,18.0195
0.742884,20.8991
0.751046,24.6929
0.758188,29.6213
0.767289,38.1828
0.778226,49.1059
0.785082,53.2555
0.788804,53.8976
0.795203,52.1218
0.803202,45.9292
0.816139,33.6196
0.823689,28.1698
0.831851,24.2618
0.842054,21.5164
0.854297,19.9883
0.873886,19.2939
0.90327,19.7846
0.953875,22.3698
0.998452,26.0199
1.03863,30.7327
1.07718,37.193
1.10948,44.9816
1.13906,55.2846
1.16186,66.6298
1.18141,80.1775
1.19932,97.55
1.21398,117.376
1.22863,145.347
1.24003,176.073
1.25116,218.307
1.26066,269.587
1.2688,331.089
1.27586,404.072
1.28346,512.325
1.29052,650.757
1.29784,843.966
1.30599,1124.25
1.32667,1975.35
1.33492,2191.44
1.34087,2238.18
1.34708,2178.17
1.3549,1965.33
1.37737,1059.78
1.38551,801.603
1.39257,632.605
1.39922,513.911
1.40668,417.264
1.41483,343.737
1.42433,286.265
1.43383,248.717
1.44468,221.698
1.45934,202.982
1.47128,198.552
1.48831,205.92
1.50533,229.538
1.52053,268.015
1.53401,322.348
1.54556,392.626
1.55518,477.704
1.56417,591.432
1.57213,734.855
1.57931,915.758
1.58624,1155.36
1.59343,1493.52
1.60113,1979.17
1.61037,2734.79
1.62788,4352.66
1.63579,4862.51
1.64363,5044.72
1.65057,4895.5
1.65879,4389.52
1.68173,2309.39
1.68995,1712.33
1.69714,1312.57
1.70432,1014.51
1.71074,816.959
1.71793,652.983
1.72614,518.063
1.73513,413.388
1.74411,337.993
1.75438,275.134
1.7667,220.924
1.78056,177.557
1.79673,141.753
1.81342,115.371
1.83395,92.1897
1.85654,74.2103
1.8817,60.0239
1.90685,49.7971
1.9392,40.3937
1.97693,32.7681
2.01493,27.4008
2.0586,23.1273
2.10955,19.8583
2.16236,17.9295
2.20461,17.486
2.23629,18.2153
2.2539,19.4724
2.26798,21.4538
2.27942,24.3252
2.28823,27.8724
2.29703,33.1904
2.30583,40.8609
2.31617,53.2614
2.33866,86.1685
2.34702,94.7289
2.35572,98.0043
2.36392,95.0632
2.3729,86.0386
2.39803,50.1127
2.40793,39.2588
2.41673,32.3654
2.42553,27.6655
2.43522,24.3441
2.44578,22.1644
2.45898,20.6882
2.48275,19.8068
2.51091,20.2464
2.54773,22.3843
2.58234,26.0906
2.61176,31.1081
2.63601,37.3054
2.65679,45.018
2.67527,54.8912
2.69144,67.3322
2.70587,83.3775
2.71799,102.757
2.72839,126.268
2.73705,153.33
2.74571,190.402
2.75379,237.7
2.76187,301.455
2.77082,396.229
2.78035,528.859
2.79392,767.32
2.81152,1083.39
2.82169,1200.19
2.82968,1230.22
2.83831,1194.27
2.84848,1072.31
2.87792,547.522
2.88745,411.69
2.89611,316.36
2.90419,249.246
2.91271,196.988
2.9218,156.833
2.93046,129.262
2.94085,105.499
2.95298,86.1741
2.9651,72.6136
2.98069,60.4861
2.99628,52.1744
3.0136,45.8285
3.03669,40.4752
3.06556,37.1045
3.08865,36.3543
3.12037,37.7575
3.14416,40.7746
3.16822,45.9992
3.19242,54.3883
3.21258,65.0753
3.22922,77.9092
3.24434,94.6096
3.25695,114.364
3.26753,137.45
3.27812,169.871
3.2877,211.732
3.29652,266.346
3.30408,330.752
3.31215,423.778
3.32009,546.611
3.32878,723.378
3.33912,993.25
3.36614,1824.78
3.37592,2028.82
3.38584,2102.07
3.39628,2014.52
3.40818,1742.29
3.4344,933.497
3.44397,693.5
3.4528,521.419
3.46023,410.573
3.46817,321.159
3.47548,259.734
3.4838,208.016
3.49212,170.22
3.50195,137.818
3.51253,112.77
3.52564,90.7262
3.54076,72.9311
3.55841,58.4532
3.57857,46.9435
3.59975,38.4277
3.62142,32.1181
3.65016,26.1545
3.68368,21.3744
3.72185,17.6743
3.7619,15.0434
3.81211,12.9152
3.86261,11.6707
3.9131,11.1184
3.92994,11.0801
3.97788,11.4216
4.01384,12.2372
4.04767,13.6698
4.07498,15.5776
4.09683,17.8913
4.11868,21.365
4.13506,25.2292
4.14872,29.8082
4.16237,36.3928
4.1733,43.9498
4.18422,54.6722
4.19363,67.6108
4.20273,84.6471
4.21244,109.155
4.22306,144.944
4.23459,194.922
4.2647,348.308
4.27708,390.994
4.28771,403.526
4.29965,387.38
4.31228,340.796
4.34383,180.893
4.35476,136.163
4.36447,105.094
4.37357,82.8712
4.38267,66.2145
4.39178,53.89
4.40118,44.5209
4.41181,36.8462
4.42455,30.3531
4.43881,25.3202
4.4555,21.2663
4.47553,17.9786
4.50041,15.3146
4.53076,13.313
4.56717,11.9718
4.60358,11.3513
4.62786,11.2263
4.66937,11.4527
4.72127,12.4781
4.76279,13.9875
4.80527,16.3969
4.84495,19.8375
4.87897,24.2593
4.90612,29.3565
4.93119,36.0344
4.95387,44.6892
4.97177,54.3319
4.98669,65.3606
5.00221,81.415
5.01474,99.7964
5.02638,123.734
5.03622,151.778
5.04607,190.191
5.05472,235.688
5.06412,301.467
5.07397,393.076
5.08441,519.504
5.09829,733.622
5.12574,1215.5
5.13911,1381.32
5.15157,1437.25
5.16274,1393.22
5.17492,1255.31
5.19736,870.412
5.21377,595.236
5.22526,441.016
5.23555,334.115
5.2451,259.016
5.25495,201.487
5.2639,162.783
5.27315,132.895
5.28389,107.417
5.29642,86.2013
5.31074,69.1585
5.32686,55.6848
5.34297,45.9851
5.36386,36.9302
5.38773,29.6411
5.4116,24.4085
5.44084,19.7804
5.47009,16.4295
5.50768,13.3201
5.55155,10.7679
5.60257,8.70249
5.65479,7.21918
5.71895,5.93988
5.79205,4.93712
5.87709,4.14589
5.97556,3.54125
6.07403,3.14393
6.17421,2.88554
6.30892,2.70848
6.37628,2.68374
6.5104,2.77051
6.61099,2.99363
6.6961,3.3623
6.76058,3.83503
6.81217,4.42543
6.85653,5.193
6.89625,6.23189
6.92462,7.31953
6.95248,8.8628
6.97415,10.6014
6.9922,12.6483
7.00974,15.5084
7.02263,18.5151
7.03553,22.7747
7.04611,27.7093
7.05694,34.7822
7.06597,42.8667
7.07525,53.9683
7.08518,69.8246
7.09576,92.209
7.10736,124.106
7.12116,171.621
7.15263,292.921
7.16449,326.195
7.1777,343.773
7.18071,344.412
7.19338,333.104
7.20679,299.417
7.23155,205.858
7.24909,140.704
7.26186,102.475
7.27231,78.09
7.28159,61.2947
7.29088,48.4345
7.29964,39.2282
7.30867,32.0762
7.31951,25.805
7.33163,20.8721
7.34452,17.2095
7.36,14.1597
7.37702,11.8354
7.39869,9.79942
7.42035,8.38633
7.44821,7.12215
7.48303,6.07027
7.51785,5.37162
7.56723,4.73985
7.62633,4.31418
7.69725,4.08483
7.74489,4.0477
7.82215,4.14734
7.89942,4.45343
7.97463,5.05197
8.02202,5.73574
8.0555,6.53828
8.07997,7.48418
8.09954,8.69462
8.11422,10.1022
8.12633,11.8033
8.13792,14.1228
8.14951,17.3916
8.1611,21.9122
8.17269,27.9579
8.18685,37.6109
8.20772,55.5678
8.22909,74.4301
8.24352,83.6998
8.25821,87.6999
8.26,87.7478
8.27236,85.438
8.28576,78.2784
8.30945,58.586
8.33134,39.9601
8.34551,30.369
8.35839,23.7881
8.37075,19.2322
8.38298,16.1022
8.39522,13.9962
8.4117,12.2537
8.43102,11.1767
8.4542,10.6167
8.47864,10.4829
8.52877,10.9873
8.58597,12.4351
8.63833,14.6191
8.68197,17.3581
8.71737,20.5903
8.74937,24.8598
8.77604,30.1478
8.79786,36.543
8.81726,44.8728
8.83423,55.3632
8.84878,67.7451
8.86526,86.6995
8.88272,113.357
8.90793,162.445
8.93625,219.453
8.95526,245.601
8.97167,253.512
8.98862,245.789
9.00802,220.764
9.05146,146.489
9.06989,123.29
9.08443,111.063
9.09898,104.024
9.11413,101.628
9.12856,103.512
9.14558,110.627
9.16314,123.772
9.18292,147.187
9.19943,176.18
9.21594,217.386
9.23134,271.117
9.24675,344.494
9.26271,446.242
9.28031,592.463
9.30783,879.933
9.33545,1168.68
9.35239,1289.53
9.36956,1333.97
9.38497,1297.82
9.40345,1170.25
9.45859,592.946
9.47674,440.995
9.4916,344.538
9.50701,268.398
9.52186,213.713
9.53727,171.731
9.55433,137.83
9.57358,110.406
9.59394,89.6518
9.61705,72.6991
9.64401,58.5815
9.67372,47.497
9.70894,38.1779
9.74855,30.8066
9.79477,24.8127
9.84539,20.282
9.89821,17.0223
9.95104,14.7966
9.99638,13.5262
10.0519,12.7235
10.0796,12.6837
10.1158,13.1623
10.14,14.0204
10.1641,15.6836
10.1828,17.9906
10.1994,21.3563
10.2127,25.4559
10.226,31.354
10.2383,38.9738
10.2519,50.2054
10.267,66.5262
10.2896,97.3847
10.3174,136.185
10.3345,152.28
10.3496,157.204
10.3635,153.043
10.3785,140.134
10.4049,104.461
10.4297,69.9058
10.4463,51.388
10.4597,39.9564
10.4715,32.3841
10.4852,25.9665
10.499,21.5522
10.5127,18.5896
10.5284,16.4142
10.5481,14.8612
10.5718,14.0566
10.5797,13.9744
10.6091,14.3408
10.6386,15.8042
10.6582,17.579
10.6788,20.4743
10.6964,24.2219
10.7126,29.1889
10.7273,35.4951
10.742,44.0642
10.7582,56.7371
10.7759,74.932
10.8018,108.992
10.8325,150.807
10.8512,168.493
10.8698,174.841
10.8857,169.93
10.9069,150.464
10.9602,78.387
10.9791,58.0885
10.9943,45.5155
11.0097,35.8731
11.0254,28.7108
11.0426,23.1488
11.0598,19.2552
11.0808,15.9774
11.1041,13.577
11.1274,11.9773
11.1587,10.6264
11.1917,9.87356
11.2246,9.65306
11.2556,9.92146
11.2867,10.7708
11.3132,12.2039
11.3339,14.0568
11.3516,16.4602
11.3694,19.9858
11.3866,24.922
11.4028,31.3402
11.4206,40.6068
11.4442,56.426
11.4814,83.4487
11.5027,93.9008
11.5199,96.7458
11.5365,94.0235
11.5578,83.7402
11.6128,44.9507
11.6327,33.9443
11.6485,27.3838
11.6657,22.1467
11.6805,18.9634
11.6972,16.4522
11.7149,14.7113
11.7327,13.6333
11.7593,12.8673
11.7681,12.7852
11.8023,13.128
11.8365,14.4942
11.8638,16.4824
11.8905,19.5752
11.9127,23.524
11.9306,28.1222
11.9479,34.5259
11.9624,42.002
11.9769,52.2337
11.9909,65.6722
12.0049,83.5171
12.0214,111.184
12.0401,151.924
12.0944,294.723
12.1129,326.669
12.1295,336.7
12.1471,325.743
12.1656,293.052
12.2226,143.798
12.2413,104.688
12.2555,81.5153
12.2696,63.8801
12.2823,51.6704
12.2956,41.8886
12.3116,33.2868
12.3286,26.8355
12.3473,21.796
12.3691,17.6855
12.3944,14.3764
12.4212,11.9376
12.4505,10.0246
12.4862,8.39249
12.5289,7.07086
12.5707,6.23057
12.6108,5.75069
12.6509,5.59011
12.6747,5.70892
12.6957,6.05566
12.7114,6.5882
12.7272,7.53867
12.7403,8.8543
12.7514,10.538
12.7629,13.0273
12.7743,16.5287
12.7858,21.2965
12.7972,27.5472
12.8103,36.6492
12.8288,52.7699
12.8647,87.1971
12.8817,98.7155
12.8982,103.203
12.8998,103.232
12.9144,100.14
12.9314,89.747
12.9589,64.0132
12.9818,42.2332
12.9966,30.7571
13.0087,23.2641
13.0201,17.7569
13.0304,13.9686
13.0399,11.3048
13.0512,8.96057
13.0625,7.3001
13.0738,6.13313
13.0851,5.31093
13.1005,4.55381
13.1209,3.92695
13.1455,3.46846
13.1782,3.09223
13.2273,2.76127
13.2924,2.52758
13.3918,2.38822
13.426,2.37808
13.5546,2.47318
13.6403,2.65599
13.7259,2.9621
13.8151,3.47414
13.8845,4.09092
13.9423,4.84295
13.995,5.83637
14.043,7.16398
14.079,8.59279
14.1098,10.2932
14.1407,12.7019
14.1651,15.4282
14.1844,18.4086
14.2036,22.5433
14.2214,27.9388
14.2381,35.1123
14.2521,43.3217
14.2671,55.2551
14.282,71.3214
14.2983,94.4797
14.3167,128.671
14.3403,183.602
14.379,279.919
14.3964,311.145
14.4166,327.713
14.4197,328.034
14.4385,317.093
14.4577,285.89
14.4971,189.781
14.5228,130.167
14.54,98.6791
14.555,77.2827
14.57,61.2291
14.5851,49.6904
14.5986,42.6417
14.6122,38.1507
14.6244,35.9452
14.6379,35.2171
14.6541,36.3402
14.6743,40.0578
14.7203,51.0218
14.7424,53.2143
14.7451,53.2169
14.7641,51.4727
14.7878,45.3377
14.8425,24.9397
14.8628,18.8171
14.8797,14.9163
14.8949,12.278
14.9131,10.0055
14.9315,8.44539
14.954,7.20023
14.9797,6.30601
15.0182,5.51227
15.0621,5.0048
15.1242,4.65863
15.1756,4.58155
15.249,4.72659
15.3225,5.1738
15.3865,5.87417
15.4399,6.77463
15.4932,8.11634
15.5355,9.67533
15.5718,11.5705
15.6049,14.0182
15.6348,17.1941
15.6597,21.0125
15.6803,25.5285
15.6981,31.0213
15.7141,37.9399
15.729,46.9202
15.7439,59.4099
15.7564,73.4739
15.7703,94.2586
15.784,121.32
15.7993,160.596
15.8169,218.559
15.8407,316.077
15.878,477.731
15.9007,544.812
15.9197,564.478
15.9359,550.671
15.9536,506.613
15.9826,391.589
16.0159,250.439
16.0351,185.157
16.0511,143.885
16.0653,117.154
16.0784,100.069
16.0896,90.2768
16.103,83.3925
16.1209,80.4552
16.1478,83.7321
16.1821,89.1899
16.1869,89.3329
16.2096,86.6617
16.2287,79.9973
16.2616,61.9107
16.2989,40.0501
16.3194,30.5073
16.3371,24.184
16.3539,19.7135
16.3735,16.0213
16.3902,13.8439
16.4125,11.9081
16.4348,10.6975
16.4683,9.71397
16.5047,9.40102
16.5352,9.68024
16.5656,10.5916
16.5859,11.7277
16.6085,13.7753
16.6279,16.5014
16.6468,20.3806
16.6653,25.6549
16.6849,33.1257
16.711,45.9281
16.7601,72.7496
16.7845,81.8015
16.8096,85.2139
16.8664,79.9293
16.8835,81.3594
16.9015,87.7642
16.9188,99.6179
16.9432,125.002
16.9846,174.226
17.0058,189.186
17.0179,191.567
17.0389,183.893
17.0613,161.095
17.1179,79.6029
17.1362,58.1361
17.1521,43.4465
17.1663,33.4056
17.1804,25.8252
17.1934,20.6401
17.2076,16.4728
17.2217,13.4602
17.2359,11.2712
17.2512,9.54285
17.2701,8.02234
17.2937,6.70331
17.322,5.61576
17.3603,4.62045
17.4064,3.82559
17.458,3.22362
17.5243,2.70502
17.604,2.29952
17.6829,2.03456
17.7604,1.85845
17.8638,1.71385
17.96,1.65651
17.992,1.65532
18.0561,1.69051
18.1203,1.81588
18.1552,1.9758
18.1844,2.23335
18.2018,2.49294
18.2211,2.93152
18.2362,3.44044
18.2533,4.24654
18.2703,5.35963
18.2899,7.06011
18.3167,10.0685
18.3569,14.9176
18.3772,16.6492
18.3995,17.3884
18.4,17.3887
18.4224,16.682
18.4466,14.5671
18.502,8.05297
18.5212,6.24516
18.5387,4.98681
18.5562,4.0758
18.5737,3.45468
18.59,3.07621
18.6028,2.88068
18.6285,2.67561
18.6471,2.63323
18.675,2.6852
18.703,2.85934
18.7355,3.25788
18.7572,3.71607
18.7762,4.33788
18.7934,5.19312
18.8083,6.26237
18.8231,7.77093
18.838,9.87119
18.8514,12.4171
18.8674,16.417
18.8834,21.5869
18.9057,30.6842
18.9554,53.9643
18.9799,61.8042
18.9998,63.9693
19.0203,61.6489
19.0434,54.25
19.1017,27.3587
19.1203,20.2757
19.1374,15.1314
19.1529,11.6139
19.1677,9.09094
19.1826,7.25353
19.1974,5.94074
19.2126,4.99666
19.2297,4.26054
19.2526,3.62845
19.2811,3.1565
19.3146,2.8348
19.3586,2.5988
19.4246,2.44072
19.4686,2.40792
19.5771,2.47062
19.7161,2.75971
19.8377,3.19866
19.9558,3.8525
20.0502,4.62852
20.1311,5.5914
20.1985,6.74943
20.2524,8.0821
20.2998,9.80804
20.3339,11.6976
20.3567,13.5459
20.3795,16.248
20.3963,19.1173
20.4151,23.7017
20.4319,29.4634
20.4491,37.5603
20.467,48.764
20.4873,65.4259
20.5173,96.3732
20.5592,141.3
20.5827,158.186
20.6067,164.09
20.6264,159.928
20.6599,139.76
20.6959,116.587
20.7151,111.051
20.7199,110.906
20.7342,114.158
20.7486,123.908
20.763,141.413
20.7773,168.133
20.7916,205.555
20.8078,262.416
20.8267,349.451
20.849,479.585
20.9035,839.799
20.9268,946.028
20.9496,983.56
20.9683,958.186
20.9881,880.706
21.0201,683.348
21.0592,422.285
21.0803,306.704
21.0986,228.109
21.1147,175.125
21.1307,134.956
21.1467,105.217
21.1631,83.0799
21.1802,66.505
21.1993,53.5852
21.2183,44.5353
21.2404,37.154
21.2681,30.8643
21.3013,25.9044
21.3405,22.2356
21.3742,20.3426
21.4163,19.2137
21.4332,19.1143
21.4686,19.6033
21.4955,20.7386
21.5292,23.491
21.5534,26.8568
21.5769,31.9181
21.5966,38.1107
21.6151,46.2485
21.6348,58.0893
21.6544,74.0226
21.6775,98.6248
21.7067,138.605
21.7595,218.042
21.783,243.032
21.8061,253.466
21.8094,253.646
21.8316,246.195
21.8549,223.801
21.897,161.928
21.9335,108.003
21.956,81.3601
21.9768,62.1754
21.9964,48.488
22.0155,38.6383
22.0352,31.2453
22.0549,25.9031
22.0768,21.6454
22.1015,18.2823
22.1324,15.4397
22.1694,13.2395
22.2054,11.8824
22.2593,10.7548
22.3132,10.401
22.3697,10.7412
22.4262,11.9058
22.4703,13.628
22.5089,16.0843
22.5411,19.2837
22.5668,23.1494
22.5869,27.5094
22.607,33.7298
22.6251,41.723
22.6408,51.283
22.6569,64.5425
22.673,82.337
22.6893,106.081
22.707,139.516
22.7289,192.746
22.7611,290.76
22.8009,415.858
22.8255,469.65
22.8498,488.83
22.8706,474.527
22.8934,429.457
22.9321,312.227
22.9667,204.911
22.9888,149.401
23.0079,112.175
23.0236,88.738
23.0407,69.5186
23.0571,56.3678
23.0734,47.1991
23.0897,41.1676
23.107,37.5004
23.1221,36.1958
23.1423,36.8476
23.1643,40.3394
23.19,47.5441
23.2542,71.306
23.2813,77.4253
23.2964,78.377
23.3205,75.7707
23.3501,66.4837
23.4201,34.9464
23.4453,25.8939
23.466,20.2327
23.4863,16.0794
23.5059,13.1636
23.5276,10.8796
23.5494,9.30835
23.5769,7.98816
23.6136,6.91476
23.6594,6.18179
23.7145,5.82622
23.7328,5.80725
23.7845,6.02479
23.8233,6.5135
23.8563,7.2662
23.8832,8.24452
23.9101,9.77078
23.9302,11.4921
23.9508,14.043
23.9687,17.1973
23.9866,21.5479
24.0054,27.7883
24.0233,35.6761
24.0448,47.9672
24.0721,67.8838
24.129,114.477
24.1553,129.299
24.1797,134.198
24.2044,129.25
24.2328,112.923
24.2982,60.4835
24.321,45.7468
24.3412,35.9597
24.3582,30.0325
24.3753,26.054
24.3928,23.6625
24.4136,22.5153
24.4222,22.4179
24.4794,23.3413
24.5097,22.5116
24.5346,20.5071
24.5743,15.5786
24.6152,10.3075
24.6406,7.73389
24.6625,6.06893
24.6821,4.97879
24.7017,4.19365
24.727,3.5066
24.7558,3.01473
24.7904,2.64804
24.8421,2.31578
24.8992,2.08939
24.985,1.89742
25.0757,1.83081
25.15,1.88621
25.2132,2.05302
25.2574,2.28783
25.2927,2.60949
25.3236,3.07332
25.3457,3.5847
25.3671,4.30784
25.388,5.33384
25.4069,6.62948
25.4261,8.43006
25.4471,11.0315
25.4712,14.9488
25.5084,22.5333
25.5498,31.0409
25.5762,34.6733
25.5997,35.7935
25.6223,34.7444
25.6511,30.7516
25.7264,15.2467
25.7497,11.3892
25.7701,8.73724
25.7897,6.81681
25.8092,5.40039
25.8278,4.42052
25.8489,3.62943
25.8701,3.08028
25.8942,2.64859
25.9217,2.31871
25.9589,2.03119
26.0053,1.81664
26.0611,1.67804
26.1392,1.6146
26.2207,1.6701
26.2751,1.78058
26.3294,1.9739
26.3806,2.27979
26.4205,2.67529
26.4445,3.03708
26.4685,3.56657
26.4888,4.23033
26.506,5.03649
26.5232,6.17097
26.5404,7.76626
26.5564,9.80125
26.5733,12.6961
26.5902,16.5128
26.6089,21.9657
26.6326,30.7012
26.6984,59.7483
26.7217,67.2439
26.747,70.7886
26.7505,70.842
26.7736,68.5233
26.7992,61.2256
26.8674,32.8242
26.8893,25.5575
26.9081,20.9749
26.9246,18.3059
26.9357,17.2055
26.9486,16.6076
26.9541,16.5709
26.9708,17.2215
26.9874,18.9637
27.0059,22.0904
27.0327,28.5415
27.102,48.8555
27.1256,53.3824
27.1484,54.9798
27.1751,52.9645
27.2036,46.7906
27.2796,23.3053
27.3034,17.4083
27.3241,13.3869
27.3442,10.4448
27.364,8.31991
27.3837,6.79301
27.4059,5.60359
27.429,4.7744
27.4567,4.13618
27.4844,3.74151
27.5121,3.50056
27.5602,3.31486
27.5713,3.30341
27.6227,3.3768
27.674,3.65433
27.7231,4.14855
27.7677,4.877
27.8048,5.8117
27.8369,7.03142
27.8617,8.4065
27.8814,9.94584
27.9012,12.0796
27.921,15.0902
27.9396,19.0578
27.9563,23.9266
27.9736,30.6678
27.9923,40.389
28.0125,54.176
28.0352,74.0749
28.0678,109.767
28.1106,159.867
28.141,185.791
28.1667,194.641
28.1697,194.74
28.1924,189.072
28.2145,173.719
28.2491,136.779
28.2933,85.3848
28.3186,60.9957
28.339,45.5311
28.3567,35.0701
28.3741,27.2098
28.3914,21.2831
28.4087,16.8824
28.4272,13.442
28.4478,10.725
28.4701,8.67511
28.4948,7.08978
28.5245,5.77678
28.555,4.83122
28.5942,3.97461
28.6412,3.26495
28.6961,2.69774
28.759,2.25847
28.8324,1.92266
28.896,1.73918
28.9596,1.64667
28.9808,1.6422
29.023,1.70363
29.0462,1.80701
29.0695,1.99745
29.0928,2.32093
29.1126,2.74322
29.133,3.35996
29.1533,4.19104
29.181,5.66673
29.2441,9.70662
29.2721,10.9921
29.2991,11.4508
29.2995,11.4508
29.3223,11.1212
29.3466,10.1355
29.3896,7.43587
29.428,4.99477
29.4525,3.76157
29.4734,2.9555
29.4944,2.36511
29.5118,2.01107
29.5351,1.68791
29.5584,1.48467
29.5887,1.33064
29.6259,1.233
29.6818,1.17072
29.7307,1.15383
29.8413,1.18101
29.9518,1.27562
30.0723,1.46463
30.1627,1.69215
30.2476,2.01647
30.3133,2.39005
30.3681,2.83791
30.4174,3.41835
30.4584,4.12197
30.4913,4.94012
30.5192,5.95697
30.5439,7.29078
30.5636,8.85496
30.5822,10.9764
30.5994,13.7731
30.6148,17.2058
30.6301,21.8354
30.6452,27.8798
30.6616,36.58
30.678,47.9018
30.6967,64.3232
30.7186,88.7091
30.7531,136.126
30.7958,196.337
30.8237,223.646
30.85,232.842
30.8763,223.718
30.9042,196.656
30.9762,97.6128
30.9979,73.3688
31.0159,57.4405
31.034,45.5818
31.048,39.1031
31.0619,34.8069
31.0758,32.56
31.0846,32.1478
31.098,32.9561
31.1144,36.2686
31.1308,42.1093
31.1512,52.8996
31.1746,69.5335
31.2463,133.025
31.2751,150.36
31.2996,155.285
31.3217,150.892
31.3497,134.506
31.3927,95.7697
31.4294,62.2789
31.4523,45.2488
31.4709,34.2047
31.4896,25.6387
31.5068,19.6666
31.5226,15.55
31.5385,12.4769
31.5543,10.2104
31.5736,8.24275
31.5927,6.90865
31.6156,5.8235
31.6385,5.09225
31.669,4.44227
31.7068,3.93011
31.7521,3.5589
31.8199,3.28696
31.8651,3.23498
31.9476,3.35206
32.03,3.7502
32.085,4.21689
32.1455,5.00594
32.1972,6.04527
32.2357,7.17502
32.2671,8.46887
32.2985,10.3152
32.3236,12.449
32.3471,15.3196
32.3683,19.0296
32.3871,23.6636
32.4052,29.7737
32.4209,36.8574
32.4366,46.0362
32.4546,59.7674
32.4738,78.8111
32.495,105.682
32.5205,146.142
32.5904,276.206
32.6199,315.638
32.6476,330.276
32.6496,330.35
32.6751,319.62
32.7049,282.918
32.7642,173.103
32.796,118.475
32.8195,86.2155
32.8387,65.5688
32.8579,49.6485
32.8752,38.7999
32.8929,30.4416
32.9105,24.2442
32.9286,19.586
32.9497,15.6666
32.9733,12.6403
32.9968,10.5177
33.0239,8.77839
33.0537,7.40528
33.091,6.18003
33.1321,5.22056
33.1887,4.31212
33.2453,3.70211
33.3019,3.28736
33.3659,2.98675
33.43,2.83275
33.4728,2.81034
33.5358,2.92761
33.5721,3.12276
33.6084,3.48675
33.6356,3.9425
33.6629,4.64167
33.6901,5.68575
33.7152,7.04394
33.7446,9.19143
33.7846,13.0125
33.8445,19.0891
33.8795,21.345
33.9047,21.8319
33.9291,21.3217
33.9641,19.1966
34.0314,13.6293
34.0581,12.0633
34.0837,11.3331
34.0912,11.2929
34.1136,11.7218
34.1333,12.8886
34.1529,14.9692
34.1725,18.1826
34.1921,22.7874
34.2127,29.3804
34.2332,38.0198
34.26,52.4659
34.3053,82.7922
34.343,107.508
34.3732,120.975
34.3999,125.06
34.4241,121.53
34.4486,111.621
34.4888,86.3127
34.5379,53.0547
34.5639,38.6692
34.5844,29.6107
34.6049,22.5509
34.6248,17.3875
34.6418,14.0673
34.6607,11.3024
34.68,9.24358
34.7005,7.66984
34.721,6.54472
34.7504,5.44757
34.7838,4.64544
34.8272,4.00609
34.8706,3.63086
34.9358,3.37264
34.9704,3.34884
35.0313,3.48872
35.0719,3.73634
35.1125,4.16667
35.1469,4.76369
35.1752,5.52364
35.1999,6.5163
35.2211,7.74075
35.2422,9.46658
35.2617,11.6536
35.2815,14.6762
35.3034,19.1496
35.3252,25.0396
35.3517,34.2145
35.3901,50.8483
35.4417,73.8773
35.4732,83.2608
35.5003,86.048
35.5307,82.5682
35.5618,72.8497
35.643,37.5756
35.6695,28.3638
35.6933,22.0056
35.7132,18.0574
35.733,15.1859
35.7542,13.1095
35.7754,11.8488
35.7895,11.3768
35.8165,11.1551
35.8435,11.7471
35.8638,12.7636
35.8874,14.7382
35.907,17.2496
35.9259,20.7242
35.9448,25.6026
35.9637,32.349
35.9826,41.4999
36.0015,53.6112
36.0236,72.1192
36.0472,97.5967
36.0791,140.393
36.1417,231.134
36.172,260.577
36.1997,270.067
36.2239,262.726
36.252,237.808
36.2953,177.778
36.3418,110.418
36.3686,79.0014
36.3906,58.6909
36.4111,44.1732
36.43,34.0118
36.4489,26.4046
36.4662,21.205
36.4851,17.0053
36.504,13.9412
36.5277,11.2252
36.5535,9.18838
36.5794,7.77052
36.6118,6.53554
36.6507,5.53692
36.6898,4.8817
36.7289,4.48731
36.7679,4.34509
36.8031,4.49081
36.8324,4.9028
36.8558,5.50649
36.8793,6.43778
36.9022,7.74567
36.9291,9.85377
36.9594,12.9909
37.0336,22.2497
37.0617,24.9069
37.0906,26.2399
37.0984,26.3072
37.1281,25.3902
37.1567,22.9594
37.2104,16.132
37.2514,10.9753
37.2807,8.03686
37.3041,6.225
37.3261,4.93028
37.3481,3.96485
37.3696,3.27246
37.393,2.72847
37.4204,2.28813
37.4516,1.94963
37.4907,1.67121
37.5395,1.44534
37.6079,1.24426
37.6958,1.08442
37.7935,0.974868
37.94,0.88456
38.1158,0.850358
38.2656,0.87555
38.3781,0.934649
38.4726,1.02468
38.5581,1.15926
38.6294,1.34131
38.6802,1.54585
38.7167,1.76932
38.7486,2.06692
38.776,2.46203
38.8,2.99157
38.8205,3.6622
38.8385,4.48796
38.8564,5.61763
38.8753,7.22558
38.8924,9.15567
38.9129,12.1718
38.9343,16.2185
38.9625,22.9729
39.0384,44.5412
39.0686,50.6752
39.0973,53.0521
39.1005,53.0769
39.1274,51.3571
39.1605,45.1421
39.2416,22.9457
39.2694,16.8407
39.2922,13.0461
39.3122,10.6096
39.3293,9.11361
39.3487,7.9921
39.3685,7.38704
39.3861,7.25434
39.4036,7.48209
39.4211,8.09138
39.4416,9.37514
39.4593,11.1201
39.4764,13.575
39.4936,17.0125
39.5108,21.7213
39.528,28.0292
39.546,36.7209
39.5656,49.0336
39.5885,67.4854
39.618,97.4346
39.6878,178.819
39.7195,204.683
39.7483,213.598
39.7497,213.617
39.7795,205.015
39.8089,181.628
39.8946,83.5997
39.9202,59.7535
39.942,43.7793
39.9616,32.7033
39.9796,24.9784
39.9971,19.3552
40.0132,15.4615
40.0293,12.5622
40.0481,10.1354
40.0669,8.46263
40.0863,7.30077
40.1039,6.59143
40.1274,6.02184
40.1568,5.76971
40.1597,5.76956
40.1871,5.99182
40.2124,6.60913
40.2314,7.40208
40.2536,8.78669
40.2757,10.791
40.2974,13.4823
40.3227,17.6582
40.3517,23.8213
40.4367,45.6896
40.4711,51.6585
40.4995,53.3174
40.5289,51.4644
40.5633,45.2881
40.6524,22.0554
40.6809,16.0316
40.7026,12.3939
40.7243,9.55055
40.746,7.40141
40.7659,5.93129
40.7876,4.7513
40.8093,3.90087
40.831,3.28602
40.8563,2.7731
40.8834,2.38474
40.9196,2.02676
40.9648,1.7286
41.01,1.52638
41.0819,1.31651
41.1717,1.16826
41.2796,1.09489
41.3163,1.09102
41.4208,1.14124
41.4905,1.23972
41.5428,1.3669
41.5951,1.56955
41.6364,1.82147
41.6694,2.12641
41.6983,2.52195
41.723,3.01509
41.7473,3.71186
41.77,4.64067
41.7902,5.77815
41.8115,7.39918
41.8336,9.6363
41.8556,12.5496
41.8826,17.141
41.9156,24.142
41.984,40.0499
42.0177,45.5034
42.0497,47.3576
42.0819,45.4731
42.1179,39.5499
42.2032,19.876
42.2307,14.6519
42.2554,10.925
42.2775,8.36802
42.2995,6.43362
42.3196,5.11019
42.3417,4.0488
42.3637,3.28546
42.3857,2.73553
42.4139,2.24244
42.4412,1.9125
42.4801,1.59148
42.5269,1.33941
42.5751,1.16449
42.6393,1.00694
42.7195,0.879987
42.8296,0.775904
42.9671,0.707725
43.1506,0.675082
43.1873,0.674022
43.4204,0.70043
43.6535,0.785065
43.8089,0.886641
43.9559,1.04033
44.061,1.21104
44.1562,1.44853
44.2234,1.70374
44.2794,2.02112
44.3242,2.40733
44.3593,2.8713
44.3873,3.43661
44.4118,4.17819
44.4328,5.1069
44.452,6.30653
44.4699,7.85066
44.4878,9.94084
44.5058,12.733
44.5248,16.6561
44.545,22.0947
44.5668,29.6783
44.592,40.7054
44.6296,60.9145
44.6861,92.6443
44.7186,105.188
44.7499,109.526
44.7803,105.435
44.815,92.0425
44.9024,43.748
44.9281,32.1055
44.9517,23.6752
44.9707,18.3621
44.9903,14.1542
45.0099,11.0245
45.0295,8.75595
45.0491,7.14566
45.0692,5.99712
45.0934,5.08448
45.1224,4.42348
45.1514,4.04726
45.19,3.79631
45.2356,3.71106
45.2882,3.79166
45.367,4.19892
45.4291,4.78441
45.4864,5.61638
45.5341,6.65054
45.5723,7.85834
45.6029,9.24196
45.6334,11.2567
45.6579,13.6067
45.6792,16.4925
45.6999,20.3311
45.7205,25.5995
45.7411,32.7724
45.7606,41.7768
45.7812,54.1873
45.8037,71.6544
45.8305,98.06
45.8664,142.286
45.9328,231.12
45.964,261.006
45.9957,274.437
46.0005,274.727
46.0336,264.264
46.0726,228.556
46.1501,133.245
46.1776,107.427
46.2016,92.2581
46.2245,85.2693
46.2322,84.67
46.2488,86.4925
46.2654,92.7409
46.282,103.56
46.3042,125.229
46.3286,158.574
46.3626,219.095
46.432,359.268
46.4671,408.663
46.4995,424.67
46.5287,410.971
46.5568,374.969
46.6023,286.202
46.6553,175.976
46.6841,126.877
46.7072,95.2742
46.7274,73.4779
46.7475,56.4871
46.7666,44.1997
46.7867,34.4183
46.8069,27.223
46.8278,21.7986
46.8487,17.8722
46.8749,14.4074
46.901,11.9953
46.9309,10.0425
46.9719,8.18948
47.0212,6.68598
47.0713,5.61907
47.1385,4.61554
47.2169,3.82223
47.309,3.20294
47.4012,2.79653
47.5118,2.49538
47.6045,2.36094
47.6971,2.32117
47.8013,2.39926
47.8708,2.54557
47.9403,2.80576
48.0063,3.22892
48.0584,3.79159
48.0949,4.42036
48.1262,5.24517
48.1541,6.36527
48.1788,7.83197
48.2005,9.65947
48.2221,12.1933
48.2406,15.0987
48.2599,19.0211
48.2831,25.169
48.3078,33.6948
48.3375,46.7342
48.3869,73.4551
48.4352,99.1061
48.4663,110.567
48.5,115.146
48.5275,112.068
48.5648,99.149
48.6274,65.6834
48.6691,44.2338
48.6961,33.0559
48.7216,24.8306
48.7428,19.6013
48.7625,15.9045
48.7856,12.726
48.8088,10.5365
48.832,9.07938
48.8551,8.15043
48.8829,7.5249
48.9209,7.25877
48.9594,7.50138
48.998,8.24809
49.03,9.4024
49.0557,10.8919
49.0782,12.8669
49.0974,15.3283
49.1156,18.6118
49.1331,22.9986
49.1506,29.0339
49.1681,37.261
49.1844,47.4739
49.2016,61.5371
49.2207,81.9863
49.2397,108.383
49.2605,144.65
49.287,202.677
49.327,310.888
49.3835,469.823
49.4159,533.347
49.448,557.905
49.4497,557.968
49.4796,538.681
49.5147,472.968
49.5775,296.724
49.6139,199.698
49.6404,142.357
49.6619,105.392
49.6808,79.9072
49.699,60.744
49.7172,46.1032
49.7333,36.2142
49.7486,29.0491
49.7654,23.0793
49.7823,18.6669
49.8019,14.9633
49.8216,12.3594
49.8446,10.2426
49.8708,8.62217
49.8969,7.51099
49.9318,6.498
49.9771,5.64624
50.0294,5.05169
50.0922,4.70397
50.134,4.65569
50.198,4.8834
50.2407,5.30854
50.2726,5.85675
50.3046,6.72567
50.3333,7.94801
50.3584,9.56209
50.38,11.5466
50.4015,14.3094
50.4234,18.1978
50.4433,22.9428
50.4652,29.8033
50.4896,39.7723
50.5151,53.1565
50.5474,74.2227
50.6299,135.582
50.6624,152.755
50.6955,160.164
50.6996,160.257
50.7277,155.948
50.759,141.98
50.8084,107.297
50.8634,66.224
50.8945,47.2947
50.9208,34.7211
50.9427,26.6016
50.9646,20.3754
50.9862,15.797
51.0057,12.6933
51.028,10.0843
51.0475,8.41582
51.0699,7.01499
51.0962,5.84525
51.1225,5.02043
51.1576,4.2549
51.2014,3.61566
51.2498,3.14426
51.3093,2.76224
51.3688,2.51744
51.4481,2.33447
51.5275,2.27644
51.6079,2.33487
51.6884,2.53256
51.7488,2.81232
51.7991,3.18517
51.8393,3.63786
51.8783,4.30866
51.9073,5.06099
51.9326,6.01166
51.958,7.38221
51.9797,9.04412
52.0014,11.3338
52.0232,14.4588
52.0425,18.1271
52.0642,23.4727
52.0896,31.6035
52.1187,43.6953
52.1584,64.3703
52.2227,101.116
52.2582,116.229
52.2936,123.007
52.2997,123.168
52.3286,119.789
52.3596,109.373
52.4062,84.925
52.4658,51.3293
52.4964,37.2496
52.5221,27.8569
52.5462,21.0619
52.568,16.4202
52.5897,12.9408
52.609,10.6322
52.6291,8.83842
52.6533,7.30175
52.6814,6.10314
52.7136,5.23891
52.7515,4.63758
52.7925,4.28187
52.8472,4.09593
52.9141,4.17676
52.9809,4.56258
53.0311,5.09127
53.0812,5.91529
53.1214,6.91252
53.1556,8.1486
53.1829,9.5597
53.2102,11.573
53.2344,14.1435
53.2557,17.2881
53.2769,21.617
53.2981,27.5624
53.3163,34.3415
53.3353,43.4778
53.3543,55.1622
53.3755,71.7736
53.3998,95.8292
53.4271,129.515
53.4733,199.335
53.5302,286.429
53.5636,322.009
53.5958,336.183
53.5999,336.359
53.6291,326.772
53.6667,289.666
53.7263,199.181
53.7729,128.962
53.8033,92.1101
53.826,70.1338
53.8488,52.8403
53.8696,40.6379
53.8905,31.3625
53.911,24.5482
53.9314,19.4969
53.9519,15.774
53.9745,12.7912
54.0003,10.3806
54.0293,8.50272
54.0645,6.94924
54.1025,5.80599
54.1499,4.82004
54.2067,4.01918
54.2696,3.43205
54.3326,3.05863
54.3955,2.86047
54.4269,2.83146
54.4653,2.88128
54.508,3.11059
54.5336,3.39527
54.5592,3.858
54.5848,4.58332
54.6081,5.56514
54.6298,6.85201
54.6516,8.58963
54.6764,11.2375
54.7044,15.1672
54.7385,21.3367
54.831,40.9593
54.8674,46.109
54.8997,47.6755
54.9345,45.7986
54.9718,40.2266
55.0708,19.1217
55.0987,14.2459
55.1256,10.511
55.1484,8.0704
55.1684,6.41031
55.1891,5.09591
55.2098,4.11377
55.2305,3.39013
55.2547,2.78799
55.2754,2.42113
55.2997,2.11154
55.3321,1.83235
55.3727,1.61011
55.4213,1.44408
55.47,1.33903
55.5349,1.25619
55.634,1.2151
55.709,1.24271
55.7839,1.32878
55.8401,1.44766
55.8963,1.64304
55.9421,1.90305
55.9754,2.19573
56.0045,2.57462
56.0337,3.13866
56.0586,3.84794
56.082,4.78313
56.1044,6.02617
56.1269,7.70573
56.1506,10.0695
56.1731,12.9703
56.1993,17.2556
56.2318,23.8958
56.3242,46.2658
56.3634,52.9341
56.3997,55.1507
56.432,53.4038
56.4633,48.694
56.5141,37.0679
56.5732,22.737
56.6052,16.42
56.6312,12.3594
56.6564,9.31887
56.6793,7.22586
56.7031,5.61397
56.7264,4.46503
56.7497,3.64015
56.773,3.05111
56.7996,2.57958
56.8288,2.22815
56.8579,1.98716
56.9016,1.7511
56.9599,1.57001
57.0328,1.46407
57.0853,1.44326
57.1511,1.47223
57.2333,1.6023
57.2991,1.81643
57.3485,2.09593
57.3815,2.38852
57.4145,2.82902
57.4433,3.40967
57.4681,4.12737
57.4935,5.16452
57.5169,6.48388
57.5404,8.24605
57.5638,10.5401
57.5916,14.0383
57.6242,19.2378
57.6889,31.9548
57.734,40.2772
57.7736,44.9078
57.8006,45.9048
57.8382,44.1036
57.8764,39.0276
57.9745,20.8826
58.0058,16.2711
58.0329,13.2559
58.0588,11.2857
58.0809,10.2988
58.1026,9.97452
58.1241,10.3308
58.1456,11.4672
58.1635,13.1374
58.1814,15.6211
58.1993,19.108
58.2182,24.1149
58.2378,31.0983
58.2597,41.3803
58.283,55.7791
58.3105,77.4894
58.3448,111.536
58.4246,201.523
58.4638,232.655
58.4979,242.834
58.4998,242.863
58.5323,234.48
58.5705,205.876
58.6714,94.3789
58.7008,67.7984
58.7253,50.1458
58.7468,37.9548
58.7664,29.3309
58.7851,23.0004
58.8037,18.1976
58.8203,14.9752
58.841,12.0399
58.8617,10.0344
58.8824,8.71848
58.899,8.0427
58.9216,7.54292
58.9441,7.44683
58.9715,7.83514
58.992,8.52054
59.016,9.83885
59.0399,11.864
59.0633,14.7099
59.0875,18.7875
59.1116,24.2457
59.1374,31.7873
59.1696,43.7842
59.2215,67.7856
59.2791,94.2615
59.3191,106.191
59.3496,109.158
59.3854,105.023
59.4273,91.1918
59.5268,44.4832
59.5606,31.5225
59.5852,24.0498
59.6093,18.2609
59.6335,13.8494
59.656,10.7702
59.6786,8.48913
59.7011,6.82131
59.7237,5.60932
59.7503,4.59702
59.7768,3.8925
59.8123,3.25753
59.8566,2.75381
59.9017,2.4304
59.9621,2.17508
60.0345,2.05621
60.0466,2.05471
60.1011,2.1257
60.1434,2.30704
60.1787,2.61004
60.207,3.02672
60.2317,3.59769
60.2528,4.31515
60.274,5.32816
60.2947,6.70325
60.315,8.52349
60.3353,10.9281
60.3581,14.4709
60.3826,19.4078
60.4096,26.3062
60.4451,37.4831
60.5212,64.1471
60.5594,73.9036
60.5955,77.7017
60.5998,77.7439
60.636,74.5843
60.6766,64.6363
60.7729,31.3
60.805,22.1532
60.8287,16.7608
60.8523,12.5059
60.8737,9.54284
60.8951,7.29666
60.9138,5.81447
60.9352,4.55719
60.9565,3.6616
60.9797,2.97631
61.0029,2.50725
61.0308,2.13681
61.0587,1.90608
61.0866,1.77156
61.117,1.71071
61.1272,1.70915
61.1576,1.76425
61.1807,1.87411
61.213,2.15072
61.2388,2.49846
61.2711,3.12158
61.3044,3.99932
61.3533,5.67457
61.4234,8.23986
61.4646,9.25106
61.4996,9.53511
61.5321,9.25567
61.5701,8.33568
61.6347,5.94115
61.6853,4.06368
61.7203,3.01118
61.751,2.30173
61.7787,1.82177
61.8064,1.47048
61.8341,1.22063
61.8618,1.04613
61.8987,0.893552
61.9347,0.800587
61.9947,0.711688
62.0666,0.658063
62.146,0.631433
62.2014,0.625706
62.326,0.644515
62.409,0.684277
62.4921,0.756872
62.557,0.854491
62.6038,0.971659
62.6389,1.11512
62.6681,1.30682
62.6915,1.54325
62.712,1.84663
62.7305,2.23666
62.7502,2.8154
62.7665,3.47416
62.7829,4.34179
62.7992,5.47129
62.8155,6.92156
62.8356,9.2265
62.856,12.2872
62.8785,16.5999
62.9055,23.1834
62.9378,33.0189
63.0215,62.3017
63.0608,72.2272
63.0956,75.8177
63.0997,75.8618
63.1347,72.9507
63.1706,64.5743
63.2347,42.5254
63.2769,28.3063
63.3063,20.1653
63.3313,14.6709
63.3534,10.8902
63.373,8.28619
63.393,6.26377
63.4113,4.8664
63.4296,3.82238
63.4479,3.05515
63.4662,2.49903
63.4872,2.05329
63.5081,1.75079
63.5343,1.50595
63.5636,1.34034
63.6058,1.21264
63.6564,1.14501
63.6902,1.12851
63.7745,1.15221
63.8589,1.25918
63.9222,1.40885
63.9749,1.60679
64.0171,1.84846
64.0529,2.15634
64.0867,2.59349
64.1162,3.16723
64.1415,3.87593
64.1651,4.79414
64.1879,5.99411
64.2107,7.58972
64.236,9.93549
64.2625,13.1637
64.2929,17.9104
64.3317,25.5459
64.419,45.0502
64.4544,50.8697
64.4932,53.7804
64.5002,53.8513
64.5324,52.3573
64.5742,46.4594
64.6476,30.5083
64.6923,21.1681
64.7261,15.5159
64.7556,11.7302
64.7809,9.30075
64.8062,7.52401
64.8315,6.28511
64.8526,5.58317
64.8779,5.05565
64.9055,4.79465
64.9197,4.77023
64.9479,4.92997
64.9762,5.38819
65.0044,6.21991
65.0295,7.38571
65.0547,9.10594
65.0762,11.1697
65.0977,13.9334
65.1193,17.5603
65.1432,22.799
65.1711,30.7539
65.2026,42.2677
65.2453,61.6492
65.3234,99.4936
65.3649,112.843
65.3997,116.665
65.4376,112.141
65.4798,97.9267
65.5854,47.106
65.6177,34.3481
65.6464,25.3436
65.6708,19.4052
65.6931,15.1736
65.7154,11.933
65.7378,9.49905
65.7621,7.56193
65.786,6.19932
65.8099,5.22463
65.8386,4.40918
65.8721,3.77652
65.9104,3.30936
65.9623,2.92395
66.0141,2.70151
66.0919,2.5482
66.1178,2.53198
66.2158,2.59616
66.3138,2.84955
66.4057,3.29101
66.4855,3.90292
66.552,4.66622
66.6109,5.65758
66.6584,6.82324
66.6964,8.16277
66.7297,9.83995
66.7554,11.6515
66.7839,14.4916
66.8095,18.1668
66.8323,22.7298
66.8534,28.4454
66.8762,36.7667
66.899,47.9498
66.9195,61.0417
66.9423,79.579
66.9689,107.226
66.9993,147.232
67.0404,213.985
67.1194,353.263
67.1559,399.441
67.1927,420.357
67.1999,420.924
67.2365,405.69
67.276,359.38
67.3494,231.59
67.3946,155.805
67.4265,112.358
67.4531,83.662
67.4759,64.2873
67.4979,49.6331
67.5208,38.0418
67.5436,29.3883
67.5656,23.1997
67.5882,18.5303
67.6108,15.1136
67.6367,12.2967
67.6674,9.95922
67.7016,8.18075
67.7397,6.81176
67.7891,5.58457
67.8461,4.61435
67.9145,3.81652
67.9954,3.18415
68.0837,2.73617
68.172,2.45955
68.2426,2.33438
68.3379,2.28958
68.4093,2.35974
68.4808,2.5508
68.5344,2.81661
68.579,3.17436
68.6148,3.61297
68.6487,4.24244
68.6779,5.05293
68.7029,6.05317
68.7279,7.4648
68.7487,9.07284
68.7713,11.4078
68.7952,14.7142
68.819,19.1046
68.844,25.1084
68.8726,33.9474
68.9071,47.5316
68.9611,73.7179
69.0206,102.712
69.0625,116.64
69.0996,120.945
69.1318,117.719
69.173,105.064
69.2334,76.2637
69.2909,48.1226
69.3239,34.9544
69.3517,26.0801
69.3755,20.0741
69.3985,15.5323
69.4223,11.9472
69.4461,9.28068
69.467,7.53887
69.4896,6.12494
69.516,4.93783
69.5424,4.10032
69.5688,3.49947
69.6061,2.90886
69.6458,2.48305
69.6954,2.11837
69.7549,1.82158
69.8343,1.56293
69.9335,1.36939
70.0526,1.25619
70.132,1.23574
70.2374,1.2756
70.3076,1.35485
70.3779,1.49748
70.4358,1.69521
70.4813,1.94705
70.5155,2.24171
70.5439,2.61022
70.5724,3.16479
70.5952,3.81663
70.6173,4.71237
70.6395,5.97006
70.6584,7.43449
70.6774,9.35861
70.6985,12.1763
70.72,15.9361
70.7437,21.3037
70.7682,28.4148
70.7986,39.5053
70.8391,57.8306
70.917,96.3469
70.9555,110.159
70.9939,116.168
70.9998,116.277
71.0385,111.587
71.081,97.0566
71.1862,45.9117
71.2186,32.9301
71.2469,23.8946
71.2712,17.864
71.292,13.8465
71.3142,10.5327
71.3337,8.33735
71.3532,6.67147
71.3738,5.36208
71.396,4.35015
71.4149,3.72345
71.4402,3.13355
71.4719,2.66014
71.5035,2.36784
71.5415,2.15716
71.6022,1.99748
71.6376,1.96816
71.6921,1.9931
71.7466,2.10088
71.8011,2.30937
71.842,2.56218
71.8831,2.95583
71.9151,3.42944
71.9426,4.03219
71.9655,4.752
71.9884,5.76647
72.012,7.25347
72.0316,8.9701
72.0512,11.2672
72.0709,14.3098
72.0905,18.2848
72.1131,24.2887
72.1362,32.2543
72.1613,43.3901
72.1896,59.1875
72.2288,86.5158
72.3141,153.876
72.3539,177.075
72.3929,187.157
72.3997,187.396
72.4366,180.642
72.4785,158.609
72.5905,72.1642
72.622,52.2532
72.6494,38.29
72.6743,28.4091
72.6967,21.534
72.7174,16.6394
72.737,13.0706
72.7566,10.3533
72.7763,8.31002
72.7959,6.78736
72.8188,5.50096
72.8423,4.57203
72.8718,3.78714
72.9012,3.26936
72.9366,2.8602
72.9837,2.5217
73.0386,2.29609
73.1015,2.17584
73.1329,2.15811
73.2132,2.2314
73.2668,2.38746
73.3203,2.66714
73.3656,3.06492
73.4024,3.59202
73.4301,4.19985
73.4531,4.93233
73.4761,5.9753
73.4974,7.33953
73.5176,9.12432
73.5378,11.5587
73.5579,14.8467
73.5781,19.2278
73.5982,24.9679
73.619,32.5807
73.642,43.4115
73.6664,57.9407
73.6964,80.2386
73.736,116.518
73.8157,196.183
73.8558,225.113
73.8945,236.955
73.8997,237.132
73.935,229.323
73.9737,204.741
74.035,145.723
74.0898,91.8023
74.123,65.0472
74.1493,48.0818
74.1741,35.4254
74.1949,27.1884
74.215,20.9249
74.2352,16.1068
74.2553,12.4645
74.2755,9.75007
74.2939,7.89687
74.3147,6.35382
74.3354,5.2344
74.3596,4.30562
74.3838,3.65369
74.4167,3.04756
74.4486,2.64996
74.4869,2.31537
74.5379,2.00886
74.6017,1.75467
74.6663,1.58668
74.7633,1.44486
74.8602,1.40183
74.9692,1.4645
75.0419,1.58919
75.0964,1.74977
75.1509,2.00728
75.1973,2.36504
75.2345,2.81981
75.267,3.42993
75.2948,4.20212
75.3188,5.13777
75.3447,6.53038
75.3673,8.18087
75.3931,10.6979
75.419,14.0379
75.4472,18.7953
75.4803,25.9683
75.5191,36.4461
75.6128,65.0455
75.6564,74.5068
75.6965,77.9399
75.6997,77.9608
75.7381,75.2624
75.7808,66.6673
75.8591,43.0732
75.9075,29.0911
75.9398,21.5165
75.9665,16.5079
75.9939,12.476
76.0198,9.60591
76.0456,7.48045
76.0715,5.94502
76.0987,4.80947
76.1265,4.02407
76.1542,3.50274
76.1876,3.11605
76.2209,2.91002
76.2653,2.84547
76.2979,2.94703
76.3305,3.21288
76.3632,3.72613
76.3904,4.44709
76.4148,5.43667
76.4366,6.69461
76.4581,8.40359
76.48,10.7541
76.5019,13.8657
76.5238,17.8861
76.547,23.2673
76.5771,32.1342
76.6146,46.1525
76.7138,89.7656
76.7539,102.654
76.7932,108.195
76.8,108.316
76.8401,103.923
76.8762,93.3927
76.9403,65.9472
76.9959,41.8981
77.031,29.5923
77.06,21.5877
77.0859,16.0836
77.109,12.3464
77.132,9.52866
77.1552,7.45177
77.1783,5.96006
77.1986,5.02471
77.2218,4.27044
77.2508,3.6637
77.2797,3.30837
77.3145,3.09455
77.3567,3.03577
77.4027,3.15422
77.4486,3.46291
77.4869,3.91975
77.5176,4.48819
77.5482,5.33874
77.5712,6.25053
77.5957,7.59332
77.6202,9.46091
77.6447,12.037
77.6692,15.5411
77.6945,20.385
77.7197,26.744
77.7461,35.2599
77.7772,47.882
77.8193,69.2933
77.9127,122.821
77.9571,140.684
77.9977,146.861
77.9996,146.876
78.0337,142.907
78.0735,129.132
78.1317,97.7152
78.1976,59.992
78.2351,42.3971
78.2657,31.0613
78.2925,23.349
78.3178,17.7626
78.3408,13.8869
78.3649,10.8206
78.3867,8.7475
78.4122,6.96982
78.4376,5.70081
78.4652,4.72954
78.4939,4.02058
78.5284,3.43409
78.5743,2.92316
78.6318,2.52958
78.6892,2.29238
78.7581,2.14053
78.827,2.10268
78.907,2.20906
78.9602,2.41529
79.0002,2.70228
79.0335,3.09645
79.0628,3.63753
79.0901,4.39125
79.1128,5.2869
79.1355,6.51565
79.1581,8.18028
79.1808,10.3979
79.2059,13.6462
79.2317,17.9982
79.2599,24.1355
79.2931,33.1824
79.3451,50.7221
79.4153,75.1977
79.4613,86.1034
79.5,89.2581
79.5399,85.9233
79.5774,77.3898
79.6428,55.3508
79.6997,35.8631
79.7348,26.0474
79.7647,19.4393
79.7919,14.8245
79.8171,11.6194
79.8425,9.24054
79.8679,7.56248
79.8933,6.42683
79.9187,5.6994
79.9487,5.22456
79.9879,5.04914
80.0271,5.25613
80.0663,5.83783
80.0989,6.70227
80.125,7.7664
80.1518,9.37004
80.1767,11.554
80.198,14.1752
80.2193,17.7353
80.2407,22.5248
80.2633,29.3244
80.2851,37.9544
80.3093,50.4559
80.3359,68.3496
80.3632,91.7333
80.3991,130.228
80.46,210.615
80.5158,283.466
80.5613,324.188
80.6,335.983
80.6387,323.886
80.682,285.518
80.7594,183.368
80.8066,123.255
80.8402,88.3558
80.8689,64.6742
80.8931,49.0355
80.9173,36.9009
80.9391,28.5387
80.9593,22.5719
80.9807,17.7839
81.002,14.2202
81.0233,11.5923
81.0482,9.39788
81.0741,7.82187
81.1054,6.55554
81.1304,5.87574
81.1679,5.21374
81.2054,4.84274
81.2555,4.69127
81.2929,4.84632
81.331,5.33558
81.3627,6.13708
81.388,7.16858
81.4134,8.69576
81.4356,10.5795
81.4578,13.1258
81.48,16.4972
81.5055,21.5953
81.5327,28.7625
81.5624,38.8312
81.5995,54.7454
81.6688,91.21
81.7233,118.259
81.7666,132.075
81.7996,135.496
81.8408,130.218
81.8792,116.893
81.9454,83.0102
82.0017,53.7428
82.0388,37.9562
82.0698,27.6262
82.097,20.6251
82.1218,15.7763
82.1451,12.3272
82.1678,9.84046
82.1904,8.03733
82.2103,6.91059
82.2329,6.03887
82.2499,5.62958
82.2754,5.35731
82.2811,5.34931
82.3065,5.54817
82.331,6.12291
82.3542,7.05921
82.3773,8.44426
82.4004,10.3546
82.4274,13.3488
82.4554,17.4228
82.4904,23.9236
82.5384,35.0127
82.6127,53.0021
82.6541,60.1526
82.6956,63.0568
82.6988,63.0757
82.7404,60.6252
82.7841,53.3307
82.902,24.7922
82.938,17.6319
82.9679,12.9238
82.9938,9.73228
83.0172,7.49879
83.0412,5.74001
83.0651,4.43617
83.0889,3.48099
83.1128,2.79047
83.1367,2.29482
83.164,1.89703
83.1968,1.57727
83.235,1.33627
83.2786,1.15808
83.3332,1.01166
83.3987,0.894051
83.4861,0.790185
83.6171,0.698042
83.7559,0.65238
83.851,0.64556
83.9669,0.665855
84.0827,0.729964
84.16,0.815242
84.2151,0.917536
84.2634,1.06473
84.2979,1.23301
84.3255,1.4334
84.3531,1.726
84.3772,2.0938
84.4014,2.6101
84.4255,3.32945
84.4462,4.15772
84.4703,5.43783
84.4954,7.21002
84.5219,9.66111
84.5484,12.7874
84.5815,17.6914
84.6245,25.54
84.7095,42.3848
84.7514,48.4216
84.7925,51.0394
84.7999,51.1035
84.8386,49.3719
84.8828,43.6727
84.9556,29.5709
85.0097,19.2823
85.0444,13.9146
85.0742,10.2802
85.1015,7.71159
85.1258,5.97539
85.1501,4.67648
85.172,3.81377
85.1947,3.17203
85.2136,2.79488
85.2363,2.49598
85.2589,2.33721
85.274,2.30031
85.2967,2.34365
85.3194,2.51
85.342,2.81593
85.3647,3.28999
85.3874,3.97184
85.41,4.9105
85.4355,6.34224
85.4626,8.38206
85.4915,11.2416
85.5228,15.19
85.5664,22.0608
85.6605,38.6546
85.7081,44.4606
85.7498,46.236
85.7874,44.7762
85.8327,39.5946
85.9047,27.125
85.9608,17.5173
85.9948,12.7779
86.0245,9.47553
86.0513,7.1619
86.0751,5.57519
86.0995,4.33782
86.1218,3.49345
86.1473,2.79172
86.1728,2.30376
86.1983,1.97192
86.2302,1.71001
86.2685,1.54218
86.3062,1.4756
86.3184,1.46929
86.3674,1.50526
86.4164,1.64232
86.4531,1.83803
86.4837,2.09962
86.5113,2.4573
86.537,2.95096
86.5585,3.53353
86.58,4.33275
86.6014,5.42285
86.6229,6.89548
86.6456,8.98875
86.667,11.605
86.6885,14.9722
86.713,19.9018
86.739,26.5536
86.7699,36.5056
86.8097,52.3962
86.9048,96.1084
86.9529,112.262
86.9941,117.956
86.9996,118.041
87.0373,114.289
87.0785,102.444
87.1437,73.7697
87.2051,45.9691
87.2404,32.799
87.2698,24.0021
87.2963,17.7744
87.3201,13.4216
87.3416,10.3678
87.363,8.00847
87.3845,6.21624
87.4059,4.87369
87.4268,3.90289
87.4489,3.14534
87.4709,2.59299
87.4967,2.13236
87.5225,1.80745
87.5574,1.50491
87.596,1.28185
87.6512,1.07263
87.7187,0.907703
87.8045,0.773157
87.9026,0.678083
88.0008,0.622241
88.1299,0.590557
88.1609,0.58899
88.2617,0.599859
88.3878,0.653317
88.4886,0.742453
88.5642,0.85553
88.621,0.987683
88.6664,1.14832
88.7061,1.36409
88.7344,1.59336
88.7609,1.89897
88.7874,2.33897
88.8101,2.87179
88.8327,3.60622
88.8554,4.61308
88.8769,5.89212
88.8996,7.69016
88.9222,10.0539
88.9475,13.4824
88.9739,18.1413
89.0042,24.9379
89.0413,35.423
89.1048,57.4323
89.1633,77.3602
89.2097,88.1393
89.2496,91.3536
89.2893,88.2199
89.3317,78.6926
89.4003,55.4578
89.4598,35.0206
89.4968,24.6342
89.5268,17.9649
89.5525,13.4703
89.5778,10.0512
89.6004,7.6922
89.6231,5.89611
89.6446,4.61713
89.6673,3.60915
89.6899,2.87299
89.7126,2.33826
89.7391,1.89615
89.7656,1.58875
89.7996,1.32068
89.8336,1.1407
89.879,0.978893
89.9358,0.8456
90.0047,0.739117
90.0966,0.649966
90.2115,0.588432
90.3348,0.56169
90.3663,0.559943
90.4921,0.571348
90.6179,0.613165
90.7437,0.69301
90.8537,0.808868
90.9382,0.944046
91.0208,1.14027
91.0896,1.38746
91.1387,1.64766
91.178,1.94427
91.2124,2.31148
91.2468,2.84201
91.2751,3.46892
91.3034,4.35342
91.3286,5.44565
91.353,6.87752
91.3777,8.82557
91.4025,11.404
91.43,15.1815
91.4591,20.4179
91.4906,27.7024
91.5267,38.2327
91.5818,57.8701
91.6604,86.6656
91.706,98.0494
91.7498,101.962
91.7893,98.7522
91.8318,88.9122
91.9009,64.3602
91.9638,41.2289
92.0032,29.3069
92.0362,21.3648
92.0645,16.0512
92.0904,12.2701
92.116,9.41495
92.1407,7.3228
92.1655,5.75758
92.1903,4.59822
92.2178,3.6634
92.2453,2.99533
92.2768,2.45523
92.3082,2.07344
92.3514,1.70911
92.3986,1.43786
92.4576,1.20338
92.5244,1.01869
92.603,0.866983
92.7013,0.738109
92.8192,0.637962
92.9293,0.578477
93.0944,0.529441
93.2595,0.515354
93.4027,0.527275
93.5818,0.576001
93.725,0.650316
93.8502,0.754018
93.957,0.887271
94.0459,1.04855
94.1282,1.26377
94.195,1.51616
94.2506,1.82125
94.295,2.1804
94.334,2.65198
94.3651,3.21681
94.3923,3.9372
94.4157,4.81065
94.4396,6.06058
94.4596,7.489
94.4796,9.38219
94.4997,11.8748
94.5197,15.1252
94.5419,19.8451
94.5642,25.9912
94.5886,34.7254
94.6126,45.6247
94.6429,62.9824
94.6798,89.7955
94.7345,138.774
94.8039,203.254
94.852,235.397
94.8947,247.022
94.8997,247.159
94.9391,239.109
94.9801,215.435
95.0423,160.699
95.11,98.0119
95.1487,68.4524
95.1767,51.2066
95.2047,37.4876
95.2292,28.1593
95.2514,21.5468
95.2725,16.6597
95.2948,12.7245
95.317,9.78108
95.3393,7.60679
95.3604,6.08275
95.3837,4.85312
95.4071,3.96916
95.4343,3.24003
95.4616,2.72889
95.4972,2.26718
95.5361,1.92196
95.5917,1.58725
95.6473,1.35535
95.7252,1.12703
95.8186,0.94086
95.922,0.801911
96.0498,0.689669
96.2032,0.608801
96.3578,0.566016
96.5148,0.551892
96.7055,0.570074
96.8962,0.632359
97.0438,0.724162
97.1672,0.848502
97.27,1.00827
97.3523,1.19943
97.4196,1.42966
97.4756,1.71433
97.5205,2.05447
97.5598,2.49971
97.5925,3.04763
97.6205,3.71689
97.6486,4.65667
97.6719,5.72578
97.6962,7.20535
97.7202,9.13165
97.7471,12.0
97.774,15.7765
97.8039,21.2319
97.8353,28.5539
97.8757,40.4129
97.9392,63.3213
98.0043,86.8243
98.0507,98.7769
98.0958,103.474
98.0998,103.507
98.1404,100.281
98.1808,91.2695
98.2451,69.2905
98.3183,42.5264
98.3595,30.1749
98.392,22.4048
98.4208,17.0016
98.4469,13.1795
98.4716,10.3961
98.4963,8.27553
98.521,6.68982
98.5456,5.52313
98.5744,4.56102
98.6066,3.85099
98.644,3.35134
98.672,3.1326
98.7094,2.98673
98.7281,2.96444
98.7716,3.03298
98.8152,3.29649
98.8515,3.73644
98.8805,4.3177
98.9059,5.08089
98.9313,6.18924
98.9531,7.52061
98.9747,9.30793
98.9962,11.6871
99.0177,14.8245
99.0392,18.9004
99.0643,25.0988
99.0894,33.1395
99.118,44.9189
99.1515,62.4464
99.1919,88.8652
99.3006,171.966
99.3455,197.583
99.3893,209.225
99.3998,209.687
99.4401,202.869
99.4822,182.778
99.5453,137.068
99.6174,82.0175
99.6533,59.4579
99.6844,43.6305
99.713,32.1122
99.7369,24.5948
99.7608,18.7267
99.7847,14.2467
99.8056,11.2595
99.8289,8.74789
99.8498,7.06925
99.8707,5.80847
99.8958,4.70829
99.9209,3.93324
99.946,3.38476
99.9763,2.92601
100.013,2.56332
100.057,2.29549
100.101,2.14214
100.159,2.06821
100.213,2.14007
100.25,2.30498
100.287,2.62732
100.318,3.08851
100.343,3.64756
100.367,4.44461
100.389,5.43296
100.412,6.7524
100.434,8.4849
100.46,11.1459
100.486,14.6297
100.513,19.2477
100.546,26.5691
100.588,38.2569
100.704,75.8753
100.753,86.9103
100.798,90.8
100.8,90.8063
100.843,87.4397
100.889,77.6462
100.964,53.6638
101.025,34.1795
101.06,24.9144
101.093,18.1676
101.12,13.7238
101.147,10.2865
101.172,7.84996
101.197,6.07941
101.219,4.88837
101.244,3.91415
101.268,3.21949
101.293,2.73055
101.321,2.34904
101.347,2.11843
101.382,1.92733
101.434,1.7963
101.451,1.78096
101.513,1.81507
101.559,1.9354
101.605,2.17368
101.644,2.52475
101.675,2.97536
101.702,3.57506
101.727,4.37925
101.748,5.30333
101.769,6.5348
101.791,8.1612
101.812,10.2848
101.836,13.468
101.86,17.6335
101.887,23.7186
101.917,32.4717
101.95,44.3684
101.989,62.3299
102.106,123.477
102.154,140.567
102.198,146.565
102.2,146.574
102.243,141.392
102.287,126.247
102.359,89.209
102.424,55.8787
102.463,39.4213
102.493,29.1321
102.521,21.6795
102.547,16.331
102.571,12.4577
102.595,9.5113
102.619,7.3125
102.642,5.76716
102.664,4.67964
102.688,3.79514
102.712,3.16167
102.741,2.63361
102.77,2.2768
102.806,1.98584
102.845,1.78625
102.885,1.66509
102.937,1.58821
102.964,1.58206
103.012,1.63634
103.056,1.79307
103.089,2.02126
103.116,2.32513
103.144,2.78017
103.17,3.41964
103.193,4.17416
103.216,5.17514
103.238,6.48022
103.265,8.53304
103.292,11.2107
103.323,15.0642
103.36,21.0394
103.408,30.4897
103.504,51.1843
103.555,58.6626
103.6,61.0059
103.643,58.8149
103.689,52.4082
103.766,36.0791
103.828,23.0489
103.866,16.6317
103.898,12.2714
103.926,9.28997
103.953,7.03709
103.976,5.55228
103.999,4.41046
104.023,3.54759
104.047,2.87508
104.073,2.36796
104.099,2.01185
104.131,1.7141
104.163,1.52471
104.189,1.42395
104.241,1.30444
104.303,1.24274
104.359,1.23034
104.464,1.28019
104.581,1.43465
104.674,1.64742
104.766,1.96726
104.834,2.31669
104.902,2.82551
104.954,3.4078
104.993,4.02644
105.032,4.91555
105.066,6.05287
105.097,7.56373
105.124,9.34999
105.15,11.7903
105.177,15.1105
105.201,19.2094
105.228,25.2255
105.256,33.1292
105.283,43.1057
105.315,58.5626
105.354,81.9534
105.405,119.533
105.494,191.585
105.542,220.504
105.591,233.578
105.6,233.924
105.644,225.966
105.689,202.947
105.76,147.982
105.831,91.6612
105.872,65.2838
105.907,47.3691
105.935,36.3917
105.963,27.5327
105.989,21.0289
106.014,16.4928
106.038,13.033
106.063,10.4204
106.091,8.22211
106.117,6.71384
106.149,5.4365
106.184,4.43286
106.222,3.65972
106.271,2.9961
106.329,2.45372
106.392,2.05096
106.46,1.7396
106.541,1.48757
106.598,1.37156
106.6,1.36807
106.6,29.6221
127.443,27.2245
150.0,24.6299
179.329,22.6212
200.0,21.2056
239.106,19.6525
285.858,17.7956
300.0,17.234
358.659,16.052
428.788,14.6388
500.0,13.2038
597.765,12.1633
700.0,11.0753
836.871,10.2171
1000.0,9.19418
1195.53,8.65337
1429.29,8.00681
1708.76,7.23384
2000.0,6.42831
2391.06,5.9656
2858.58,5.41243
3000.0,5.2451
3586.59,4.84486
4000.0,4.56278
4782.12,4.21004
5000.0,4.11177
5977.65,3.834
7000.0,3.54352
8368.71,3.32217
10000.0,3.05836
11955.3,2.93159
14292.9,2.78004
17087.6,2.59886
20000.0,2.41004
23910.6,2.34241
28585.8,2.26155
34175.2,2.16488
40857.5,2.04932
48846.4,1.91115
50000.0,1.8912
70905.6,1.69808
70905.6,1.69804
100000.0,1.42932
150000.0,1.11002
360000.0,0.555428
500000.0,0.413316
800000.0,0.30159
1200000.0,0.224636
1450000.0,0.191359
2400000.0,0.115645
3050000.0,0.0739572
3400000.0,0.0554936
4000000.0,0.0338072
5000000.0,0.0146704
6000000.0,0.00651038
6400000.0,0.00494815
7000000.0,0.00328586
7400000.0,0.00260251
8000000.0,0.0020466
9000000.0,0.00186493
1.05E7,0.00209148
1.1E7,0.00214844
1.2E7,0.00212384
1.325E7,0.00186525
1.425E7,0.0015735
1.6E7,9.85757E-4
1.7E7,7.39558E-4
1.8125E7,5.64718E-4
1.9E7,4.54421E-4
2.0E7,3.72544E-4
2.125E7,2.98791E-4
2.225E7,2.52866E-4
2.35E7,2.08487E-4
2.5E7,1.66613E-4
2.65E7,1.35095E-4
2.725E7,1.22476E-4
3.0E7,8.59194E-5
3.225E7,6.58878E-5
3.425E7,5.2195E-5
3.6E7,4.23037E-5
3.75E7,3.60027E-5
3.8E7,3.35415E-5
4.075E7,2.50959E-5
4.15E7,2.32048E-5
4.4E7,1.76523E-5
4.625E7,1.43114E-5
4.7E7,1.29514E-5
5.0E7,9.61599E-6
5.3E7,7.53278E-6
5.6E7,5.64987E-6
5.875E7,4.54828E-6
6.0E7,3.97756E-6
