94-Pu-243(n,total fission) ENDF/B-VII.1
1.0E-5,9306.33
1.31241E-5,8123.5
1.70876E-5,7119.24
2.2426E-5,6214.42
2.91987E-5,5446.17
3.83206E-5,4753.91
4.98935E-5,4166.23
6.54808E-5,3636.66
8.52562E-5,3187.13
1.11891E-4,2781.99
1.45682E-4,2438.02
1.91195E-4,2128.14
2.48937E-4,1865.0
3.26707E-4,1627.81
4.25373E-4,1426.49
5.58264E-4,1245.04
7.26861E-4,1091.06
9.53941E-4,952.224
0.00124203,834.296
0.00163006,728.043
0.00212234,637.822
0.00278538,556.479
0.00362657,487.448
0.00475955,425.96
0.00619694,372.925
0.00813293,324.991
0.0105891,284.711
0.0138972,247.628
0.0180942,216.267
0.0234661,189.479
0.0253,181.996
0.033204,157.705
0.0453449,133.895
0.0617907,113.276
0.0847058,95.2936
0.110747,81.8691
0.15829,66.4675
0.206879,56.541
0.270479,47.8011
0.353506,40.346
0.440644,35.1266
0.52268,31.6238
0.62488,28.8028
0.743,27.0526
0.81644,26.7111
0.9266,27.3816
1.00922,29.0776
1.09184,32.2882
1.16161,36.8013
1.22036,42.7222
1.27085,50.3173
1.31583,60.2206
1.35439,72.4858
1.38789,87.6515
1.41681,105.989
1.44527,131.637
1.46914,162.372
1.49025,200.707
1.50861,247.416
1.52605,309.882
1.54051,382.406
1.55405,476.668
1.5653,583.968
1.57654,730.063
1.58756,927.016
1.59858,1197.26
1.61005,1576.06
1.62501,2213.76
1.64191,2961.32
1.65219,3262.95
1.66016,3343.56
1.66908,3252.83
1.67918,2949.12
1.70965,1611.93
1.72113,1219.31
1.73146,952.292
1.74178,753.32
1.7528,597.451
1.76382,483.088
1.77667,385.664
1.79136,306.008
1.80765,243.289
1.82417,197.537
1.84391,158.127
1.86663,125.968
1.89234,100.353
1.91804,82.0493
1.94833,66.4549
1.98046,54.5124
2.02086,43.8163
2.06492,35.6293
2.11816,28.7372
2.17279,23.8113
2.23475,19.842
2.31507,16.276
2.3954,13.8351
2.4872,11.8992
2.579,10.554
2.7167,9.25146
2.87172,8.48215
3.01772,8.25128
3.15602,8.48195
3.25744,8.98355
3.36808,9.98103
3.45106,11.1857
3.53404,13.0035
3.60319,15.2519
3.65943,17.8375
3.71844,21.733
3.76823,26.5278
3.81248,32.6693
3.85121,40.3888
3.8844,49.7972
3.91344,61.3884
3.94018,76.4828
3.96277,94.4764
3.9819,115.605
3.99965,142.705
4.01602,177.62
4.03054,220.96
4.04298,272.093
4.05589,345.206
4.06719,432.688
4.07848,549.193
4.09093,718.257
4.10476,958.024
4.13666,1584.66
4.14846,1740.71
4.16056,1799.07
4.17059,1758.6
4.18313,1606.25
4.20479,1190.71
4.22439,813.779
4.23753,613.753
4.24997,469.525
4.26173,368.334
4.27302,296.127
4.28478,240.211
4.29723,196.271
4.31175,158.663
4.32696,129.884
4.34632,103.495
4.36661,83.7924
4.38919,67.963
4.41639,54.3659
4.44405,44.4608
4.47632,36.0999
4.5132,29.2656
4.55193,24.1058
4.60033,19.5081
4.65289,16.0038
4.7142,13.14
4.78335,10.8814
4.8525,9.28758
4.947,7.7886
5.05995,6.63761
5.15676,6.00478
5.28287,5.51073
5.43448,5.28583
5.45999,5.28215
5.598,5.44328
5.736,5.95429
5.83313,6.60715
5.93025,7.62996
6.01535,9.00163
6.08658,10.6963
6.14762,12.771
6.2022,15.4008
6.254,18.9851
6.2984,23.4074
6.33725,28.9254
6.3724,36.0501
6.402,44.5669
6.42744,54.8186
6.4501,67.5586
6.46952,82.7123
6.48756,102.261
6.50375,126.791
6.51855,158.116
6.5315,195.854
6.54422,246.215
6.55717,315.702
6.56989,406.476
6.58515,549.011
6.60689,807.419
6.63288,1121.74
6.64842,1242.73
6.66056,1274.07
6.67432,1234.55
6.6906,1098.43
6.73269,586.863
6.74749,440.049
6.76044,339.84
6.77339,263.839
6.78518,211.927
6.79767,170.761
6.81224,135.761
6.8275,109.46
6.84415,88.772
6.86404,71.1251
6.8867,56.9392
6.9126,45.5304
6.94035,36.861
6.97272,29.6603
7.0088,23.9728
7.04765,19.5977
7.09298,15.954
7.1457,12.9721
7.20721,10.5592
7.27381,8.7399
7.35475,7.22043
7.438,6.15723
7.549,5.22693
7.66,4.65157
7.75817,4.34383
7.88051,4.1616
7.94168,4.14094
8.06507,4.24598
8.18846,4.56996
8.30318,5.13415
8.40055,5.9098
8.4817,6.87943
8.54893,8.02668
8.61385,9.58741
8.66949,11.4695
8.7205,13.8945
8.76918,17.1995
8.8086,20.9979
8.84569,26.0416
8.87908,32.5324
8.90504,39.6227
8.93008,49.1683
8.9528,61.5216
8.97228,76.6467
8.98944,95.5217
9.00335,116.635
9.01818,147.564
9.03117,184.507
9.04392,232.648
9.05853,305.682
9.07383,405.377
9.09516,580.678
9.12539,847.048
9.14431,963.68
9.16055,998.887
9.17435,973.878
9.19068,885.75
9.21896,646.273
9.24354,435.805
9.25907,328.508
9.27368,249.934
9.28759,193.486
9.30011,155.31
9.31471,122.365
9.32793,100.482
9.34462,80.3169
9.36131,65.8095
9.38079,53.5376
9.40351,43.2885
9.42716,35.5912
9.45498,29.0125
9.48744,23.5063
9.52639,18.8418
9.56534,15.5217
9.6117,12.6822
9.66457,10.3913
9.72902,8.44766
9.79857,6.99624
9.87972,5.83273
9.9655,4.99557
10.0698,4.32198
10.195,3.83511
10.3306,3.57597
10.4244,3.52384
10.5531,3.60974
10.6819,3.90203
10.8002,4.41539
10.8978,5.10432
10.9791,5.96523
11.0465,6.98436
11.1116,8.3728
11.1674,10.0523
11.2185,12.2223
11.2603,14.6965
11.3021,18.1579
11.3393,22.5487
11.37,27.665
11.396,33.6889
11.4183,40.7751
11.4383,49.4609
11.4578,61.2708
11.4741,74.9733
11.4904,93.9868
11.5043,116.359
11.5187,147.613
11.5336,191.235
11.5492,252.159
11.567,343.682
11.5917,502.269
11.6243,717.939
11.6433,801.016
11.6596,825.713
11.6741,806.363
11.6923,732.537
11.7218,543.361
11.7492,362.337
11.7669,268.022
11.7815,206.758
11.7969,157.877
11.8115,123.368
11.825,99.7514
11.8403,79.9107
11.8557,65.4203
11.8738,52.9864
11.8933,43.354
11.9175,34.8545
11.9454,27.9754
11.9779,22.3678
12.0095,18.4766
12.0485,15.0068
12.0941,12.1484
12.1471,9.8293
12.2089,7.96473
12.2758,6.56931
12.3571,5.40972
12.4501,4.53024
12.543,3.94786
12.636,3.56088
12.7754,3.23006
12.9235,3.12098
13.0761,3.23773
13.1905,3.50027
13.3031,3.95926
13.3963,4.56127
13.4894,5.48253
13.5639,6.58881
13.6291,7.99273
13.6827,9.63324
13.7316,11.7448
13.7735,14.2878
13.8107,17.4416
13.8433,21.2832
13.8731,26.1963
13.8992,32.254
13.9216,39.5513
13.9411,48.4739
13.9574,58.6859
13.9737,72.6501
13.99,92.0251
14.004,114.582
14.0184,145.46
14.0333,187.286
14.0506,250.164
14.0725,352.488
14.1201,606.903
14.1391,677.509
14.1596,705.998
14.179,680.67
14.201,598.763
14.255,312.653
14.2736,231.601
14.2909,173.12
14.3055,135.142
14.3202,106.348
14.3356,83.9782
14.3509,67.5876
14.3677,54.5734
14.3873,43.752
14.4068,36.0142
14.432,28.9232
14.4599,23.3926
14.4934,18.7387
14.527,15.4298
14.5661,12.6407
14.6126,10.2797
14.6657,8.38959
14.7188,7.04058
14.7887,5.78315
14.8585,4.90459
14.9517,4.1045
15.0448,3.57599
15.1379,3.22594
15.2776,2.92899
15.4089,2.83648
15.5422,2.9024
15.6755,3.14923
15.797,3.58707
15.8949,4.16483
15.9766,4.88793
16.0536,5.88923
16.1189,7.12513
16.1748,8.639
16.2238,10.5157
16.2658,12.7731
16.3055,15.7797
16.3381,19.2714
16.3689,23.9293
16.395,29.5811
16.4174,36.4643
16.4375,45.1974
16.4538,55.0447
16.4701,68.4903
16.4851,85.1549
16.5014,109.811
16.5182,144.163
16.535,189.481
16.5553,260.051
16.5863,394.73
16.6201,540.132
16.6432,603.479
16.6598,617.788
16.6779,600.299
16.6973,547.204
16.73,409.361
16.7636,262.756
16.7832,193.92
16.7999,147.666
16.8167,112.432
16.8307,90.2081
16.8447,73.1884
16.8615,58.0264
16.8779,47.3041
16.8974,38.0304
16.9184,30.9761
16.9418,25.3672
16.9698,20.5743
16.9996,16.9188
17.0332,13.9388
17.0724,11.4302
17.1134,9.52505
17.1666,7.75939
17.2198,6.50326
17.2898,5.33593
17.3598,4.52214
17.4531,3.78242
17.5464,3.29486
17.6397,2.97281
17.7796,2.70134
17.9089,2.61958
18.0416,2.68264
18.1743,2.91261
18.2955,3.3197
18.3936,3.85922
18.4754,4.53531
18.5525,5.473
18.6179,6.63337
18.674,8.05936
18.7231,9.83387
18.7651,11.979
18.8048,14.8564
18.8376,18.2316
18.8647,22.1456
18.8908,27.4922
18.9133,34.0667
18.9305,41.1019
18.9469,50.0915
18.9633,62.285
18.9801,79.4258
18.9964,102.014
19.0123,130.969
19.031,175.403
19.0535,244.219
19.1159,474.915
19.1391,532.396
19.1598,550.201
19.1791,534.436
19.2011,482.294
19.2385,346.448
19.2708,228.615
19.2913,168.155
19.3081,129.249
19.3233,101.816
19.3387,80.3807
19.3542,64.194
19.3717,50.6675
19.388,41.4631
19.4077,33.4464
19.4282,27.4359
19.4516,22.5212
19.4796,18.3188
19.5114,14.9414
19.5507,12.0099
19.5876,10.0376
19.632,8.30666
19.6853,6.82488
19.7441,5.66631
19.8142,4.69847
19.8843,4.01805
19.9778,3.3959
20.0946,2.90664
20.2348,2.58291
20.3453,2.46784
20.409,2.44756
20.5411,2.50775
20.6732,2.72346
20.7941,3.105
20.8924,3.61296
20.9743,4.25042
21.0515,5.13608
21.117,6.23496
21.1732,7.58995
21.2224,9.28293
21.2645,11.3406
21.2996,13.738
21.3324,16.8755
21.3604,20.687
21.3829,24.9398
21.4054,30.8998
21.4236,37.6671
21.44,45.9009
21.4564,56.9881
21.4728,71.917
21.4892,91.8301
21.5055,117.891
21.5252,158.583
21.5467,215.422
21.6117,422.776
21.6315,469.425
21.6548,495.378
21.6598,496.225
21.684,476.14
21.7106,414.74
21.7742,211.425
21.7957,155.503
21.8147,116.845
21.8313,90.7233
21.8468,72.0557
21.8622,57.808
21.8786,46.4681
21.895,38.0406
21.9146,30.6675
21.9333,25.5664
21.9568,20.928
21.9848,16.9895
22.0176,13.7674
22.0569,11.0742
22.0972,9.12902
22.1416,7.57903
22.195,6.24799
22.2568,5.16248
22.327,4.30095
22.4089,3.61039
22.5025,3.08252
22.5961,2.7343
22.7365,2.43095
22.8462,2.32479
22.9091,2.30653
23.0407,2.36426
23.1723,2.56813
23.2928,2.92848
23.3913,3.41033
23.4733,4.01589
23.5506,4.85875
23.6162,5.90739
23.6725,7.20488
23.7217,8.83303
23.7639,10.8237
23.7991,13.1621
23.8319,16.2583
23.86,20.0758
23.8825,24.3969
23.9013,29.3374
23.92,36.0878
23.9364,44.102
23.9528,54.8163
23.9692,69.085
23.9866,89.0819
24.0053,117.592
24.025,156.215
24.0498,217.429
24.1075,380.346
24.1315,429.857
24.1548,451.651
24.1598,452.362
24.184,435.521
24.2106,383.562
24.2809,188.234
24.3044,135.959
24.3238,102.228
24.3419,78.2981
24.3599,60.3741
24.3756,48.6948
24.392,39.4907
24.4117,31.4306
24.4291,26.2524
24.4525,21.1803
24.4759,17.5675
24.5069,14.1835
24.5406,11.5965
24.58,9.46066
24.6245,7.75228
24.678,6.31401
24.7342,5.24944
24.8045,4.3195
24.8866,3.58382
24.9803,3.02658
25.0975,2.59023
25.2381,2.30364
25.347,2.2047
25.4091,2.18798
25.5402,2.2432
25.6713,2.43659
25.7915,2.77849
25.8901,3.23771
25.9723,3.81573
26.0497,4.62181
26.1155,5.6275
26.1718,6.87631
26.2211,8.45066
26.2633,10.3882
26.2985,12.6854
26.3267,15.2502
26.3549,18.873
26.3783,23.1975
26.3971,27.9885
26.4159,34.5278
26.4328,42.5088
26.4492,52.8394
26.4657,66.448
26.484,86.432
26.5027,113.196
26.5248,153.564
26.553,218.062
26.6074,353.911
26.6315,396.437
26.6571,415.462
26.6598,415.623
26.684,401.284
26.7107,356.702
26.7844,175.824
26.8088,126.867
26.8292,94.9214
26.8473,73.1715
26.8661,56.1336
26.8825,44.9857
26.8989,36.5608
26.9177,29.4316
26.9388,23.6772
26.9623,19.168
26.9858,15.9442
27.013,13.229
27.0468,10.8187
27.0806,9.07749
27.1252,7.41998
27.1787,6.03189
27.2351,5.00843
27.3055,4.11711
27.3876,3.4137
27.4815,2.88191
27.5989,2.46635
27.7397,2.19438
27.8479,2.10179
27.9092,2.08646
28.0398,2.13967
28.1704,2.32419
28.2904,2.6504
28.3891,3.0904
28.4714,3.64507
28.5489,4.4201
28.6147,5.38984
28.6711,6.59847
28.7205,8.12981
28.7628,10.0283
28.7981,12.3025
28.8263,14.8737
28.8498,17.838
28.8742,22.1759
28.893,26.8327
28.9118,33.1729
28.9292,41.1123
28.9457,51.0649
28.9621,64.0387
28.9814,83.9556
29.0025,112.674
29.0246,150.866
29.0594,225.327
29.1074,331.155
29.1314,368.127
29.1571,384.562
29.1598,384.701
29.1841,372.327
29.2108,333.604
29.2587,228.557
29.2942,152.36
29.3175,112.15
29.3372,85.2762
29.3553,66.1395
29.3729,51.8591
29.3894,41.7089
29.4058,33.9792
29.4251,27.2545
29.4439,22.4567
29.4674,18.1383
29.4909,15.0592
29.5191,12.4027
29.553,10.1451
29.5901,8.38447
29.6348,6.87726
29.6884,5.61099
29.7476,4.63514
29.8181,3.8294
29.9003,3.1912
29.9826,2.75753
30.1001,2.35968
30.2411,2.10014
30.3487,2.0129
30.4092,1.99868
30.5393,2.04997
30.6695,2.22663
30.7892,2.53906
30.8881,2.96225
30.9704,3.49657
31.0481,4.24469
31.114,5.18352
31.1705,6.3582
31.2199,7.85461
31.2552,9.36118
31.2882,11.3013
31.3164,13.6192
31.3399,16.283
31.3625,19.8118
31.3851,24.7908
31.4039,30.5685
31.4223,38.207
31.4388,47.2936
31.4553,59.0527
31.4741,76.4728
31.4953,101.98
31.5169,135.001
31.5494,196.196
31.6026,303.254
31.6314,343.744
31.6598,358.223
31.6841,347.424
31.7108,313.437
31.756,225.489
31.7965,145.705
31.8219,105.42
31.8426,79.6927
31.8607,62.15
31.8798,48.027
31.8963,38.7645
31.9161,30.4567
31.9349,24.6853
31.9537,20.4202
31.9772,16.5588
32.0027,13.606
32.0309,11.2639
32.0648,9.26173
32.0996,7.77686
32.1443,6.40086
32.198,5.2411
32.2601,4.30893
32.3307,3.57753
32.4131,2.99621
32.5072,2.55498
32.6014,2.26604
32.7426,2.01738
32.8495,1.9348
32.9093,1.92155
33.039,1.97112
33.1687,2.14084
33.2882,2.44113
33.3871,2.84953
33.4696,3.36601
33.5474,4.09068
33.6133,5.00286
33.6699,6.14887
33.7123,7.37081
33.7477,8.77001
33.783,10.7265
33.8113,12.9422
33.8348,15.4975
33.8584,19.0551
33.8773,22.9708
33.8961,28.246
33.915,35.3825
33.9319,43.9041
33.9517,57.0589
33.9715,74.4458
33.9927,98.5169
34.0167,132.964
34.0559,202.293
34.1025,286.557
34.1313,322.455
34.1598,335.221
34.1826,326.83
34.2071,300.905
34.2467,234.456
34.2971,142.242
34.324,102.358
34.3466,76.0588
34.3669,57.9549
34.3867,44.5815
34.4065,34.6622
34.4258,27.5506
34.4446,22.4365
34.4635,18.6343
34.487,15.1722
34.5144,12.3468
34.5427,10.2742
34.5766,8.49152
34.6181,6.95188
34.6628,5.7738
34.7165,4.76927
34.7844,3.89261
34.8551,3.26586
34.9376,2.76351
35.0318,2.38052
35.1496,2.08326
35.291,1.89984
35.4093,1.85307
35.5386,1.90105
35.6679,2.06457
35.7871,2.35405
35.8862,2.74932
35.9688,3.25001
36.0466,3.95405
36.1127,4.84306
36.1599,5.74615
36.2047,6.93814
36.2472,8.55606
36.2826,10.518
36.3109,12.7665
36.3344,15.3848
36.358,19.0525
36.3769,23.0952
36.3958,28.5264
36.4147,35.8246
36.4349,46.4022
36.4548,60.1806
36.476,79.4776
36.4996,107.039
36.5279,148.38
36.5977,264.93
36.6238,297.14
36.6509,314.005
36.6598,315.107
36.6842,306.655
36.711,279.813
36.7506,218.188
36.8011,133.817
36.8275,97.6774
36.8508,72.4433
36.8704,56.0215
36.8902,43.2599
36.9101,33.6997
36.9308,26.3593
36.9521,20.9518
36.9733,17.0564
36.9978,13.8411
37.0261,11.2474
37.0544,9.40719
37.0917,7.68553
37.1365,6.25095
37.1814,5.23622
37.238,4.32301
37.3087,3.5382
37.3913,2.92519
37.4857,2.46532
37.58,2.16562
37.698,1.93637
37.7924,1.83575
37.9093,1.79154
38.0382,1.83797
38.1671,1.99576
38.2861,2.27534
38.3853,2.65864
38.468,3.145
38.5459,3.83043
38.612,4.69877
38.6593,5.58447
38.7042,6.76009
38.7396,8.05558
38.775,9.88661
38.8057,12.1952
38.8293,14.7144
38.853,18.241
38.8728,22.3415
38.8917,27.5998
38.9106,34.6199
38.9314,44.9829
38.9512,58.0925
38.9734,77.188
38.9994,106.051
39.0315,150.806
39.0976,252.129
39.1313,287.065
39.1598,297.226
39.1842,289.665
39.211,265.56
39.2507,209.652
39.3055,125.473
39.3329,91.1609
39.3563,68.0096
39.3773,51.8913
39.3971,40.2559
39.417,31.4868
39.4359,25.2415
39.4571,20.071
39.4784,16.3302
39.5039,13.1373
39.5322,10.6734
39.5606,8.92758
39.5922,7.50934
39.6371,6.08758
39.682,5.08927
39.7387,4.19512
39.7977,3.53726
39.8686,2.97939
39.9394,2.58572
40.0339,2.22609
40.152,1.94803
40.2937,1.77771
40.4093,1.73591
40.5378,1.781
40.6663,1.93366
40.7851,2.20434
40.8844,2.57695
40.9671,3.05054
41.0357,3.62273
41.1019,4.42634
41.1587,5.44104
41.2036,6.60448
41.2391,7.89756
41.2746,9.74519
41.3006,11.6759
41.3242,14.1024
41.3479,17.4949
41.3687,21.6442
41.3876,26.7329
41.4065,33.4837
41.4278,43.6315
41.4477,56.1123
41.4708,74.9955
41.4968,102.205
41.5314,147.27
41.5976,240.594
41.6312,272.22
41.6598,281.377
41.6903,270.866
41.7215,241.086
41.8104,117.342
41.8388,84.7912
41.8615,64.1494
41.8842,48.164
41.904,37.5272
41.9244,29.3024
41.9457,22.9618
41.9646,18.7995
41.9882,15.0072
42.01,12.4953
42.0383,10.1515
42.0667,8.49217
42.1017,7.02824
42.1467,5.71886
42.1916,4.79653
42.2512,3.93353
42.3221,3.23286
42.4049,2.68478
42.4876,2.3157
42.5822,2.03354
42.7005,1.81863
42.8522,1.69582
42.9093,1.68538
43.0375,1.72924
43.1656,1.87723
43.2841,2.13986
43.3836,2.50277
43.4664,2.96485
43.5351,3.52435
43.6013,4.31264
43.6487,5.11727
43.696,6.25583
43.7315,7.46765
43.767,9.19836
43.7955,11.2003
43.8191,13.5394
43.8428,16.8041
43.8646,20.9937
43.8835,25.9164
43.9025,32.407
43.9242,42.3397
43.9441,54.2279
43.9673,72.0627
43.9943,98.5793
44.0312,143.829
44.088,219.188
44.1236,253.97
44.1547,266.862
44.1598,267.124
44.1842,260.958
44.2111,241.173
44.2509,194.485
44.3101,116.177
44.3411,82.3964
44.3645,62.2004
44.3877,46.6708
44.4076,36.4899
44.4294,28.0819
44.4507,22.0459
44.472,17.6376
44.4961,14.0569
44.5217,11.3913
44.5501,9.31496
44.5842,7.58821
44.6202,6.31374
44.6652,5.1913
44.7191,4.2569
44.7755,3.57266
44.8465,2.96982
44.9175,2.55043
45.0122,2.17081
45.1069,1.92429
45.2489,1.71488
45.3528,1.64905
45.4093,1.63914
45.5371,1.68185
45.6649,1.82559
45.7832,2.08087
45.8827,2.43499
45.9657,2.88665
46.0344,3.43477
46.1008,4.20957
46.1481,5.00409
46.1955,6.13607
46.2311,7.3521
46.2595,8.69783
46.2856,10.3897
46.3093,12.5057
46.333,15.4423
46.3567,19.5756
46.3756,24.081
46.3946,29.9958
46.4136,37.6821
46.4339,48.3484
46.4572,64.0554
46.4846,88.0165
46.5197,126.554
46.588,210.465
46.6236,242.31
46.6571,254.231
46.6598,254.295
46.6903,245.625
46.7264,216.011
46.8192,104.33
46.8477,76.2774
46.8714,57.6395
46.8946,43.4396
46.9145,34.097
46.9344,26.9314
46.9557,21.1841
46.9747,17.3704
46.9965,14.1048
47.0221,11.3609
47.0505,9.23353
47.079,7.72784
47.1117,6.47894
47.1567,5.27357
47.2017,4.42835
47.2643,3.60823
47.3354,2.97781
47.4183,2.484
47.5131,2.11337
47.6079,1.8731
47.7501,1.66949
47.8534,1.60614
47.9093,1.59671
48.0367,1.63833
48.1641,1.77813
48.2823,2.02666
48.3819,2.3727
48.465,2.81486
48.5337,3.35269
48.5907,3.98657
48.6381,4.72269
48.6808,5.64382
48.7164,6.71303
48.752,8.23742
48.7804,9.9946
48.8042,12.0363
48.8279,14.864
48.8492,18.3685
48.8715,23.376
48.8905,29.0677
48.9095,36.4198
48.9304,46.8243
48.9536,61.7308
48.9797,83.0047
49.0158,119.849
49.0879,202.426
49.1236,231.703
49.1571,242.614
49.1598,242.673
49.193,233.337
49.2302,203.813
49.3232,99.1199
49.3519,72.6806
49.3782,53.5068
49.4015,40.4917
49.4228,31.3681
49.4442,24.481
49.4655,19.3618
49.4893,15.234
49.5139,12.1908
49.5396,9.95337
49.568,8.19416
49.6031,6.6856
49.6392,5.59991
49.6843,4.63727
49.7412,3.79535
49.8005,3.18584
49.8717,2.67464
49.9428,2.31673
50.0377,1.99186
50.1563,1.74254
50.2986,1.59194
50.4094,1.55752
50.5365,1.5982
50.6635,1.73443
50.7815,1.97682
50.8812,2.31554
50.9643,2.74914
51.0332,3.27782
51.0901,3.90295
51.1376,4.63227
51.1804,5.55102
51.216,6.62676
51.2516,8.17562
51.2801,9.97563
51.3038,12.076
51.3276,14.9865
51.349,18.5838
51.3713,23.6945
51.3941,30.7973
51.4169,40.3189
51.4401,53.0489
51.4667,71.8025
51.4985,100.184
51.5878,194.992
51.6235,222.002
51.6571,232.028
51.6598,232.081
51.6931,223.507
51.7303,196.277
51.826,95.451
51.8573,68.4332
51.8818,51.7384
51.905,39.3266
51.9278,30.0595
51.9492,23.525
51.9706,18.6413
51.9896,15.3723
52.0143,12.241
52.0399,9.9393
52.0684,8.13699
52.099,6.76944
52.1396,5.51082
52.1847,4.55046
52.2417,3.71661
52.3011,3.11584
52.3723,2.6135
52.4435,2.26254
52.5385,1.9445
52.6572,1.70086
52.7997,1.55415
52.9093,1.52113
53.0361,1.5608
53.1628,1.69361
53.2806,1.93016
53.3804,2.26197
53.4636,2.68754
53.5325,3.20771
53.5896,3.82491
53.6371,4.54854
53.6799,5.46667
53.7155,6.55129
53.744,7.75924
53.7726,9.44725
53.7987,11.6432
53.8225,14.4433
53.8463,18.3406
53.8672,23.0065
53.89,29.8282
53.9128,38.9157
53.9366,51.271
53.9632,69.0389
53.9936,94.4635
54.0877,188.072
54.1235,213.081
54.1571,222.329
54.1598,222.378
54.1904,215.662
54.2266,192.467
54.2855,134.684
54.334,87.3239
54.3654,62.6653
54.392,46.3347
54.4153,35.331
54.4376,27.2751
54.459,21.45
54.4804,17.0856
54.5032,13.6554
54.5289,10.8926
54.5574,8.75403
54.5859,7.25659
54.6221,5.93274
54.6582,5.00237
54.7034,4.17159
54.7542,3.50676
54.8136,2.95414
54.8849,2.49
54.9681,2.12047
55.0632,1.84117
55.1583,1.66176
55.3009,1.51878
55.4094,1.48715
55.5358,1.52597
55.6622,1.65565
55.7797,1.88684
55.8797,2.21233
55.9629,2.6306
56.0319,3.14316
56.089,3.75358
56.1366,4.4731
56.1794,5.39299
56.2151,6.48963
56.2437,7.72082
56.2722,9.45144
56.2984,11.7089
56.3222,14.5848
56.346,18.5714
56.3669,23.3141
56.3897,30.1924
56.4126,39.267
56.4364,51.4745
56.463,68.8265
56.4982,97.5728
56.5877,181.622
56.6235,204.843
56.6598,213.447
56.6931,206.132
56.7304,182.736
56.8023,115.373
56.8446,77.9558
56.8755,56.1583
56.9022,41.597
56.926,31.6501
56.9474,24.8085
56.9688,19.6041
56.9926,15.3271
57.015,12.3957
57.0406,9.96333
57.0692,8.06713
57.0999,6.64498
57.1315,5.6019
57.1767,4.56198
57.2219,3.83949
57.2786,3.19915
57.3499,2.64513
57.4213,2.26447
57.5165,1.92303
57.6116,1.70317
57.7068,1.56459
57.8557,1.46333
57.9094,1.45543
58.0355,1.49346
58.1616,1.62024
58.2789,1.84651
58.3789,2.16619
58.4623,2.5778
58.5313,3.08355
58.5885,3.68822
58.6361,4.40507
58.679,5.32892
58.7147,6.44034
58.7469,7.88648
58.7754,9.74436
58.798,11.7933
58.8219,14.7434
58.8457,18.8135
58.8666,23.6242
58.8895,30.545
58.9123,39.5904
58.9395,53.552
58.9695,73.3743
59.0114,108.017
59.0819,171.219
59.1234,197.26
59.1598,205.248
59.1931,198.458
59.2305,176.674
59.2938,121.121
59.3422,79.4182
59.3724,58.2713
59.3991,43.4939
59.4238,32.8796
59.4477,25.1337
59.4715,19.3653
59.4953,15.1415
59.5181,12.1802
59.541,10.0034
59.5696,8.05641
59.6003,6.60225
59.632,5.54308
59.6682,4.67388
59.7134,3.90113
59.7672,3.25575
59.8268,2.75246
59.8982,2.32921
59.9934,1.95375
60.0887,1.71286
60.2077,1.53186
60.3562,1.4333
60.4094,1.4257
60.5352,1.46293
60.6609,1.58695
60.7781,1.80854
60.8782,2.12275
60.9617,2.52814
61.0308,3.02765
61.088,3.62734
61.1356,4.34267
61.1785,5.2723
61.2143,6.40072
61.2465,7.87952
61.2751,9.78661
61.2977,11.8903
61.3216,14.9112
61.3454,19.0577
61.3664,23.9258
61.3892,30.874
61.4121,39.8735
61.4393,53.621
61.4693,72.9141
61.5113,106.178
61.5818,165.872
61.6234,190.199
61.6598,197.635
61.6905,192.27
61.7267,173.579
61.7792,131.622
61.8373,82.5336
61.8693,60.2858
61.896,45.3587
61.9217,34.1011
61.9455,26.1289
61.9694,20.1267
61.9932,15.6924
62.0156,12.6204
62.0414,10.0563
62.07,8.05743
62.1007,6.56925
62.1324,5.49195
62.1686,4.61473
62.2139,3.84123
62.2678,3.19973
62.3274,2.70184
62.3989,2.28443
62.4704,1.99235
62.5657,1.72814
62.661,1.55926
62.8041,1.42585
62.9094,1.39771
63.0349,1.43421
63.1603,1.55567
63.2773,1.77291
63.3775,2.08205
63.461,2.48173
63.5302,2.97565
63.5874,3.57128
63.6352,4.28641
63.6781,5.2238
63.7139,6.37155
63.7425,7.68666
63.7711,9.55693
63.7974,12.0007
63.8212,15.0895
63.8451,19.3058
63.8661,24.2225
63.889,31.1859
63.9119,40.1269
63.9391,53.6514
63.9692,72.425
64.015,107.518
64.0817,160.868
64.1234,183.651
64.1598,190.594
64.1932,184.696
64.2306,165.663
64.2898,119.839
64.3451,76.192
64.3795,54.3016
64.4062,40.8723
64.4315,30.9616
64.4553,23.8084
64.4792,18.4237
64.5016,14.6456
64.5245,11.7742
64.5474,9.64973
64.576,7.74277
64.6056,6.36555
64.6419,5.19757
64.6782,4.38295
64.7235,3.66157
64.7803,3.03458
64.8518,2.49966
64.9234,2.13533
65.0188,1.81051
65.1143,1.60243
65.2097,1.47197
65.3573,1.3784
65.4095,1.37139
65.5346,1.40726
65.6598,1.52639
65.7766,1.73966
65.8769,2.04421
65.9605,2.43878
66.0297,2.92789
66.087,3.52052
66.1348,4.23703
66.1777,5.18449
66.2135,6.35428
66.2422,7.70176
66.2673,9.34172
66.2923,11.6058
66.3162,14.5709
66.3401,18.6019
66.362,23.5262
66.385,30.2046
66.4117,40.3645
66.4389,53.661
66.4738,75.15
66.5378,123.779
66.5874,159.826
66.6233,177.561
66.6598,184.059
66.6982,176.821
66.7421,153.31
66.8462,74.9162
66.8796,54.2946
66.9064,41.0991
66.9317,31.2666
66.9556,24.1056
66.9794,18.6709
67.0019,14.8315
67.0248,11.8978
67.0506,9.49033
67.0764,7.7623
67.106,6.35102
67.1377,5.28531
67.1786,4.33625
67.2239,3.61231
67.2807,2.98767
67.3404,2.53173
67.424,2.09771
67.5195,1.77755
67.615,1.5728
67.7105,1.44463
67.8577,1.3532
67.9094,1.34641
68.0343,1.38156
68.1591,1.49836
68.2758,1.70773
68.3762,2.00778
68.4598,2.39739
68.5291,2.88192
68.5865,3.47199
68.6343,4.19059
68.6701,4.96058
68.706,6.06405
68.7346,7.33092
68.7633,9.12941
68.7872,11.2205
68.8111,14.0651
68.835,17.9175
68.8579,22.8389
68.8809,29.2438
68.9076,38.9464
68.9354,51.8451
68.9688,71.3708
69.0262,112.422
69.0874,155.156
69.1233,171.831
69.1598,177.926
69.1982,171.137
69.2422,149.015
69.3493,72.3875
69.3832,52.4504
69.4133,38.4669
69.4391,29.1901
69.463,22.573
69.4869,17.5438
69.5108,13.7876
69.5366,10.8257
69.5596,8.90244
69.5882,7.16518
69.62,5.82815
69.6518,4.89001
69.6881,4.12426
69.7335,3.4485
69.7933,2.8388
69.865,2.3482
69.9486,1.9686
70.0442,1.68671
70.1637,1.47353
70.3071,1.348
70.4095,1.32272
70.5341,1.35733
70.6586,1.47208
70.7751,1.67794
70.8756,1.974
70.9593,2.35929
71.0286,2.84008
71.086,3.42876
71.1339,4.15116
71.1697,4.9314
71.2056,6.05725
71.2343,7.35534
71.2594,8.93149
71.2821,10.8593
71.306,13.5907
71.33,17.2762
71.3539,22.1913
71.3768,28.3401
71.4036,37.6177
71.4318,50.1447
71.4687,70.83
71.5376,118.496
71.5873,150.803
71.6233,166.515
71.6598,172.244
71.6983,165.863
71.7423,145.004
71.8523,70.0251
71.8867,50.7239
71.9169,37.3469
71.9441,28.0028
71.968,21.7152
71.992,16.9201
72.0168,13.2027
72.0426,10.3918
72.0656,8.56034
72.0931,6.95912
72.1249,5.6607
72.1613,4.64183
72.1976,3.9291
72.2459,3.26421
72.3057,2.70245
72.3775,2.24755
72.4492,1.93609
72.5449,1.65793
72.6645,1.44796
72.808,1.32466
72.9094,1.30016
73.0337,1.33411
73.158,1.44675
73.2743,1.64913
73.3748,1.94123
73.4586,2.32228
73.5281,2.7995
73.5855,3.38715
73.6334,4.11395
73.6693,4.90509
73.698,5.78605
73.7267,7.00658
73.7555,8.7347
73.7818,10.9687
73.8057,13.7515
73.8297,17.4865
73.8536,22.4356
73.8804,29.7577
73.9072,39.2944
73.9383,53.4312
73.9781,76.1381
74.0757,140.357
74.1148,158.777
74.1546,166.774
74.1598,166.881
74.1933,162.299
74.2309,147.379
74.2902,110.467
74.351,70.3195
74.3869,50.6677
74.4171,37.5167
74.4444,28.2462
74.4707,21.4131
74.4946,16.7136
74.52,12.9923
74.5459,10.2279
74.5717,8.2295
74.5981,6.75752
74.6299,5.49758
74.6617,4.6127
74.6981,3.89142
74.7465,3.22365
74.8063,2.66357
74.8781,2.21238
74.9499,1.90442
75.0457,1.62994
75.1654,1.42315
75.309,1.30212
75.4095,1.27845
75.5335,1.31187
75.6574,1.42261
75.7736,1.62178
75.8742,1.91028
75.9581,2.28755
76.0276,2.76184
76.0851,3.34944
76.133,4.08208
76.1689,4.88569
76.1976,5.78524
76.2264,7.03511
76.2551,8.80533
76.2815,11.0885
76.3055,13.921
76.3294,17.702
76.3534,22.6797
76.3802,29.9887
76.407,39.4298
76.4382,53.3012
76.4779,75.3555
76.5757,136.766
76.6148,154.198
76.6546,161.745
76.6598,161.846
76.6933,157.524
76.7309,143.42
76.7903,108.324
76.8564,66.6867
76.8938,47.4691
76.923,35.547
76.9494,27.1012
76.9757,20.6033
77.0002,16.0429
77.0261,12.4449
77.0519,9.82108
77.0778,7.91804
77.1075,6.36314
77.1394,5.20212
77.1712,4.3824
77.2076,3.71089
77.2589,3.05574
77.3188,2.53919
77.3907,2.12042
77.4745,1.7947
77.5703,1.55265
77.6662,1.39947
77.8099,1.28049
77.9095,1.25754
78.0332,1.29043
78.1569,1.39935
78.2729,1.5955
78.3736,1.88061
78.4575,2.25439
78.5271,2.7262
78.575,3.19858
78.623,3.88023
78.6613,4.683
78.6901,5.53205
78.7189,6.7079
78.7476,8.36731
78.7728,10.3876
78.7956,12.8394
78.822,16.6541
78.8483,21.8074
78.8723,27.9196
78.8992,36.6497
78.9313,49.9634
78.973,71.7817
79.0756,133.355
79.1147,149.877
79.1571,157.083
79.1598,157.109
79.1934,153.023
79.231,139.668
79.2904,106.255
79.3566,66.1721
79.394,47.4376
79.4256,34.8604
79.4544,26.0137
79.4808,19.8305
79.5062,15.3311
79.5321,11.9251
79.558,9.43378
79.5839,7.62116
79.6124,6.18589
79.6443,5.05842
79.6807,4.16764
79.7263,3.41427
79.7714,2.90049
79.8313,2.42346
79.9032,2.03439
79.9752,1.76677
80.0711,1.52764
80.1669,1.37657
80.3108,1.25953
80.4095,1.23728
80.5329,1.26965
80.6564,1.37683
80.7722,1.57009
80.873,1.852
80.957,2.22256
81.017,2.615
81.0746,3.16543
81.1225,3.85321
81.1609,4.6692
81.1897,5.5363
81.2185,6.73975
81.2473,8.4377
81.2725,10.4998
81.2953,12.9928
81.3217,16.851
81.3481,22.0285
81.3759,29.2403
81.4066,39.6245
81.4412,54.5671
81.4872,79.2917
81.5755,130.107
81.6147,145.791
81.6571,152.616
81.6598,152.641
81.6984,147.564
81.7368,133.525
81.7996,98.789
81.8644,61.6019
81.9009,44.5119
81.9331,32.5982
81.9618,24.3769
81.9882,18.6334
82.0122,14.6567
82.0381,11.431
82.0641,9.06461
82.09,7.33773
82.1173,6.01514
82.1492,4.92028
82.1811,4.1461
82.2176,3.51229
82.2598,2.9879
82.3198,2.47247
82.3918,2.05908
82.4758,1.73967
82.5718,1.50331
82.6677,1.35423
82.8117,1.23904
82.9095,1.21744
83.0327,1.2493
83.1558,1.35481
83.2715,1.5453
83.3556,1.76779
83.4396,2.10461
83.5069,2.51009
83.5645,3.0255
83.6125,3.66572
83.6509,4.42036
83.6822,5.29624
83.711,6.42838
83.7398,8.02026
83.765,9.94763
83.7902,12.5555
83.8166,16.2462
83.843,21.1847
83.868,27.25
83.8987,36.8781
83.9309,49.723
83.9727,70.3773
84.0639,121.404
84.1062,139.345
84.1469,147.882
84.1598,148.417
84.2023,142.62
84.2407,128.551
84.3079,92.3646
84.3675,59.7378
84.4044,43.1272
84.4357,31.9869
84.4645,23.9957
84.4909,18.3861
84.5154,14.4168
84.5413,11.2563
84.5673,8.9289
84.5949,7.13207
84.6222,5.8502
84.6542,4.78704
84.6907,3.94558
84.7363,3.23438
84.7843,2.72465
84.8444,2.2845
84.9164,1.92509
85.0004,1.6443
85.0965,1.4358
85.2166,1.28204
85.3611,1.20317
85.4095,1.19774
85.5324,1.2291
85.6553,1.33299
85.7708,1.52083
85.8549,1.74097
85.9391,2.07505
86.0063,2.47883
86.064,2.99525
86.1121,3.64168
86.1505,4.4089
86.1818,5.3032
86.2106,6.4611
86.2395,8.08809
86.2647,10.0528
86.2899,12.7004
86.3164,16.4275
86.3428,21.3833
86.3716,28.4904
86.4024,38.3215
86.4375,52.5387
86.487,77.3472
86.5639,118.705
86.6062,135.797
86.6469,143.909
86.6598,144.418
86.7023,138.912
86.7407,125.522
86.808,90.8867
86.871,57.7263
86.908,41.7995
86.9407,30.6611
86.9695,23.0578
86.996,17.7101
87.0214,13.7882
87.0474,10.7929
87.0733,8.5815
87.0998,6.93263
87.1272,5.69033
87.1591,4.65801
87.1911,3.9266
87.2276,3.32783
87.2728,2.805
87.3329,2.3292
87.405,1.94711
87.4771,1.6867
87.5732,1.4554
87.6693,1.31001
87.8135,1.19824
87.9096,1.17783
88.0322,1.20876
88.1548,1.31118
88.2703,1.49662
88.3544,1.71466
88.4386,2.0464
88.5059,2.44904
88.5636,2.96734
88.6117,3.6212
88.6502,4.40238
88.6815,5.31637
88.7103,6.50113
88.7392,8.16392
88.7644,10.1659
88.7897,12.8524
88.8137,16.2255
88.8402,21.0758
88.8676,27.6095
88.8984,37.0371
88.934,50.8555
88.9821,73.9108
89.0638,116.149
89.1061,132.452
89.1508,140.417
89.1598,140.654
89.2023,135.418
89.2523,117.678
89.3745,55.8336
89.4115,40.5459
89.4409,30.8131
89.4697,23.2552
89.4938,18.3327
89.5188,14.3468
89.5447,11.2128
89.5707,8.88525
89.5955,7.23845
89.6229,5.89776
89.6549,4.78618
89.6914,3.91134
89.728,3.30341
89.7732,2.77596
89.8333,2.2993
89.9055,1.9187
89.9776,1.66017
90.0738,1.431
90.17,1.28715
90.3142,1.17677
90.4095,1.15678
90.5319,1.1871
90.6543,1.28793
90.7696,1.47086
90.8538,1.68671
90.938,2.01602
91.0054,2.41753
91.0536,2.83486
91.1017,3.44333
91.1402,4.16545
91.1739,5.08283
91.2028,6.19686
91.2316,7.75551
91.2569,9.62728
91.2846,12.4125
91.3087,15.6397
91.3327,19.7963
91.3597,25.7653
91.3905,34.5343
91.4271,47.8394
91.4771,70.6385
91.5638,113.661
91.6061,129.23
91.6508,136.817
91.6598,137.043
91.7024,132.056
91.7524,115.123
91.8747,55.4824
91.9151,39.3183
91.9459,29.5464
91.9748,22.3476
92.0017,17.1602
92.0277,13.3415
92.0537,10.4652
92.0797,8.32665
92.105,6.78519
92.1324,5.55425
92.1644,4.5295
92.201,3.71876
92.2376,3.15225
92.2857,2.63209
92.3459,2.19187
92.4181,1.83786
92.5023,1.56387
92.5986,1.36158
92.7189,1.2131
92.8623,1.13792
92.9095,1.13278
93.0316,1.16245
93.1538,1.26165
93.2689,1.44205
93.3532,1.65577
93.4375,1.98282
93.5049,2.38349
93.5531,2.80254
93.6012,3.41784
93.6398,4.15251
93.6735,5.08902
93.7024,6.22718
93.7313,7.81739
93.7566,9.72141
93.7843,12.5425
93.8084,15.7949
93.8325,19.9619
93.8594,25.9108
93.8903,34.5911
93.9269,47.6617
93.977,69.8588
94.0637,111.289
94.1145,128.297
94.1598,133.63
94.2024,128.874
94.2525,112.69
94.3782,53.6785
94.4187,38.1414
94.451,28.343
94.4799,21.4805
94.5078,16.3745
94.5338,12.7583
94.5598,10.0296
94.5858,7.99626
94.6145,6.36183
94.6419,5.23033
94.674,4.28451
94.7106,3.5323
94.7561,2.89889
94.8103,2.39698
94.8705,2.01991
94.9307,1.75473
95.003,1.52878
95.0993,1.328
95.2197,1.18065
95.3628,1.106
95.4096,1.10075
95.5315,1.12937
95.6533,1.22655
95.7683,1.40412
95.8527,1.61551
95.937,1.94019
96.0045,2.34015
96.0527,2.76125
96.0912,3.23716
96.1298,3.91672
96.1587,4.63492
96.1913,5.76947
96.2202,7.20039
96.2455,8.91009
96.2708,11.1893
96.2985,14.5295
96.3226,18.3258
96.3515,24.2007
96.3824,32.2903
96.42,44.89
96.4672,64.6411
96.5636,108.997
96.6145,125.269
96.6598,130.359
96.7024,125.819
96.7526,110.337
96.8817,51.9478
96.9222,37.0023
96.956,27.1896
96.9849,20.6423
97.0138,15.618
97.0398,12.1904
97.0659,9.59932
97.0919,7.66425
97.1194,6.16047
97.1468,5.06301
97.1789,4.14367
97.2109,3.48893
97.2505,2.91665
97.2987,2.43486
97.3589,2.02588
97.4312,1.69598
97.5035,1.47024
97.5999,1.26933
97.7204,1.12096
97.8168,1.05917
97.9251,1.03755
98.0409,1.06731
98.1567,1.15909
98.2676,1.32644
98.352,1.53299
98.4196,1.77637
98.4871,2.13369
98.5426,2.574
98.5812,3.01547
98.6198,3.64279
98.6535,4.43395
98.6834,5.42465
98.7116,6.72351
98.7399,8.51741
98.7674,10.9096
98.7934,13.9397
98.8223,18.4029
98.8513,24.2594
98.8822,32.272
98.9198,44.6623
98.9719,66.0698
99.0635,106.73
99.1145,122.316
99.1598,127.179
99.2025,122.834
99.2526,107.999
99.3853,50.1849
99.4263,35.6409
99.4572,26.9269
99.4842,20.8472
99.5131,15.7696
99.5372,12.5095
99.5645,9.69416
99.5927,7.54507
99.6209,5.98276
99.6491,4.84821
99.681,3.92935
99.7147,3.23825
99.7485,2.73891
99.7967,2.23302
99.8522,1.83118
99.9125,1.52103
99.9849,1.25287
100.067,1.03386
100.168,0.840639
100.279,0.690296
100.414,0.560669
100.549,0.467796
100.723,0.381961
100.926,0.31166
101.167,0.253422
101.437,0.208211
101.665,0.183901
101.7,0.181632
101.7,18.1588
121.585,16.4596
126.275,16.0588
150.85,14.5039
180.346,13.1931
200.0,12.3197
237.5,11.1416
275.0,10.2193
328.771,9.23976
350.0,8.85302
418.435,7.96229
425.0,7.87684
500.0,7.13651
597.765,6.39887
600.0,6.38201
700.0,5.80172
836.871,5.19747
850.0,5.13951
1000.0,4.63912
1195.53,4.15844
1250.0,4.02454
1494.41,3.58875
1500.0,3.57878
1750.0,3.23777
2000.0,2.96683
2375.0,2.64893
2750.0,2.40301
3287.71,2.14583
3500.0,2.04429
4184.35,1.81478
4250.0,1.79277
5000.0,1.60517
5977.65,1.42148
6000.0,1.41728
7000.0,1.27542
8368.71,1.13077
8500.0,1.11689
10000.0,0.999968
10000.0,0.999955
14916.5,0.88672
21879.0,0.788494
32234.8,0.70427
46185.7,0.632094
70183.4,0.557343
100000.0,0.500002
192970.0,0.457967
356740.0,0.41917
500000.0,0.400001
598882.0,0.4
702653.0,0.452919
800000.0,0.560007
912500.0,0.8375
1000000.0,1.09999
1200000.0,1.3
1500000.0,1.4
1896650.0,1.4
5000000.0,1.1
5500000.0,1.08
6000000.0,1.1
6500000.0,1.2
7500000.0,1.6
8500000.0,1.8
9250000.0,1.8
1.0E7,1.8
1.15E7,1.72
1.25E7,1.85
1.3E7,1.9
1.4E7,1.9
1.75E7,1.85
1.9E7,2.0
2.0E7,2.0
