94-Pu-238(n,&gamma;) ENDF/B-VII.1
1.0E-5,26052.1
1.31241E-5,22740.3
1.70876E-5,19928.4
2.2426E-5,17394.8
2.91987E-5,15243.5
3.83206E-5,13304.8
4.98935E-5,11658.9
6.54808E-5,10175.5
8.52562E-5,8916.19
1.11891E-4,7780.99
1.45682E-4,6816.91
1.91195E-4,5948.1
2.48937E-4,5210.01
3.26707E-4,4544.32
4.25373E-4,3978.88
5.58264E-4,3468.74
7.26861E-4,3035.28
9.53941E-4,2643.82
0.00124203,2310.6
0.00163006,2009.57
0.00212234,1753.05
0.00278538,1520.76
0.00362657,1322.6
0.00497149,1118.32
0.00680278,939.237
0.00885724,808.577
0.012142,671.278
0.0158747,566.887
0.0207477,474.688
0.024383,424.302
0.0253,413.31
0.033204,338.024
0.041464,283.955
0.0516848,234.719
0.0648112,189.955
0.0792892,154.982
0.0969512,125.307
0.113327,104.334
0.132401,86.0589
0.154601,70.2766
0.18042,56.7634
0.211288,45.1263
0.242058,36.6791
0.276782,29.8319
0.308296,24.9404
0.345971,20.5155
0.386593,16.9205
0.431636,13.9149
0.483724,11.3115
0.557109,8.72046
0.622093,7.09318
0.694467,5.76434
0.781316,4.60542
0.868166,3.78219
0.974315,3.06157
1.09011,2.5109
1.22521,2.0736
1.34101,1.8161
1.49541,1.59655
1.64981,1.48384
1.74631,1.46313
1.87658,1.49997
1.99721,1.61519
2.11301,1.83251
2.20951,2.13998
2.29394,2.56229
2.35908,3.05173
2.41698,3.67937
2.46764,4.46431
2.51107,5.4135
2.55208,6.68058
2.58585,8.14654
2.61721,10.0405
2.64616,12.5135
2.67077,15.4903
2.69104,18.8883
2.70937,23.1011
2.72626,28.4566
2.74218,35.5451
2.75569,44.039
2.76727,54.2279
2.77789,67.3396
2.78657,82.2661
2.79477,101.66
2.80201,124.997
2.80925,156.527
2.81649,199.059
2.82421,259.971
2.83217,342.781
2.84206,475.157
2.86609,854.033
2.87651,963.759
2.88459,992.267
2.89272,964.16
2.90218,868.021
2.9195,598.505
2.93204,409.114
2.94049,307.28
2.94809,235.838
2.95496,186.197
2.96256,144.998
2.96932,117.768
2.97728,94.0232
2.98524,76.7129
2.99429,62.3533
3.00442,50.7172
3.01624,40.9594
3.02975,32.9921
3.04519,26.4967
3.06159,21.529
3.08089,17.3113
3.10309,13.8506
3.12625,11.2554
3.15134,9.20305
3.18222,7.37655
3.21792,5.87629
3.25652,4.72475
3.30115,3.77943
3.3494,3.0532
3.40127,2.49139
3.46038,2.02937
3.52672,1.65791
3.59909,1.36425
3.68353,1.11754
3.78244,0.912591
3.89824,0.744628
4.01404,0.625409
4.15879,0.519319
4.32766,0.433477
4.54479,0.358422
4.79569,0.301366
5.10448,0.256311
5.43258,0.226129
5.89578,0.202075
6.41444,0.191593
6.52417,0.191008
7.07504,0.197988
7.53075,0.218195
7.9036,0.25048
8.1936,0.292902
8.40074,0.339394
8.60788,0.40863
8.77359,0.491931
8.89787,0.581239
9.02216,0.707713
9.1309,0.867331
9.228,1.07299
9.30956,1.31968
9.37818,1.61129
9.44161,1.99013
9.49728,2.45861
9.54259,2.98674
9.58661,3.69681
9.62286,4.50623
9.65911,5.63496
9.68759,6.87282
9.71478,8.51494
9.73886,10.5725
9.7575,12.7945
9.77304,15.3161
9.78909,18.9452
9.80204,23.0709
9.81498,28.8819
9.82586,35.706
9.83622,44.5634
9.84657,56.5502
9.85693,72.6317
9.86781,95.0508
9.87946,126.557
9.8924,171.534
9.90872,242.116
9.94238,402.317
9.95926,457.865
9.97456,475.891
9.98991,458.413
10.0076,400.008
10.0507,197.839
10.0647,144.334
10.0768,107.962
10.0882,81.4957
10.0982,63.6519
10.1076,51.037
10.1179,40.4555
10.1293,31.968
10.1397,26.3299
10.1526,21.2088
10.1656,17.5338
10.1811,14.3515
10.1997,11.6401
10.2197,9.56457
10.2417,7.89154
10.2681,6.42897
10.2961,5.29868
10.3323,4.24116
10.3686,3.48041
10.4139,2.79515
10.4657,2.24244
10.5187,1.83767
10.5809,1.49659
10.6482,1.23178
10.7207,1.02474
10.8087,0.843547
10.9175,0.687763
11.034,0.572801
11.1738,0.478293
11.3369,0.404631
11.5389,0.345991
11.7978,0.300766
12.0775,0.273956
12.3571,0.260681
12.6678,0.25628
13.2064,0.267115
13.6612,0.291451
14.1919,0.337773
14.6332,0.396015
15.0611,0.477742
15.4176,0.574482
15.7356,0.690694
16.0279,0.840748
16.3129,1.04535
16.5613,1.29891
16.7757,1.60453
16.9632,1.97759
17.1386,2.46453
17.292,3.05912
17.4284,3.79703
17.5478,4.69561
17.6501,5.75421
17.7524,7.22634
17.8401,9.00173
17.918,11.2048
17.9886,13.9977
18.0483,17.2874
18.1043,21.6007
18.1531,26.8688
18.1957,33.3132
18.2322,40.9879
18.2627,49.7624
18.2894,60.2992
18.3143,73.8673
18.335,89.7886
18.354,110.602
18.3698,135.347
18.3841,166.631
18.3967,205.028
18.4094,257.554
18.4213,324.651
18.4338,418.462
18.4461,542.066
18.4578,694.169
18.4714,921.477
18.4872,1259.47
18.5074,1804.15
18.5571,3350.68
18.577,3794.42
18.5973,3985.8
18.5998,3988.12
18.6195,3840.78
18.6419,3363.31
18.6989,1611.58
18.7167,1162.59
18.7308,877.195
18.7439,667.342
18.7571,505.634
18.7698,388.173
18.7819,303.655
18.7929,246.241
18.8056,196.618
18.8173,162.672
18.8319,131.601
18.8465,109.236
18.865,88.9981
18.8845,73.8531
18.9079,60.7533
18.9361,49.4134
18.9702,39.6879
19.008,32.0242
19.0506,25.8189
19.0944,21.1735
19.1456,17.1992
19.2041,13.9028
19.2722,11.1371
19.3404,9.12295
19.4257,7.28985
19.5231,5.79908
19.623,4.70023
19.7399,3.76887
19.8666,3.04144
20.003,2.47215
20.154,2.0084
20.3245,1.62558
20.5242,1.30194
20.7385,1.05178
20.9724,0.85272
21.2281,0.693916
21.523,0.560074
21.8758,0.446141
22.2287,0.363787
22.6409,0.29443
23.1121,0.236958
23.6422,0.191059
24.1133,0.160892
24.7023,0.132963
25.4084,0.108488
26.2313,0.0887479
27.2886,0.0716907
28.4634,0.0599662
29.4404,0.0550732
29.7124,0.0547691
30.1789,0.0560931
30.4801,0.0590416
30.7716,0.0650498
30.9659,0.0722995
31.136,0.0827296
31.2817,0.0971954
31.3911,0.114027
31.4761,0.13317
31.5611,0.161157
31.6267,0.192743
31.685,0.233016
31.7336,0.280903
31.7761,0.34043
31.8125,0.41354
31.8405,0.493338
31.8648,0.591638
31.8842,0.702285
31.9036,0.858675
31.9194,1.03691
31.9358,1.29359
31.9504,1.60759
31.965,2.03151
31.9799,2.61603
31.9945,3.37294
32.0105,4.46944
32.0256,5.79835
32.0426,7.69263
32.064,10.6978
32.0921,15.6019
32.1417,24.963
32.167,28.5527
32.1934,30.3461
32.1996,30.4183
32.2233,29.4377
32.2486,26.443
32.2901,18.9429
32.3283,11.9038
32.3496,8.67206
32.3691,6.32764
32.3861,4.73198
32.4021,3.57524
32.4167,2.77183
32.4316,2.14822
32.4461,1.69732
32.4605,1.36156
32.4771,1.08234
32.4939,0.879087
32.5109,0.732023
32.5304,0.611162
32.5547,0.505004
32.5814,0.423083
32.6178,0.345146
32.6603,0.28243
32.7089,0.232354
32.7684,0.189715
32.8292,0.159182
32.9093,0.131017
33.0029,0.10868
33.1037,0.0921808
33.2349,0.0776577
33.4049,0.0655107
33.5992,0.0567294
33.8325,0.0500482
34.1419,0.044721
34.6038,0.0407862
34.9232,0.04001
35.2825,0.0413778
35.5021,0.0442853
35.6518,0.0480807
35.8015,0.0547451
35.9063,0.0626335
35.9937,0.0730522
36.0635,0.0859558
36.1247,0.103289
36.1683,0.121837
36.2076,0.146628
36.2394,0.177203
36.2644,0.213376
36.2862,0.260317
36.3049,0.318772
36.3225,0.396849
36.3385,0.495329
36.3545,0.629632
36.3704,0.810977
36.3859,1.04352
36.4024,1.36628
36.4203,1.82239
36.4413,2.50764
36.466,3.52898
36.5182,6.16859
36.5501,7.65067
36.5764,8.45345
36.5998,8.69591
36.6269,8.36709
36.6539,7.46894
36.7023,5.0798
36.7382,3.32445
36.7607,2.42608
36.7787,1.84541
36.7966,1.38518
36.8131,1.05864
36.8283,0.826101
36.8449,0.634679
36.8615,0.494247
36.8781,0.392325
36.8947,0.318637
36.9119,0.263464
36.9337,0.21461
36.9556,0.180995
36.9805,0.153999
37.0167,0.127356
37.0604,0.105985
37.1128,0.0887222
37.1714,0.0755397
37.2525,0.0633733
37.3336,0.0552663
37.4484,0.0476601
37.5981,0.0414673
37.7977,0.0365294
38.0373,0.0330366
38.4365,0.0297952
39.0354,0.0273376
40.0426,0.0254647
41.4182,0.0241896
44.2584,0.0235248
46.5306,0.0241563
49.3147,0.0265382
51.3624,0.0298316
52.8982,0.0342323
54.178,0.0406085
54.9459,0.0467433
55.5858,0.0544886
56.0977,0.0635589
56.6096,0.0766313
56.9936,0.0914857
57.3354,0.110804
57.6345,0.135645
57.8818,0.165518
58.0865,0.200579
58.2798,0.247778
58.4373,0.302233
58.5767,0.369431
58.7026,0.454333
58.8195,0.566007
58.914,0.692739
58.9949,0.84207
59.0759,1.0504
59.1434,1.29556
59.2041,1.60718
59.2513,1.9479
59.2907,2.34347
59.3278,2.88049
59.3581,3.53213
59.3817,4.26613
59.402,5.14569
59.4222,6.3696
59.4402,7.86929
59.4582,9.9053
59.4762,12.6609
59.4942,16.3608
59.5114,21.0247
59.5305,27.8138
59.5496,36.6475
59.5711,49.4354
59.5931,66.0788
59.6219,93.3927
59.6633,142.042
59.7226,216.065
59.7622,251.581
59.7964,263.703
59.7997,263.803
59.8342,253.484
59.872,221.464
59.9709,100.853
59.9988,72.9439
60.0231,53.3935
60.0453,39.3316
60.0656,29.4466
60.0838,22.5798
60.1013,17.4826
60.1193,13.5086
60.1373,10.5372
60.1553,8.33546
60.1739,6.66811
60.1935,5.38614
60.216,4.34815
60.2385,3.61598
60.2632,3.03914
60.297,2.48927
60.3375,2.03704
60.3881,1.64641
60.4386,1.36763
60.4994,1.12297
60.5758,0.902541
60.6545,0.740229
60.7467,0.6029
60.8569,0.486318
60.9738,0.398503
61.1088,0.326182
61.2662,0.266509
61.4371,0.220799
61.6575,0.180145
61.9138,0.1485
62.2107,0.124394
62.5075,0.108432
62.95,0.0939827
63.2936,0.0868943
63.723,0.0817375
64.3243,0.0792126
64.9406,0.0815679
65.6967,0.0905631
66.2557,0.10256
66.675,0.116668
67.0977,0.137739
67.4599,0.164642
67.7563,0.196674
68.0253,0.238384
68.2558,0.289831
68.4534,0.352437
68.6263,0.429371
68.7854,0.529536
68.9199,0.649107
69.0407,0.799791
69.1395,0.970737
69.2328,1.19373
69.3206,1.48986
69.3974,1.86047
69.4551,2.24942
69.5031,2.6909
69.5511,3.31017
69.5854,3.93812
69.6197,4.83793
69.6472,5.88555
69.6719,7.23066
69.6938,8.90906
69.7158,11.2457
69.735,14.0372
69.7549,17.9142
69.7755,23.2998
69.7961,30.4666
69.8182,40.6204
69.8396,53.3666
69.8645,72.3933
69.8936,100.648
69.9287,143.093
70.0155,263.228
70.0539,302.992
70.0912,320.887
70.0998,321.548
70.1362,309.679
70.1703,279.5
70.2229,210.32
70.2811,129.963
70.3141,92.3175
70.3393,69.0277
70.3624,52.0306
70.3846,39.1826
70.4044,30.3059
70.4241,23.4392
70.4439,18.2133
70.4623,14.5241
70.4815,11.6104
70.5034,9.16834
70.5254,7.41381
70.5494,6.04211
70.5734,5.05858
70.6008,4.24642
70.6352,3.52519
70.6736,2.95084
70.723,2.42331
70.7806,1.98478
70.8424,1.64395
70.9165,1.34586
71.0056,1.08891
71.1017,0.891122
71.217,0.721919
71.3514,0.583537
71.5051,0.473622
71.6698,0.391326
71.8619,0.323964
72.0842,0.2701
72.3641,0.224851
72.6907,0.190869
72.9983,0.170158
73.4597,0.151422
73.921,0.142039
74.4865,0.138101
75.1704,0.142089
75.8327,0.153761
76.4841,0.174579
76.8858,0.196902
77.0703,0.215133
77.1789,0.235333
77.2467,0.262156
77.2875,0.293246
77.3159,0.328134
77.3492,0.390818
77.3777,0.471822
77.4062,0.587141
77.4347,0.745573
77.4666,0.982522
77.5046,1.35067
77.5719,2.16631
77.6283,2.8146
77.6696,3.11156
77.7002,3.18193
77.7413,3.0568
77.7825,2.71215
77.8949,1.38029
77.9321,1.02431
77.9633,0.794196
77.9882,0.653843
78.0195,0.525783
78.0461,0.450286
78.08,0.387106
78.1207,0.344008
78.1614,0.321855
78.2428,0.305795
78.3025,0.303563
78.4817,0.311181
78.8074,0.345004
79.2199,0.409777
79.6223,0.499718
79.9668,0.607371
80.3112,0.757843
80.6017,0.936891
80.8559,1.15499
81.0956,1.44186
81.2989,1.78194
81.4877,2.22378
81.6402,2.71724
81.7782,3.3255
81.9053,4.09281
82.0251,5.09626
82.1268,6.27873
82.214,7.66882
82.2939,9.41683
82.3701,11.7539
82.4355,14.6076
82.4845,17.6093
82.5254,21.0573
82.5626,25.4476
82.5975,31.3806
82.6282,38.9439
82.6546,48.2484
82.6791,60.2403
82.7037,76.7998
82.7257,96.9775
82.7478,123.67
82.7717,162.009
82.7957,212.308
82.8197,276.786
82.8487,376.496
82.8821,521.986
82.9279,768.753
83.0114,1255.02
83.0535,1430.05
83.0942,1501.48
83.0997,1502.56
83.1407,1445.41
83.1828,1281.61
83.2583,848.28
83.3095,561.848
83.3433,407.371
83.3723,301.243
83.3992,224.476
83.4232,171.501
83.4472,130.907
83.47,101.61
83.4929,79.6231
83.5158,63.2754
83.5387,51.1683
83.5648,41.1033
83.5938,33.1974
83.6229,27.5877
83.6592,22.6238
83.6992,18.778
83.7445,15.6323
83.799,12.8915
83.8698,10.3462
83.9461,8.39604
84.0387,6.70801
84.1404,5.39224
84.2584,4.30515
84.3855,3.46914
84.5162,2.84276
84.6687,2.30735
84.843,1.864
85.0463,1.49357
85.2787,1.19302
85.5257,0.964273
85.8162,0.771965
86.143,0.619171
86.4988,0.500524
86.8765,0.41009
87.3413,0.330334
87.8651,0.26799
88.4095,0.221344
89.0316,0.183485
89.8093,0.151688
90.3627,0.134427
91.0899,0.117784
92.0594,0.10248
93.441,0.0899367
94.2959,0.0872841
94.8302,0.0891829
95.1897,0.0951993
95.384,0.103508
95.4933,0.112499
95.5843,0.12624
95.639,0.141533
95.6815,0.162114
95.7118,0.185599
95.7422,0.22129
95.7665,0.262986
95.7908,0.321233
95.8151,0.40174
95.8393,0.511293
95.8636,0.657484
95.8893,0.860081
95.9172,1.14716
95.9479,1.55152
95.9863,2.18817
96.0504,3.49091
96.1145,4.7644
96.1592,5.35952
96.1998,5.5481
96.2427,5.33699
96.2903,4.67299
96.4149,2.16186
96.4532,1.5337
96.4838,1.13562
96.5127,0.843523
96.5382,0.646427
96.5637,0.497488
96.5892,0.387691
96.6147,0.308427
96.6396,0.253252
96.6639,0.214942
96.6942,0.182154
96.7246,0.160551
96.761,0.143713
96.8217,0.127401
96.9189,0.114129
97.016,0.106989
97.2103,0.100031
97.4823,0.097451
97.8308,0.100336
98.0847,0.106539
98.2913,0.115476
98.4979,0.130803
98.6455,0.149257
98.7685,0.174045
98.8669,0.205882
98.9284,0.236359
98.9776,0.272252
99.0207,0.319669
99.0576,0.382358
99.0883,0.461589
99.1142,0.55829
99.14,0.695954
99.1621,0.859679
99.1843,1.08043
99.2064,1.37544
99.2279,1.75254
99.2525,2.3191
99.2771,3.06101
99.3048,4.14288
99.3341,5.60757
99.3675,7.70284
99.413,11.1938
99.5036,18.7503
99.5498,21.53
99.5937,22.6441
99.5998,22.6612
99.6394,21.9435
99.6846,19.5546
99.7545,13.9351
99.8184,8.69006
99.8558,6.18254
99.8878,4.47637
99.9149,3.34518
99.9395,2.54184
99.9641,1.92319
99.9856,1.50845
100.007,1.18995
100.03,0.930775
100.052,0.753935
100.074,0.622045
100.099,0.507462
100.13,0.415673
100.158,0.355554
100.195,0.303376
100.24,0.261971
100.299,0.225804
100.372,0.196149
100.486,0.167372
100.633,0.145113
100.781,0.131718
101.017,0.119521
101.411,0.110727
101.863,0.108182
102.522,0.110724
103.806,0.127346
104.73,0.147453
105.497,0.172846
106.19,0.206996
106.806,0.251947
107.228,0.297769
107.589,0.353717
107.911,0.425654
108.174,0.509909
108.404,0.615626
108.595,0.74133
108.76,0.894048
108.902,1.0814
109.036,1.33496
109.148,1.64266
109.244,2.02144
109.323,2.47292
109.389,3.01253
109.443,3.67516
109.487,4.46838
109.524,5.46866
109.553,6.59507
109.582,8.19675
109.606,10.1211
109.629,12.5094
109.653,15.92
109.677,20.519
109.701,26.6509
109.725,34.7083
109.749,45.3128
109.777,61.0133
109.806,82.2547
109.841,113.795
109.883,162.433
109.995,310.747
110.042,357.813
110.087,379.433
110.1,380.604
110.143,367.856
110.189,328.971
110.258,241.125
110.328,148.806
110.368,105.273
110.4,77.0866
110.431,56.3052
110.458,42.0168
110.483,32.1167
110.508,24.5471
110.529,19.4137
110.553,15.1637
110.577,12.0218
110.601,9.71546
110.625,8.02802
110.651,6.71068
110.682,5.61239
110.718,4.778
110.749,4.32583
110.791,4.00414
110.816,3.94675
110.851,4.04338
110.892,4.42263
110.932,5.10763
110.978,6.24969
111.114,10.5252
111.168,11.5087
111.196,11.6424
111.241,11.267
111.291,10.0737
111.431,5.14289
111.474,3.94085
111.509,3.15191
111.544,2.57747
111.579,2.16809
111.614,1.8899
111.661,1.66526
111.721,1.5269
111.8,1.47396
111.842,1.47392
112.01,1.56344
112.146,1.71715
112.304,2.00093
112.435,2.36116
112.563,2.87909
112.66,3.45138
112.74,4.11706
112.818,5.01773
112.875,5.9414
112.931,7.26263
112.97,8.56844
113.002,10.0756
113.035,12.1846
113.063,14.7797
113.089,18.169
113.115,22.6896
113.141,28.8802
113.167,37.3098
113.192,48.016
113.217,62.8782
113.243,82.2531
113.272,109.766
113.303,148.247
113.339,204.589
113.384,293.527
113.495,541.13
113.55,627.013
113.596,655.314
113.6,655.445
113.644,633.276
113.693,562.481
113.771,394.341
113.835,254.292
113.877,178.882
113.911,130.138
113.941,96.5234
113.969,72.8315
113.994,55.7484
114.02,42.6557
114.046,32.8594
114.072,25.6241
114.095,20.7537
114.123,16.4547
114.152,13.396
114.184,10.933
114.22,9.01837
114.266,7.4018
114.322,6.05309
114.39,4.96322
114.474,4.04551
114.561,3.38426
114.657,2.86941
114.77,2.43701
114.905,2.08072
115.08,1.78469
115.248,1.6086
115.5,1.47129
115.72,1.43765
116.003,1.4885
116.286,1.64364
116.542,1.89417
116.774,2.25451
116.973,2.71793
117.131,3.24275
117.28,3.94102
117.421,4.88363
117.538,5.99101
117.637,7.32372
117.727,9.02439
117.807,11.1754
117.873,13.7103
117.922,16.4256
117.966,19.8679
118.002,23.8216
118.036,29.0555
118.067,36.0159
118.096,44.6142
118.124,56.3973
118.151,72.0888
118.178,91.9357
118.204,117.916
118.233,155.635
118.261,203.663
118.291,266.877
118.328,363.65
118.374,516.479
118.499,983.535
118.547,1109.43
118.596,1161.04
118.6,1161.25
118.646,1120.56
118.695,1002.99
118.776,704.583
118.843,454.696
118.886,323.171
118.92,242.172
118.952,179.884
118.982,135.563
119.007,106.913
119.034,82.6029
119.06,65.0853
119.086,51.9092
119.113,42.0553
119.144,33.5138
119.177,27.091
119.214,22.0631
119.256,18.2005
119.305,15.0002
119.368,12.2578
119.445,9.94737
119.532,8.14201
119.633,6.68595
119.737,5.64771
119.862,4.7796
120.011,4.08841
120.174,3.62034
120.345,3.35589
120.515,3.27092
120.696,3.36219
120.878,3.66174
121.013,4.06281
121.149,4.67799
121.276,5.53991
121.385,6.62396
121.476,7.91203
121.564,9.71267
121.632,11.7025
121.689,14.0473
121.737,16.8794
121.779,20.4631
121.817,25.1206
121.852,31.0902
121.883,38.7001
121.909,47.5726
121.938,60.77
121.967,78.2114
121.995,101.435
122.026,134.032
122.056,175.674
122.091,237.96
122.132,331.887
122.185,483.524
122.289,808.507
122.342,927.492
122.393,976.357
122.4,977.103
122.451,938.142
122.503,826.787
122.649,381.461
122.695,268.833
122.731,197.675
122.762,148.919
122.792,113.267
122.822,86.1045
122.85,67.4321
122.878,52.7022
122.907,41.8174
122.935,33.8031
122.968,27.176
123.003,22.1558
123.043,18.0556
123.089,14.8901
123.136,12.5189
123.204,10.1214
123.284,8.17902
123.374,6.61651
123.469,5.43858
123.585,4.40733
123.707,3.6197
123.85,2.95249
124.009,2.41605
124.19,1.97278
124.403,1.59963
124.657,1.28588
124.947,1.03549
125.264,0.842348
125.635,0.682682
126.016,0.566618
126.46,0.469765
126.99,0.389465
127.521,0.338161
127.864,0.321754
127.979,0.32118
128.164,0.330957
128.26,0.347448
128.331,0.372996
128.384,0.410594
128.428,0.467654
128.463,0.543831
128.494,0.646183
128.523,0.791223
128.551,0.981591
128.579,1.24334
128.606,1.59579
128.634,2.0594
128.664,2.72096
128.694,3.56131
128.733,4.90382
128.784,7.1449
128.894,12.4089
128.947,14.1741
128.998,14.8128
129.0,14.8139
129.047,14.2992
129.095,12.8087
129.175,9.09403
129.244,5.84757
129.284,4.25378
129.319,3.15813
129.349,2.38197
129.38,1.78201
129.407,1.38211
129.432,1.09522
129.459,0.870034
129.485,0.704485
129.515,0.571981
129.548,0.472454
129.581,0.406838
129.621,0.356307
129.678,0.31364
129.766,0.279172
129.898,0.252375
130.109,0.230692
130.356,0.219548
130.549,0.217235
130.852,0.224327
131.08,0.241689
131.256,0.267921
131.406,0.306975
131.507,0.348642
131.602,0.410318
131.662,0.470706
131.715,0.551194
131.753,0.637914
131.79,0.767448
131.82,0.916745
131.846,1.10365
131.872,1.3621
131.899,1.71892
131.925,2.20822
131.951,2.85354
131.976,3.6863
132.001,4.7666
132.029,6.33792
132.059,8.4492
132.089,11.1612
132.126,15.3208
132.175,22.1098
132.292,40.0965
132.346,45.9878
132.396,48.1205
132.4,48.1312
132.45,46.2532
132.5,41.0945
132.586,28.1739
132.653,17.9581
132.694,12.9319
132.731,9.32389
132.762,6.90014
132.79,5.2017
132.818,3.89702
132.844,2.99363
132.871,2.29588
132.897,1.77947
132.923,1.40171
132.948,1.1442
132.976,0.928674
133.004,0.775473
133.038,0.647148
133.078,0.546184
133.123,0.468771
133.175,0.407074
133.246,0.350523
133.351,0.294221
133.487,0.247936
133.625,0.217081
133.79,0.192185
134.019,0.170001
134.307,0.15285
134.769,0.138072
135.341,0.130654
135.532,0.130003
136.192,0.133514
136.688,0.142951
137.112,0.158839
137.5,0.184265
137.759,0.211456
138.007,0.2512
138.214,0.302131
138.384,0.364634
138.514,0.433419
138.622,0.513322
138.721,0.616258
138.816,0.755744
138.883,0.898035
138.945,1.08602
138.988,1.27469
139.031,1.54857
139.064,1.84654
139.096,2.27088
139.124,2.7966
139.153,3.53055
139.177,4.38752
139.201,5.52415
139.225,7.02055
139.252,9.21952
139.279,12.1233
139.306,15.8874
139.333,20.6653
139.365,27.8583
139.402,38.2606
139.448,54.6123
139.595,116.715
139.648,131.808
139.7,137.091
139.747,132.554
139.797,119.204
139.873,88.4396
139.955,53.4606
139.997,38.626
140.031,28.8555
140.064,21.1919
140.094,15.8874
140.121,12.1305
140.148,9.16716
140.175,6.98498
140.202,5.35771
140.229,4.1593
140.253,3.35964
140.282,2.67449
140.31,2.18294
140.343,1.77805
140.381,1.461
140.424,1.2152
140.471,1.02957
140.539,0.847344
140.622,0.694183
140.719,0.571652
140.832,0.472368
140.962,0.393575
141.107,0.33193
141.299,0.277018
141.528,0.23417
141.803,0.201601
142.081,0.180817
142.367,0.167208
142.747,0.156658
143.317,0.151217
143.507,0.15119
144.231,0.158595
144.955,0.175685
145.61,0.200355
146.213,0.23612
146.73,0.280765
147.23,0.343189
147.642,0.41719
148.033,0.517415
148.35,0.633281
148.645,0.784245
148.899,0.96736
149.131,1.20213
149.321,1.4714
149.498,1.81726
149.657,2.24978
149.793,2.76381
149.92,3.43121
150.031,4.2509
150.129,5.26235
150.211,6.45204
150.276,7.78826
150.333,9.39897
150.384,11.4711
150.424,13.7609
150.462,16.8403
150.496,20.7672
150.527,25.5703
150.558,32.0923
150.588,40.7514
150.615,51.2842
150.648,67.4961
150.678,87.2776
150.712,117.288
150.75,158.744
150.791,216.545
150.839,300.673
150.977,582.738
151.033,668.364
151.089,707.013
151.1,708.045
151.151,684.631
151.203,616.634
151.287,453.225
151.37,283.872
151.418,203.595
151.458,148.557
151.496,109.451
151.528,82.9485
151.558,64.1675
151.587,50.3311
151.615,39.7346
151.644,31.7022
151.677,24.9195
151.708,20.1945
151.744,16.253
151.781,13.4459
151.826,10.9722
151.871,9.22409
151.928,7.6542
151.996,6.30886
152.076,5.18019
152.171,4.20607
152.287,3.36648
152.409,2.73319
152.552,2.20254
152.711,1.78022
152.892,1.43476
153.106,1.14716
153.323,0.937408
153.596,0.750756
153.881,0.611955
154.181,0.506573
154.535,0.416588
154.948,0.342263
155.411,0.283568
155.873,0.241887
156.51,0.202013
157.33,0.169981
158.225,0.148437
159.28,0.13563
160.253,0.131731
161.676,0.138804
162.687,0.154582
163.36,0.174243
163.81,0.197719
164.034,0.218666
164.183,0.243223
164.274,0.272064
164.338,0.310344
164.384,0.357353
164.42,0.415338
164.453,0.48925
164.488,0.603413
164.523,0.765183
164.554,0.963585
164.589,1.25697
164.625,1.64127
164.663,2.18197
164.71,3.01605
164.781,4.56316
164.875,6.72178
164.94,7.77898
164.997,8.12303
165.0,8.12404
165.052,7.86369
165.108,7.05285
165.195,5.13494
165.279,3.25557
165.33,2.32373
165.37,1.75221
165.408,1.32301
165.444,1.02918
165.479,0.81227
165.514,0.656842
165.549,0.548365
165.584,0.474337
165.62,0.423106
165.675,0.377786
165.73,0.354267
165.839,0.335902
165.956,0.332327
166.196,0.342415
166.595,0.383055
167.014,0.44958
167.458,0.552475
167.839,0.679511
168.188,0.845174
168.473,1.03602
168.738,1.28424
168.952,1.56171
169.171,1.95749
169.349,2.40952
169.512,2.98332
169.655,3.6819
169.777,4.50939
169.884,5.50372
169.976,6.66862
170.065,8.24574
170.141,10.1672
170.195,12.1016
170.245,14.5736
170.292,17.9827
170.334,22.3273
170.372,27.9058
170.408,35.1828
170.442,44.9484
170.476,58.2894
170.511,76.3067
170.545,99.6297
170.578,129.793
170.614,170.464
170.655,229.028
170.707,322.636
170.792,511.613
170.878,699.475
170.941,795.346
171.0,827.064
171.059,794.807
171.114,713.828
171.211,502.37
171.293,322.036
171.344,230.298
171.387,168.967
171.427,124.645
171.464,93.3649
171.499,70.7
171.529,55.8493
171.559,44.4719
171.594,34.779
171.627,28.0895
171.662,22.7348
171.703,18.3733
171.744,15.2737
171.787,12.883
171.838,10.8325
171.902,8.98405
171.978,7.39407
172.07,6.02645
172.177,4.88543
172.304,3.92108
172.447,3.15686
172.6,2.57042
172.778,2.07913
172.987,1.6718
173.201,1.37473
173.446,1.13113
173.749,0.920806
174.052,0.776088
174.34,0.680056
174.642,0.612676
174.945,0.575203
175.146,0.568058
175.409,0.587734
175.605,0.637342
175.721,0.691566
175.847,0.788905
175.923,0.881618
175.998,1.02403
176.061,1.21453
176.112,1.4537
176.156,1.76997
176.194,2.16348
176.232,2.72077
176.263,3.35529
176.298,4.30698
176.332,5.52852
176.37,7.31543
176.409,9.686
176.451,12.9984
176.506,18.3585
176.606,30.5482
176.693,40.3693
176.752,44.5371
176.8,45.6752
176.858,43.9885
176.921,38.937
177.036,25.1726
177.107,17.0177
177.157,12.2683
177.201,8.97423
177.24,6.74545
177.275,5.18685
177.312,3.97334
177.346,3.1095
177.381,2.4732
177.416,2.00886
177.457,1.62435
177.494,1.37276
177.539,1.16595
177.591,0.996291
177.662,0.847314
177.75,0.727257
177.859,0.631585
178.01,0.547808
178.191,0.488157
178.393,0.450599
178.675,0.426984
178.816,0.42371
179.159,0.433471
179.502,0.466056
179.889,0.533463
180.211,0.62331
180.469,0.728038
180.742,0.888123
180.951,1.06346
181.143,1.28732
181.325,1.58892
181.482,1.95549
181.612,2.38151
181.734,2.93593
181.832,3.55498
181.923,4.35955
182.0,5.3107
182.063,6.43823
182.117,7.84699
182.161,9.46779
182.199,11.4605
182.234,14.0774
182.269,17.6047
182.3,21.8007
182.33,27.3846
182.363,35.3764
182.395,46.0284
182.428,60.0027
182.463,79.6184
182.502,107.872
182.546,148.166
182.598,209.132
182.682,328.713
182.782,471.046
182.844,529.888
182.9,547.88
182.957,528.437
183.025,461.943
183.2,211.017
183.253,148.855
183.295,109.9
183.332,82.9176
183.367,62.5776
183.398,48.5407
183.429,37.6811
183.461,29.3074
183.492,23.2515
183.522,18.691
183.557,14.8543
183.592,12.0839
183.629,9.95778
183.672,8.18156
183.727,6.65492
183.783,5.55511
183.848,4.64556
183.94,3.74545
184.038,3.06532
184.155,2.48184
184.292,1.99939
184.444,1.61912
184.618,1.31026
184.823,1.05465
185.036,0.865957
185.298,0.702252
185.583,0.578659
185.924,0.476632
186.274,0.40313
186.666,0.345808
187.137,0.301955
187.53,0.279598
188.001,0.266044
188.237,0.264227
188.759,0.27261
189.28,0.3021
189.628,0.338902
189.981,0.398916
190.234,0.463865
190.469,0.550814
190.671,0.65676
190.873,0.80886
191.042,0.992087
191.176,1.19789
191.288,1.43225
191.406,1.77541
191.508,2.20347
191.589,2.68557
191.656,3.2467
191.712,3.88972
191.764,4.69666
191.818,5.86851
191.863,7.21733
191.905,8.93439
191.953,11.491
192.0,14.9412
192.046,19.4352
192.096,25.5656
192.154,34.8282
192.242,51.8825
192.356,75.0781
192.42,84.5014
192.49,89.0565
192.5,89.124
192.568,85.6717
192.637,76.1583
192.832,37.1517
192.893,27.1934
192.943,20.5943
192.989,15.8876
193.036,12.1993
193.082,9.53694
193.127,7.56117
193.168,6.2439
193.218,5.02303
193.274,4.05571
193.33,3.3616
193.398,2.76084
193.478,2.24921
193.573,1.82768
193.673,1.50433
193.795,1.22504
193.936,0.99308
194.093,0.809492
194.273,0.659764
194.463,0.5455
194.699,0.444769
194.968,0.36409
195.282,0.298717
195.619,0.249965
196.023,0.209265
196.494,0.177175
197.032,0.153134
197.638,0.1364
198.244,0.12736
198.783,0.1248
199.388,0.128639
199.792,0.136286
200.196,0.150256
200.595,0.174178
200.892,0.202633
201.138,0.238614
201.358,0.287127
201.527,0.34264
201.682,0.415646
201.805,0.499361
201.908,0.597338
202.001,0.722608
202.078,0.876073
202.132,1.03372
202.179,1.22881
202.223,1.49982
202.259,1.82492
202.289,2.21423
202.32,2.74934
202.351,3.48615
202.382,4.49711
202.409,5.67782
202.436,7.21107
202.467,9.50361
202.498,12.5066
202.531,16.734
202.567,22.5077
202.605,30.5487
202.65,42.2228
202.707,60.7682
202.86,119.881
202.93,139.582
202.993,146.759
203.0,146.829
203.058,141.801
203.115,127.827
203.208,93.8259
203.305,56.7599
203.355,40.6809
203.398,29.7771
203.436,21.9122
203.472,16.2792
203.506,12.0941
203.537,9.19056
203.568,6.9773
203.595,5.49866
203.623,4.31387
203.654,3.35248
203.685,2.6519
203.716,2.14273
203.752,1.72041
203.789,1.41623
203.834,1.16496
203.886,0.97173
203.95,0.809043
204.025,0.679393
204.115,0.568703
204.223,0.473939
204.362,0.388523
204.532,0.317355
204.73,0.261462
204.949,0.219789
205.211,0.18622
205.545,0.158615
205.891,0.140437
206.351,0.125758
207.041,0.114831
207.624,0.111889
208.583,0.115118
209.542,0.126617
210.501,0.147848
211.244,0.17476
211.832,0.206349
212.335,0.245263
212.811,0.29863
213.202,0.362833
213.524,0.438279
213.818,0.537135
214.07,0.659803
214.266,0.794918
214.457,0.981751
214.62,1.21154
214.76,1.49463
214.872,1.8165
214.97,2.21617
215.051,2.69718
215.114,3.23354
215.172,3.95967
215.219,4.80874
215.263,5.97102
215.301,7.35289
215.338,9.26411
215.371,11.528
215.407,14.9158
215.441,19.0841
215.478,25.1964
215.515,33.2157
215.555,44.3597
215.601,60.6718
215.655,85.2226
215.727,125.571
215.858,205.202
215.925,234.368
215.991,246.441
216.0,246.614
216.063,237.588
216.134,208.886
216.269,128.257
216.343,86.1047
216.394,62.9482
216.441,45.7401
216.48,34.4493
216.516,26.5058
216.552,20.356
216.587,15.6591
216.62,12.4318
216.653,9.98406
216.69,7.91627
216.73,6.34515
216.772,5.17337
216.821,4.23103
216.877,3.50498
216.943,2.92736
217.016,2.4922
217.121,2.07302
217.247,1.74467
217.361,1.54404
217.501,1.37788
217.641,1.27096
217.828,1.19198
218.014,1.16657
218.219,1.18841
218.424,1.25864
218.68,1.42046
218.904,1.64805
219.116,1.96846
219.293,2.35177
219.46,2.86633
219.605,3.49065
219.728,4.23585
219.834,5.11606
219.923,6.11672
220.011,7.51528
220.082,9.12187
220.14,11.0349
220.193,13.5043
220.241,16.6517
220.284,20.7692
220.324,26.14
220.361,32.8075
220.398,41.8298
220.435,53.8407
220.472,69.6057
220.511,91.0228
220.55,118.31
220.597,160.206
220.65,219.352
220.729,327.622
220.856,512.507
220.925,583.265
220.991,612.188
221.0,612.636
221.066,589.685
221.134,523.611
221.257,348.109
221.34,231.489
221.394,168.317
221.442,124.762
221.485,93.1533
221.524,71.2746
221.563,54.4637
221.6,42.3002
221.637,33.1525
221.674,26.3388
221.711,21.2865
221.754,17.0839
221.801,13.7838
221.848,11.4452
221.907,9.38046
221.971,7.78557
222.045,6.48466
222.133,5.35352
222.248,4.30436
222.372,3.50082
222.513,2.83985
222.672,2.30414
222.858,1.85534
223.061,1.50256
223.296,1.20922
223.567,0.969396
223.85,0.789982
224.185,0.636945
224.556,0.516089
225.003,0.412545
225.475,0.335471
225.993,0.274807
226.558,0.226949
227.217,0.187108
227.991,0.154499
228.765,0.132831
229.497,0.11992
230.009,0.117219
230.409,0.121831
230.649,0.130825
230.809,0.142352
230.942,0.158927
231.022,0.17531
231.093,0.198913
231.147,0.22788
231.191,0.26561
231.227,0.31024
231.262,0.374252
231.298,0.466212
231.329,0.578595
231.36,0.731038
231.39,0.927253
231.42,1.18462
231.45,1.5175
231.485,2.02198
231.52,2.67544
231.56,3.63443
231.6,4.84462
231.649,6.67834
231.716,9.74146
231.858,16.8949
231.929,19.4133
231.996,20.3282
232.0,20.3312
232.06,19.6534
232.121,17.7663
232.208,13.6692
232.319,8.07035
232.374,5.74141
232.422,4.12935
232.461,3.08903
232.5,2.27377
232.534,1.72437
232.568,1.30459
232.598,1.01247
232.629,0.789373
232.656,0.635935
232.687,0.506806
232.72,0.403959
232.756,0.326295
232.791,0.271998
232.836,0.226099
232.889,0.19099
232.942,0.168373
233.027,0.145591
233.151,0.125193
233.307,0.109234
233.493,0.0968289
233.742,0.0861753
234.116,0.0764273
234.489,0.0703815
235.267,0.0634156
236.045,0.0593468
236.977,0.0571118
237.391,0.0568042
238.632,0.0586143
239.515,0.0628902
240.22,0.0687538
240.925,0.079019
241.5,0.0928123
241.911,0.107902
242.285,0.12819
242.601,0.15346
242.872,0.18497
243.106,0.224382
243.307,0.273173
243.484,0.334658
243.628,0.405691
243.751,0.490902
243.866,0.604097
243.948,0.718948
244.026,0.87564
244.088,1.05851
244.137,1.2706
244.18,1.53386
244.222,1.88729
244.257,2.31568
244.293,2.89947
244.329,3.69381
244.365,4.76743
244.4,6.15589
244.437,8.09391
244.474,10.6215
244.513,14.0509
244.556,18.884
244.606,25.8679
244.67,37.2374
244.859,76.7499
244.934,87.357
245.0,90.5291
245.064,87.4675
245.133,78.1157
245.245,55.2212
245.342,34.975
245.402,24.6321
245.451,17.9636
245.493,13.4533
245.534,10.0103
245.571,7.62698
245.608,5.80677
245.645,4.4411
245.681,3.45514
245.717,2.72708
245.753,2.19234
245.789,1.7997
245.832,1.46145
245.875,1.22246
245.924,1.02848
245.986,0.859629
246.068,0.707142
246.167,0.583364
246.274,0.489572
246.397,0.412244
246.545,0.346598
246.734,0.289365
246.96,0.244762
247.186,0.216103
247.366,0.200764
247.711,0.184182
248.056,0.179612
248.456,0.186417
248.855,0.206657
249.215,0.239777
249.495,0.279773
249.775,0.339064
250.018,0.415349
250.228,0.511164
250.394,0.618938
250.558,0.76849
250.697,0.952699
250.804,1.14954
250.904,1.40737
250.987,1.71368
251.054,2.06174
251.107,2.4493
251.161,2.99129
251.21,3.71545
251.255,4.63433
251.295,5.7528
251.335,7.2569
251.376,9.32469
251.416,11.998
251.46,15.8703
251.502,20.5707
251.548,27.2962
251.606,37.7742
251.68,54.8609
251.84,96.1545
251.923,111.382
251.993,116.448
252.0,116.494
252.064,112.915
252.133,101.844
252.24,75.7619
252.352,47.0381
252.417,33.2896
252.47,24.3868
252.518,18.1403
252.562,13.7316
252.602,10.6537
252.641,8.37137
252.681,6.59688
252.72,5.26915
252.766,4.16069
252.813,3.33722
252.866,2.68683
252.919,2.22939
252.986,1.82698
253.063,1.50438
253.146,1.25384
253.246,1.03554
253.359,0.855388
253.499,0.694643
253.652,0.56826
253.839,0.458368
254.059,0.367428
254.292,0.29934
254.558,0.243942
254.885,0.196433
255.258,0.159012
255.671,0.130424
256.111,0.109084
256.59,0.0925412
257.157,0.0788763
257.836,0.0679339
258.513,0.0611718
258.961,0.0589381
259.185,0.0587241
259.587,0.0610796
259.824,0.0660897
259.953,0.0718997
260.03,0.0781278
260.108,0.0892394
260.163,0.103076
260.211,0.122759
260.25,0.146456
260.288,0.180505
260.322,0.221948
260.356,0.277767
260.39,0.35193
260.424,0.448923
260.458,0.577586
260.5,0.775202
260.541,1.0292
260.587,1.38912
260.647,1.96467
260.736,3.02417
260.845,4.35825
260.925,5.04874
260.995,5.28317
261.0,5.28411
261.068,5.08807
261.14,4.50487
261.261,3.05402
261.353,1.96647
261.408,1.42933
261.458,1.03403
261.499,0.779137
261.54,0.580347
261.577,0.444509
261.613,0.340799
261.65,0.263193
261.686,0.206132
261.723,0.164788
261.759,0.135159
261.796,0.114058
261.842,0.0960111
261.893,0.0828519
261.96,0.0724306
262.06,0.0635957
262.194,0.0569803
262.394,0.0511945
262.661,0.0467393
262.928,0.0440468
263.729,0.0398208
265.064,0.037274
266.31,0.0367368
268.624,0.0381923
270.76,0.0418743
272.896,0.0483383
274.676,0.0569602
276.233,0.0685302
277.346,0.0805985
278.458,0.0979231
279.349,0.117898
280.194,0.145151
280.906,0.178212
281.507,0.217512
282.041,0.265787
282.566,0.331187
283.086,0.420227
283.687,0.558618
284.466,0.763742
284.986,0.85273
285.32,0.87058
285.97,0.860307
286.246,0.869585
286.602,0.926758
286.869,1.02587
287.091,1.16726
287.27,1.33951
287.448,1.59429
287.603,1.92661
287.737,2.34817
287.848,2.8674
287.931,3.4358
287.998,4.08549
288.057,4.89319
288.107,5.86852
288.154,7.15477
288.198,8.83779
288.243,11.1698
288.282,13.9343
288.322,17.7362
288.366,23.2537
288.41,30.5848
288.454,40.3333
288.5,53.1299
288.555,72.4827
288.62,101.135
288.731,161.722
288.846,223.357
288.926,252.457
289.0,261.968
289.076,251.701
289.163,219.0
289.373,104.575
289.437,75.3522
289.491,55.7296
289.54,41.6049
289.583,31.8956
289.626,24.3636
289.669,18.6427
289.712,14.3719
289.755,11.2243
289.795,9.08738
289.836,7.40249
289.884,6.0063
289.932,5.00329
289.986,4.18905
290.061,3.40423
290.135,2.8598
290.237,2.3377
290.362,1.89114
290.509,1.52961
290.679,1.23698
290.858,1.01966
291.079,0.830577
291.33,0.68159
291.581,0.576403
291.91,0.480233
292.304,0.403774
292.734,0.350395
293.242,0.312309
293.852,0.289932
294.258,0.286506
294.904,0.29786
295.55,0.332346
295.981,0.372637
296.441,0.43857
296.836,0.523661
297.201,0.64006
297.494,0.776148
297.763,0.955033
298.002,1.18386
298.206,1.46191
298.373,1.78286
298.517,2.16193
298.654,2.66806
298.762,3.21974
298.866,3.9668
298.952,4.84804
299.024,5.88223
299.093,7.29681
299.153,9.01792
299.207,11.1484
299.261,14.047
299.312,17.7766
299.365,22.8464
299.417,29.4837
299.477,39.1667
299.542,52.9691
299.621,73.4789
299.823,134.338
299.915,153.773
300.0,160.188
300.073,155.415
300.158,139.101
300.298,98.0011
300.413,64.1224
300.486,46.6153
300.55,34.4242
300.609,25.8611
300.663,19.9583
300.717,15.5226
300.772,12.2064
300.825,9.79845
300.885,7.8586
300.945,6.46105
301.014,5.29526
301.101,4.28209
301.187,3.56579
301.294,2.9229
301.424,2.37733
301.561,1.96299
301.711,1.63582
301.89,1.35255
302.093,1.12526
302.345,0.933056
302.596,0.805776
302.9,0.712956
303.194,0.676812
303.267,0.676388
303.501,0.704368
303.676,0.767581
303.817,0.865606
303.927,0.99903
304.01,1.16381
304.078,1.37987
304.134,1.639
304.188,2.01213
304.234,2.45694
304.279,3.06715
304.325,3.89626
304.371,5.00618
304.417,6.47585
304.466,8.52339
304.523,11.5264
304.585,15.6882
304.674,23.1048
304.832,37.1821
304.912,42.221
304.989,44.2775
305.0,44.309
305.077,42.6724
305.157,37.9612
305.294,25.9197
305.396,17.0882
305.465,12.2149
305.523,8.97833
305.572,6.81096
305.622,5.14183
305.666,4.01236
305.71,3.15451
305.756,2.48629
305.801,2.00357
305.847,1.64999
305.9,1.35398
305.96,1.11969
306.032,0.932586
306.114,0.78759
306.217,0.665324
306.355,0.556498
306.527,0.466704
306.733,0.395741
307.008,0.334927
307.352,0.287858
307.696,0.258325
308.15,0.234358
308.686,0.218938
309.511,0.211142
310.331,0.21633
311.151,0.232145
311.943,0.258278
312.803,0.301821
313.541,0.357341
314.237,0.432975
314.811,0.521022
315.33,0.631446
315.808,0.772722
316.217,0.939858
316.62,1.16794
316.955,1.43255
317.276,1.78714
317.538,2.19117
317.764,2.66317
317.977,3.2742
318.15,3.94445
318.325,4.87558
318.473,5.9568
318.602,7.2525
318.716,8.83392
318.815,10.6998
318.905,13.0767
318.987,16.134
319.055,19.7154
319.115,24.0432
319.17,29.3432
319.224,36.4281
319.276,45.3451
319.334,58.3945
319.391,75.6114
319.455,100.767
319.523,134.713
319.616,193.836
319.825,342.727
319.903,381.696
319.988,400.376
320.0,400.655
320.083,386.545
320.18,339.018
320.426,165.239
320.505,119.538
320.571,89.6852
320.628,69.2882
320.684,54.0687
320.739,42.4823
320.794,33.7841
320.849,27.2974
320.915,21.7018
320.983,17.5569
321.052,14.5639
321.142,11.7465
321.24,9.58915
321.355,7.80064
321.478,6.42065
321.625,5.22193
321.803,4.19452
321.994,3.40711
322.219,2.74653
322.458,2.24832
322.731,1.84273
323.018,1.54021
323.305,1.3234
323.701,1.1215
324.042,1.01475
324.452,0.958396
324.589,0.95767
324.846,0.985847
325.104,1.06556
325.297,1.17731
325.491,1.36267
325.641,1.59305
325.77,1.90111
325.857,2.21142
325.932,2.61213
325.993,3.09154
326.051,3.7563
326.101,4.60713
326.144,5.63494
326.187,7.05349
326.231,9.00639
326.273,11.588
326.314,15.0425
326.356,19.5945
326.402,26.0195
326.448,34.4473
326.501,47.0421
326.563,65.3371
326.645,96.0354
326.827,172.212
326.916,198.111
326.995,206.985
327.0,207.018
327.075,199.893
327.155,178.155
327.286,125.167
327.399,78.6731
327.461,57.5661
327.518,41.9621
327.567,31.404
327.614,23.56
327.657,17.9404
327.7,13.6518
327.741,10.5923
327.783,8.23524
327.825,6.49679
327.866,5.22177
327.914,4.17554
327.962,3.43619
328.021,2.8069
328.088,2.32047
328.172,1.91287
328.275,1.5767
328.405,1.28957
328.563,1.04944
328.735,0.867412
328.937,0.717911
329.186,0.589333
329.474,0.487433
329.828,0.401954
330.231,0.336347
330.701,0.284817
331.232,0.246308
331.895,0.216965
332.424,0.20442
332.954,0.200704
333.518,0.208179
333.893,0.222297
334.269,0.24775
334.551,0.278514
334.832,0.325528
335.067,0.384908
335.284,0.467269
335.461,0.567768
335.613,0.695013
335.721,0.826366
335.811,0.982505
335.884,1.16298
335.945,1.38576
335.996,1.64942
336.046,2.02886
336.09,2.49338
336.133,3.146
336.171,3.93179
336.209,4.98777
336.247,6.39677
336.285,8.25769
336.324,10.816
336.365,14.2248
336.41,19.145
336.458,25.8856
336.509,34.9236
336.572,49.1289
336.653,71.6812
336.827,124.512
336.913,143.164
336.993,149.933
337.0,149.975
337.081,143.957
337.162,127.416
337.301,85.8705
337.403,55.6055
337.47,39.384
337.52,29.479
337.567,22.098
337.612,16.5128
337.653,12.5941
337.694,9.5621
337.732,7.39247
337.769,5.73715
337.807,4.48884
337.845,3.55581
337.881,2.89084
337.925,2.30614
337.968,1.88868
338.019,1.5456
338.069,1.30494
338.134,1.08898
338.207,0.9224
338.297,0.775274
338.412,0.642097
338.564,0.520053
338.741,0.42162
338.922,0.350606
339.149,0.287032
339.406,0.236768
339.688,0.197646
340.063,0.161428
340.443,0.136062
340.974,0.111633
341.527,0.0944305
342.276,0.0785021
343.025,0.0674585
344.01,0.0574828
345.482,0.0476107
347.101,0.0405521
348.573,0.0362146
350.928,0.0317936
352.631,0.0300025
354.334,0.0293745
356.25,0.030469
357.394,0.0329424
358.152,0.0361587
358.657,0.0401553
359.004,0.044681
359.286,0.0505452
359.521,0.0584517
359.689,0.067619
359.793,0.0767704
359.871,0.0875227
359.937,0.101584
359.989,0.118786
360.035,0.140867
360.08,0.17288
360.12,0.211662
360.159,0.264933
360.198,0.337563
360.237,0.435537
360.276,0.565943
360.316,0.736851
360.357,0.97369
360.399,1.27747
360.446,1.71184
360.498,2.32245
360.564,3.2837
360.645,4.7501
360.82,8.23509
360.91,9.50346
360.993,9.96515
361.0,9.96799
361.075,9.63722
361.15,8.7138
361.269,6.49914
361.397,3.96007
361.468,2.7978
361.522,2.06608
361.575,1.50607
361.622,1.11919
361.664,0.855737
361.705,0.651761
361.742,0.509846
361.778,0.402587
361.815,0.320951
361.852,0.259515
361.893,0.208213
361.93,0.175725
361.972,0.148891
362.024,0.126105
362.088,0.108536
362.16,0.0966072
362.275,0.0859118
362.447,0.0778936
362.693,0.0730081
362.881,0.0718982
363.273,0.0738583
363.665,0.0800162
364.136,0.0927909
364.557,0.110508
364.908,0.132014
365.239,0.161159
365.507,0.194471
365.755,0.237324
365.974,0.290553
366.162,0.354048
366.332,0.434236
366.479,0.530144
366.604,0.644946
366.708,0.780072
366.796,0.942755
366.858,1.11087
366.921,1.35385
366.97,1.62689
367.018,2.01507
367.059,2.47095
367.102,3.12595
367.138,3.88558
367.175,4.88682
367.211,6.19772
367.252,8.13091
367.292,10.5585
367.335,14.0717
367.379,18.6169
367.426,25.0134
367.479,33.8725
367.538,46.5614
367.615,66.7251
367.826,129.642
367.919,148.496
368.0,154.122
368.078,148.81
368.156,134.032
368.281,98.1215
368.406,60.7043
368.48,42.23
368.538,30.8239
368.59,22.6192
368.638,16.7581
368.679,12.8492
368.721,9.74273
368.762,7.3754
368.799,5.79446
368.836,4.57864
368.87,3.69008
368.912,2.89146
368.954,2.31162
368.996,1.89008
369.044,1.53853
369.102,1.25317
369.163,1.04601
369.232,0.880934
369.319,0.736108
369.42,0.616274
369.546,0.508656
369.699,0.414187
369.866,0.340016
370.061,0.277501
370.291,0.224841
370.534,0.18479
370.82,0.151058
371.161,0.12255
371.532,0.100704
371.925,0.0841365
372.397,0.0699799
372.941,0.0585777
373.63,0.0487951
374.318,0.0419787
375.07,0.0368468
376.114,0.0322453
377.104,0.0297055
378.038,0.0285167
378.505,0.0283714
379.353,0.0292358
379.842,0.0309112
380.253,0.0339247
380.523,0.0377896
380.715,0.0429071
380.812,0.0473666
380.892,0.0533798
380.956,0.0610921
381.014,0.071902
381.066,0.0867153
381.113,0.106204
381.155,0.130425
381.197,0.163376
381.238,0.207671
381.28,0.266351
381.323,0.345292
381.368,0.452233
381.419,0.607434
381.475,0.828905
381.542,1.16696
381.625,1.6837
381.815,2.993
381.908,3.44672
381.992,3.61164
382.0,3.61277
382.082,3.47976
382.159,3.14006
382.284,2.32114
382.417,1.40974
382.49,0.996684
382.548,0.734983
382.6,0.547787
382.648,0.411879
382.693,0.316285
382.737,0.243078
382.781,0.188141
382.821,0.15115
382.865,0.120789
382.906,0.10034
382.954,0.0832318
383.002,0.071458
383.066,0.0612023
383.131,0.0547835
383.227,0.0490259
383.388,0.0440164
383.638,0.0403423
384.056,0.0382494
384.158,0.0381302
384.698,0.0389716
385.417,0.0428896
386.069,0.0493043
386.636,0.0578698
387.108,0.0680732
387.523,0.0808909
387.878,0.0965299
388.218,0.117754
388.502,0.142928
388.767,0.176338
388.985,0.215334
389.172,0.261921
389.335,0.317821
389.487,0.391814
389.609,0.475642
389.703,0.567114
389.787,0.687133
389.852,0.825913
389.907,0.994388
389.954,1.19967
390.0,1.48985
390.039,1.82454
390.078,2.27613
390.118,2.89832
390.156,3.6986
390.195,4.75516
390.233,6.13545
390.271,7.91625
390.314,10.4966
390.361,14.154
390.407,18.8413
390.457,25.1217
390.52,34.9606
390.601,50.9187
390.818,100.328
390.908,114.701
390.994,120.106
391.0,120.128
391.08,116.002
391.16,104.516
391.274,79.7806
391.418,46.8974
391.49,33.3124
391.552,23.824
391.603,17.6438
391.65,13.216
391.692,10.0841
391.734,7.64141
391.773,5.8926
391.811,4.59356
391.848,3.59485
391.886,2.83456
391.923,2.26017
391.964,1.79768
392.003,1.46998
392.049,1.18563
392.096,0.984229
392.151,0.818687
392.216,0.682054
392.291,0.57464
392.385,0.480978
392.497,0.4013
392.647,0.32605
392.821,0.264525
393.021,0.215087
393.239,0.176775
393.483,0.146287
393.788,0.119392
394.094,0.100498
394.507,0.0828074
394.92,0.0708412
395.416,0.0609786
395.939,0.0538507
396.724,0.047261
397.509,0.0437561
398.785,0.0423745
399.657,0.0434402
400.524,0.0460556
401.391,0.0509812
402.257,0.0589644
402.98,0.0693118
403.558,0.0814297
404.095,0.0976782
404.553,0.118183
404.928,0.14237
405.242,0.170779
405.534,0.208145
405.775,0.251382
405.982,0.302569
406.182,0.371697
406.347,0.452288
406.499,0.557068
406.622,0.681342
406.705,0.799425
406.788,0.970339
406.848,1.15361
406.9,1.37649
406.951,1.69391
406.994,2.06511
407.037,2.57478
407.081,3.29168
407.124,4.23435
407.166,5.50693
407.208,7.20609
407.25,9.44417
407.292,12.3461
407.339,16.4706
407.39,22.3951
407.442,29.9239
407.504,41.2388
407.584,59.4672
407.81,119.583
407.906,137.773
407.993,144.136
408.0,144.167
408.088,138.433
408.176,122.65
408.32,85.0681
408.434,54.9413
408.51,38.4788
408.566,28.5399
408.622,20.7717
408.672,15.4704
408.718,11.58
408.759,8.90358
408.801,6.83518
408.84,5.31714
408.882,4.11802
408.923,3.2249
408.964,2.5644
409.006,2.07759
409.047,1.71846
409.099,1.39662
409.159,1.1402
409.219,0.964303
409.305,0.794045
409.395,0.673482
409.515,0.559581
409.66,0.46377
409.832,0.383562
410.049,0.313907
410.259,0.267028
410.535,0.224455
410.865,0.190954
411.262,0.166047
411.789,0.148339
412.317,0.141591
412.493,0.141148
413.074,0.145203
413.655,0.157612
414.236,0.17989
414.744,0.210347
415.209,0.251486
415.601,0.301565
415.95,0.364525
416.255,0.441749
416.516,0.533432
416.778,0.66207
416.996,0.813969
417.192,1.0069
417.344,1.21571
417.497,1.50855
417.62,1.84914
417.711,2.20197
417.802,2.707
417.867,3.22809
417.932,3.9637
417.991,4.89243
418.041,6.0156
418.092,7.54415
418.141,9.53553
418.19,12.194
418.239,15.7033
418.292,20.6521
418.349,27.628
418.406,36.7257
418.467,48.8675
418.547,68.6268
418.689,111.646
418.814,148.505
418.904,167.096
418.996,174.38
419.0,174.394
419.093,167.454
419.198,145.353
419.453,68.5608
419.532,49.1558
419.597,36.2029
419.657,26.9311
419.709,20.5907
419.761,15.6962
419.813,11.9962
419.866,9.24652
419.918,7.22796
419.966,5.86175
420.017,4.78683
420.075,3.89705
420.133,3.25767
420.198,2.73774
420.289,2.235
420.398,1.82729
420.529,1.49302
420.681,1.22327
420.859,1.00469
421.041,0.847591
421.259,0.714753
421.509,0.61062
421.785,0.535545
422.13,0.481247
422.544,0.458422
422.573,0.45834
422.882,0.469731
423.19,0.505888
423.489,0.571522
423.768,0.67279
424.0,0.803537
424.192,0.962442
424.349,1.14737
424.48,1.36182
424.599,1.636
424.701,1.97343
424.782,2.36572
424.853,2.86444
424.913,3.46413
424.971,4.29897
425.022,5.32812
425.073,6.75449
425.122,8.66218
425.169,11.0826
425.215,14.2831
425.262,18.4566
425.311,24.187
425.364,31.9742
425.425,43.6135
425.491,59.6076
425.577,85.3688
425.8,162.489
425.893,185.905
425.984,195.995
426.0,196.22
426.091,188.673
426.188,165.84
426.456,74.9191
426.532,53.5277
426.599,38.7933
426.658,28.5111
426.709,21.6261
426.756,16.7431
426.802,12.9585
426.849,10.0707
426.898,7.7786
426.942,6.27012
426.992,4.96716
427.043,4.0255
427.101,3.25846
427.168,2.64779
427.238,2.20636
427.325,1.8227
427.418,1.53406
427.534,1.27398
427.674,1.04926
427.854,0.843262
428.058,0.680039
428.267,0.559708
428.511,0.45792
428.79,0.37421
429.116,0.304459
429.487,0.247857
429.883,0.2047
430.371,0.166673
430.929,0.136235
431.58,0.11143
432.294,0.0924667
433.072,0.0778881
434.161,0.064088
435.177,0.0554159
436.551,0.0478319
438.062,0.0430184
439.745,0.0408046
440.191,0.0407421
441.306,0.0416381
442.422,0.0445081
443.426,0.0499342
444.179,0.0574065
444.709,0.0660858
445.127,0.0766729
445.476,0.0899519
445.755,0.105591
446.006,0.126167
446.215,0.151314
446.382,0.180369
446.522,0.215018
446.633,0.254705
446.724,0.30084
446.808,0.362872
446.881,0.443229
446.944,0.54348
447.003,0.678751
447.059,0.858225
447.108,1.07241
447.156,1.357
447.205,1.73118
447.258,2.26378
447.312,2.96595
447.366,3.85942
447.434,5.30648
447.509,7.31868
447.621,10.985
447.785,16.7448
447.883,19.2992
447.978,20.4543
448.0,20.4984
448.092,19.7426
448.178,17.8104
448.312,13.3813
448.46,8.2502
448.544,5.85553
448.607,4.40739
448.67,3.24788
448.725,2.46801
448.781,1.86275
448.831,1.44968
448.881,1.13685
448.927,0.919748
448.98,0.735269
449.032,0.600422
449.093,0.487866
449.154,0.408531
449.232,0.33801
449.318,0.285917
449.415,0.244662
449.537,0.208697
449.687,0.178032
449.897,0.149343
450.148,0.127209
450.44,0.110922
450.789,0.0991607
451.207,0.0913424
451.681,0.087385
452.016,0.0866523
452.727,0.089038
453.439,0.0958027
454.167,0.107182
454.928,0.124886
455.689,0.151112
456.338,0.183928
456.891,0.224175
457.377,0.274789
457.772,0.332945
458.15,0.411879
458.466,0.506548
458.742,0.624876
458.98,0.769761
459.183,0.946791
459.352,1.15632
459.487,1.39253
459.6,1.67077
459.696,2.01233
459.781,2.45977
459.849,2.98911
459.908,3.655
459.959,4.45118
460.008,5.50868
460.057,6.949
460.107,8.90249
460.153,11.3568
460.204,14.8988
460.255,19.5605
460.306,25.5747
460.362,34.1091
460.425,46.2571
460.501,64.546
460.605,95.5121
460.797,157.051
460.901,180.297
460.997,188.288
461.0,188.297
461.09,181.617
461.19,160.689
461.349,110.701
461.477,70.6636
461.558,50.1135
461.626,36.2299
461.683,27.3071
461.739,20.3739
461.789,15.7108
461.838,12.1347
461.887,9.43858
461.937,7.43423
461.986,5.95985
462.038,4.83048
462.095,3.96671
462.151,3.36143
462.219,2.86212
462.309,2.43459
462.413,2.13527
462.53,1.93262
462.705,1.78123
462.821,1.74978
462.971,1.77613
463.121,1.87662
463.309,2.12555
463.469,2.49218
463.587,2.91455
463.682,3.41126
463.765,4.04245
463.832,4.77197
463.895,5.73678
463.958,7.10614
464.013,8.78423
464.071,11.1851
464.124,14.2372
464.177,18.3195
464.23,23.7012
464.286,31.0777
464.346,41.2779
464.415,56.2623
464.493,77.8141
464.608,117.137
464.798,185.538
464.896,210.201
464.995,219.91
465.0,219.929
465.095,211.762
465.186,190.155
465.339,136.454
465.481,85.8449
465.562,61.9398
465.633,45.2437
465.695,33.9027
465.751,25.7597
465.808,19.5251
465.859,15.3061
465.909,12.0871
465.96,9.65553
466.01,7.82956
466.066,6.35029
466.129,5.13446
466.2,4.17679
466.283,3.4081
466.381,2.78468
466.5,2.27315
466.634,1.86842
466.8,1.51591
466.993,1.22745
467.218,0.992535
467.455,0.817562
467.747,0.66539
468.079,0.546304
468.41,0.463759
468.789,0.399172
469.168,0.357309
469.547,0.333366
469.926,0.325911
470.343,0.339691
470.692,0.376341
470.97,0.43295
471.173,0.500241
471.341,0.583247
471.474,0.680273
471.597,0.813513
471.686,0.962008
471.753,1.12662
471.808,1.32219
471.864,1.60079
471.914,1.9576
471.961,2.41721
472.005,3.02039
472.05,3.83718
472.094,4.93536
472.139,6.39684
472.185,8.4087
472.23,10.9208
472.28,14.5708
472.33,19.2481
472.384,25.578
472.449,35.1829
472.527,49.5608
472.658,79.256
472.814,114.128
472.914,128.765
473.0,133.091
473.095,127.787
473.19,113.189
473.357,75.4456
473.475,49.1168
473.549,35.4399
473.611,26.2775
473.666,19.6091
473.718,14.6983
473.768,11.0146
473.813,8.476
473.858,6.51135
473.898,5.12273
473.943,3.96742
473.988,3.10591
474.032,2.46827
474.077,1.99814
474.129,1.60303
474.184,1.30721
474.249,1.07107
474.314,0.90861
474.407,0.750644
474.504,0.638093
474.634,0.530972
474.789,0.440003
474.975,0.36289
475.209,0.294685
475.473,0.241152
475.762,0.19962
476.1,0.165212
476.527,0.134854
477.032,0.110197
477.613,0.0907179
478.249,0.0757749
478.98,0.0634963
479.899,0.0528377
481.001,0.0438326
482.287,0.0366326
483.757,0.031119
485.15,0.0276905
487.125,0.0251389
487.952,0.0248467
489.193,0.0256637
490.124,0.0276794
490.898,0.0308275
491.593,0.0358278
492.173,0.0426251
492.627,0.0509328
493.022,0.0618301
493.323,0.0739121
493.587,0.0888195
493.806,0.106089
494.007,0.127904
494.204,0.158386
494.367,0.194872
494.499,0.238034
494.586,0.279685
494.663,0.331915
494.727,0.395258
494.782,0.472513
494.837,0.583028
494.884,0.716956
494.931,0.902798
494.972,1.1213
495.016,1.43647
495.06,1.85997
495.104,2.42346
495.147,3.16419
495.191,4.1244
495.241,5.52423
495.29,7.3272
495.346,9.96262
495.408,13.5922
495.48,18.9632
495.574,27.5945
495.789,49.663
495.892,57.1971
495.99,60.1111
496.0,60.1361
496.09,58.0413
496.178,52.4159
496.322,38.4262
496.47,23.3396
496.549,16.7073
496.611,12.3778
496.669,9.16118
496.721,6.88781
496.773,5.11079
496.82,3.8633
496.862,2.99069
496.904,2.31303
496.947,1.79338
496.989,1.39923
497.034,1.08417
497.074,0.881492
497.121,0.701125
497.168,0.571029
497.222,0.463506
497.282,0.382824
497.348,0.321266
497.423,0.272354
497.517,0.229615
497.639,0.190719
497.78,0.158721
497.95,0.13094
498.163,0.106019
498.413,0.0855122
498.658,0.0712337
498.959,0.0585326
499.31,0.0480454
499.655,0.040861
499.914,0.0373206
500.0,0.0365018
500.0,7.95494
541.027,7.5345
577.017,7.20768
618.239,6.87323
671.61,6.49231
731.915,6.1176
791.308,5.79516
857.609,5.48044
905.971,5.27571
967.62,5.04011
1044.27,4.78084
1132.64,4.51962
1216.07,4.30279
1294.1,4.12162
1399.39,3.90452
1494.08,3.73164
1607.08,3.54811
1697.4,3.4164
1842.5,3.22796
2000.0,3.04991
2151.15,2.90432
2286.41,2.78782
2447.07,2.66358
2631.75,2.5366
2809.85,2.42751
3000.0,2.3231
3288.4,2.19253
3550.98,2.0889
3868.16,1.97926
4224.94,1.87221
4486.89,1.80256
4822.75,1.7224
5000.0,1.68366
5438.79,1.60452
5931.65,1.5268
6520.4,1.4463
7000.0,1.38872
7652.86,1.327
8182.15,1.28251
9045.53,1.21856
10000.0,1.1578
10905.1,1.11562
12160.7,1.06475
13322.1,1.02396
14746.4,0.980368
15913.7,0.948897
17840.3,0.903575
20000.0,0.860418
22133.6,0.828511
23882.0,0.805359
26766.7,0.771839
30000.0,0.739714
33676.8,0.708587
37121.0,0.683463
41756.4,0.654341
44286.9,0.640249
50000.0,0.688657
53705.0,0.66123
60000.0,0.618242
60000.0,0.618225
77500.0,0.522744
97400.4,0.453133
124900.0,0.393792
162019.0,0.344036
211803.0,0.30706
286633.0,0.275896
400000.0,0.252261
548882.0,0.242634
600000.0,0.241552
800000.0,0.218921
1000000.0,0.211999
1200000.0,0.17352
1474350.0,0.141284
1924500.0,0.0992236
2193860.0,0.0783372
2460890.0,0.0630849
2737390.0,0.0492825
3042130.0,0.0381206
3282850.0,0.030915
3657720.0,0.0224982
3925400.0,0.0179661
4241420.0,0.0136153
4586010.0,0.0100938
4859430.0,0.00789228
5201310.0,0.00581382
5463090.0,0.0046165
5757020.0,0.00359906
6030170.0,0.0028855
6357540.0,0.00227511
6560770.0,0.00199005
7121780.0,0.00143856
7500000.0,0.00113498
8000000.0,0.00106329
8500000.0,0.00104651
9500000.0,0.00105935
1.175E7,9.98968E-4
1.225E7,9.55562E-4
1.26866E7,8.89751E-4
1.42478E7,6.00403E-4
1.5124E7,4.82586E-4
1.6E7,3.99479E-4
1.69986E7,3.34023E-4
1.8E7,2.87468E-4
1.95E7,2.40626E-4
2.13728E7,2.04954E-4
2.35E7,1.8012E-4
2.6E7,1.61997E-4
3.0E7,1.44955E-4
