94-Pu-242(n,&gamma;) ENDF/B-VII.1
1.0E-5,1055.01
1.31241E-5,920.919
1.70876E-5,807.076
2.2426E-5,704.505
2.91987E-5,617.418
3.83206E-5,538.945
4.98935E-5,472.327
6.54808E-5,412.299
8.52562E-5,361.343
1.11891E-4,315.422
1.45682E-4,276.435
1.91195E-4,241.314
2.48937E-4,211.492
3.26707E-4,184.614
4.25373E-4,161.804
5.58264E-4,141.247
7.26861E-4,123.806
9.53941E-4,108.085
0.00124203,94.7355
0.00163006,82.7132
0.00212234,72.511
0.00278538,63.3195
0.00362657,55.527
0.00475955,48.5945
0.00619694,42.6255
0.00813293,37.2418
0.0105891,32.7312
0.0138972,28.5936
0.0180942,25.1114
0.0234661,22.1544
0.0253,21.3302
0.033204,18.6935
0.0432317,16.4827
0.0617907,13.9461
0.0810948,12.3036
0.115908,10.5208
0.150913,9.42286
0.198059,8.48039
0.283085,7.5153
0.368577,7.00426
0.526803,6.62756
0.569844,6.58784
0.731856,6.70488
0.947872,7.32974
1.12338,8.2275
1.2854,9.48298
1.45416,11.4546
1.59592,13.9108
1.71743,16.9594
1.81869,20.5254
1.89969,24.4501
1.9807,29.8114
2.05158,36.2962
2.11571,44.3881
2.17478,54.7338
2.22878,67.9598
2.27603,84.1242
2.3178,104.104
2.35577,129.514
2.38995,161.717
2.41843,199.157
2.44374,245.016
2.468,306.265
2.48867,379.399
2.50707,470.049
2.52243,574.501
2.53728,714.649
2.54909,869.037
2.5609,1084.38
2.57069,1337.29
2.57879,1629.3
2.58656,2020.93
2.59364,2526.64
2.59955,3108.42
2.60588,3961.92
2.61145,4977.77
2.61702,6311.61
2.62326,8265.56
2.6301,11033.0
2.63837,15251.6
2.65946,27534.1
2.66871,31024.7
2.67576,31883.9
2.68302,30935.7
2.69166,27669.0
2.70773,18403.8
2.71802,12681.6
2.72528,9425.45
2.73169,7165.4
2.7376,5559.7
2.74351,4341.01
2.74958,3409.27
2.75566,2724.74
2.76198,2202.6
2.76882,1791.98
2.77641,1461.82
2.7857,1174.55
2.79582,952.55
2.80763,767.74
2.82114,617.256
2.83531,503.241
2.85253,403.301
2.87075,327.091
2.89202,262.735
2.91564,211.18
2.94264,168.815
2.97133,136.341
3.00509,108.789
3.03884,88.7621
3.07934,71.2128
3.12406,57.2474
3.17722,45.3209
3.23123,36.5931
3.2903,29.6123
3.35443,24.0444
3.42531,19.5119
3.51306,15.4509
3.60757,12.3364
3.71558,9.78023
3.82359,7.9264
3.95184,6.32431
4.08685,5.10673
4.22186,4.19894
4.39063,3.36548
4.57964,2.68715
4.78216,2.16254
4.99104,1.76644
5.23475,1.4236
5.51326,1.14727
5.68733,1.00727
5.96585,0.833266
6.24437,0.700574
6.59251,0.575646
7.01029,0.464075
7.49769,0.372233
8.12435,0.290029
8.68138,0.238737
9.35219,0.194636
10.0348,0.162463
10.8313,0.136193
11.5139,0.120577
12.1966,0.111611
12.5379,0.109533
13.0668,0.113828
13.3646,0.124489
13.5631,0.139387
13.712,0.158995
13.8279,0.183552
13.9271,0.216217
14.0099,0.257896
14.0747,0.306158
14.1326,0.368637
14.1808,0.443413
14.2243,0.539472
14.2615,0.657134
14.2925,0.795819
14.3215,0.980599
14.3422,1.16726
14.3601,1.39205
14.3773,1.70373
14.3911,2.06934
14.4028,2.51453
14.4139,3.10849
14.4235,3.83196
14.4332,4.8231
14.4428,6.17794
14.4523,7.98438
14.462,10.4305
14.4716,13.6437
14.4814,17.8387
14.493,24.199
14.5057,33.0397
14.5222,47.3751
14.5625,87.2472
14.5796,99.6376
14.5967,105.16
14.5998,105.294
14.6154,101.83
14.6314,91.9111
14.6568,68.0534
14.6833,42.0151
14.6979,30.1764
14.7103,22.125
14.7202,17.0064
14.7302,12.96
14.7393,10.0703
14.7492,7.66244
14.7579,6.07144
14.7666,4.85982
14.7765,3.83209
14.7861,3.10451
14.7972,2.50606
14.8096,2.03511
14.8241,1.65827
14.8413,1.35433
14.862,1.10666
14.8854,0.911925
14.9144,0.743109
14.9482,0.605401
14.9874,0.493441
15.0288,0.410017
15.0826,0.333908
15.1405,0.277171
15.2081,0.231076
15.2839,0.195134
15.3832,0.163199
15.5086,0.136841
15.6658,0.11594
15.8492,0.100652
16.1112,0.0873842
16.3208,0.0806854
16.7756,0.0718436
17.5336,0.0648004
18.4432,0.062347
19.3042,0.0651256
20.0013,0.0733152
20.4196,0.0837876
20.7682,0.0991743
20.9774,0.114001
21.1727,0.134565
21.3401,0.16085
21.477,0.192256
21.6013,0.233398
21.7078,0.284412
21.7991,0.34684
21.879,0.424081
21.9526,0.525354
22.0147,0.647218
22.0705,0.802344
22.1162,0.980486
22.1593,1.21671
22.1948,1.49116
22.2252,1.82186
22.2487,2.17873
22.2709,2.66147
22.2886,3.2283
22.3042,3.9535
22.3175,4.8517
22.3302,6.07267
22.3412,7.56651
22.3523,9.616
22.3634,12.4168
22.3736,15.8389
22.3837,20.3053
22.3951,26.8758
22.4072,35.9657
22.4186,46.9713
22.4331,64.6755
22.4495,90.2505
22.4722,133.802
22.5164,225.116
22.5387,256.732
22.5598,267.384
22.5793,258.22
22.6006,229.646
22.6343,161.658
22.663,103.161
22.6812,72.5899
22.6961,52.8353
22.7086,39.6492
22.72,30.2123
22.7312,23.0231
22.7426,17.4126
22.7528,13.6283
22.7629,10.744
22.774,8.39126
22.7851,6.671
22.7962,5.41435
22.8089,4.38133
22.8231,3.56824
22.8365,3.02838
22.8555,2.48446
22.8745,2.10248
22.903,1.69971
22.9316,1.415
22.9658,1.16558
23.0102,0.934871
23.0609,0.750254
23.1116,0.618255
23.1738,0.501839
23.2473,0.404818
23.3234,0.33363
23.4122,0.27411
23.5187,0.223874
23.643,0.183389
23.7799,0.152501
23.9473,0.126631
24.1426,0.106418
24.3507,0.0917977
24.6282,0.0786642
24.975,0.0684915
25.3912,0.0607839
25.8074,0.0562074
26.3623,0.0520192
27.1021,0.0491819
28.5819,0.0474941
30.3957,0.0491358
32.7464,0.0547782
34.6258,0.0629551
35.6997,0.0703003
36.7736,0.0804343
37.579,0.0921936
38.2837,0.108729
38.7543,0.126902
39.0316,0.143243
39.3082,0.16727
39.529,0.196375
39.7131,0.232819
39.8751,0.281154
39.9966,0.334594
40.1107,0.407987
40.199,0.490453
40.2819,0.601673
40.3463,0.725069
40.4015,0.872326
40.4493,1.04929
40.4935,1.27931
40.5303,1.5554
40.5598,1.87633
40.5846,2.27236
40.604,2.71535
40.6233,3.34944
40.6399,4.12426
40.656,5.1778
40.6698,6.40748
40.6836,8.03977
40.6974,10.1915
40.7122,13.2345
40.7278,17.4749
40.7435,22.9976
40.76,30.4856
40.7781,40.7916
40.7998,56.3239
40.8293,82.2849
40.8867,137.903
40.9191,160.423
40.9471,168.092
40.9497,168.153
40.978,161.593
41.0089,141.269
41.0899,64.6086
41.1149,45.292
41.1342,33.4273
41.1525,24.6396
41.169,18.4711
41.1839,14.1904
41.1985,10.9793
41.2132,8.51306
41.2279,6.66939
41.2427,5.30307
41.2583,4.24121
41.2744,3.45191
41.2905,2.87983
41.3089,2.40779
41.331,2.00822
41.3568,1.68313
41.389,1.40012
41.4304,1.14846
41.4764,0.952743
41.5316,0.786564
41.5942,0.653692
41.6715,0.539332
41.7617,0.448187
41.8629,0.378555
41.9955,0.31823
42.128,0.278534
42.3194,0.242047
42.5108,0.219969
42.798,0.201581
43.1511,0.192138
43.4086,0.190729
43.9738,0.196578
44.7397,0.217745
45.5425,0.25291
46.3453,0.304274
47.1481,0.37617
47.8601,0.469657
48.4091,0.571043
48.9032,0.695206
49.3607,0.85238
49.8182,1.07221
50.1842,1.31825
50.5045,1.61323
50.8247,2.02231
51.113,2.54045
51.3371,3.09961
51.5693,3.90256
51.7672,4.86746
51.9433,6.06931
52.0989,7.55031
52.2316,9.2955
52.3597,11.6369
52.4718,14.5127
52.5747,18.2337
52.6548,22.2456
52.7348,27.7941
52.8035,34.4626
52.8611,42.2219
52.9156,52.4475
52.9622,64.8812
53.0007,79.387
53.0327,96.377
53.0583,115.086
53.0812,137.614
53.1059,171.03
53.1278,212.088
53.1498,268.118
53.1709,340.675
53.1928,441.968
53.2143,572.695
53.2367,748.539
53.2624,1004.94
53.2951,1419.32
53.3923,2888.4
53.4274,3242.3
53.4597,3356.53
53.4878,3269.66
53.5204,2971.99
53.5707,2246.89
53.6247,1417.27
53.6567,1011.79
53.6814,762.582
53.7055,572.863
53.7281,436.254
53.7487,341.892
53.7711,264.969
53.794,207.761
53.8169,166.332
53.8425,133.118
53.8699,107.985
53.8974,89.9334
53.9303,74.239
53.9715,60.2918
54.0209,48.5316
54.0731,39.6705
54.1371,31.8525
54.2035,26.0136
54.2835,20.9113
54.375,16.746
54.4711,13.5954
54.5809,10.9829
54.7067,8.82617
54.8508,7.05445
55.011,5.64612
55.194,4.49852
55.3815,3.65115
55.6012,2.93191
55.8391,2.36938
56.0953,1.92893
56.3789,1.56962
56.6992,1.27293
57.0743,1.02202
57.477,0.828182
57.8796,0.685107
58.3828,0.554469
58.9451,0.449473
59.5948,0.364864
60.3086,0.298249
61.0205,0.252602
61.7323,0.221261
62.5864,0.198291
63.2983,0.191374
63.941,0.197639
64.3702,0.210322
64.8,0.235706
65.1102,0.266171
65.3957,0.308644
65.6337,0.360724
65.8593,0.433511
66.0527,0.52472
66.2185,0.637173
66.3636,0.777218
66.4879,0.946345
66.6053,1.17195
66.702,1.43382
66.7918,1.77563
66.8643,2.16119
66.9265,2.61401
66.9887,3.24807
67.0405,4.01247
67.0819,4.91049
67.1096,5.76806
67.1372,6.99021
67.1614,8.55371
67.1821,10.4766
67.2011,12.9457
67.2192,16.2
67.2374,20.6644
67.2555,26.7607
67.2728,34.5598
67.29,44.8446
67.3073,58.2176
67.3267,77.7599
67.3479,105.494
67.3686,140.169
67.3928,190.884
67.4239,272.306
67.4788,448.079
67.5302,607.58
67.5655,681.214
67.5997,706.803
67.6345,680.536
67.6698,606.431
67.7271,427.205
67.7779,266.611
67.8072,190.461
67.8314,139.952
67.8539,102.875
67.8733,77.7634
67.8927,58.2678
67.91,44.914
67.9272,34.6329
67.9445,26.8273
67.9626,20.7178
67.9808,16.2375
67.9989,12.9673
68.0179,10.4834
68.0386,8.54729
68.0628,6.97248
68.0904,5.74206
68.125,4.70321
68.1681,3.82973
68.2199,3.11096
68.2735,2.58006
68.346,2.06477
68.4289,1.6527
68.5118,1.35786
68.6085,1.10782
68.719,0.901621
68.8399,0.738598
68.9746,0.606795
69.1438,0.488661
69.3131,0.404254
69.5333,0.32604
69.7903,0.262944
70.0365,0.220385
70.3543,0.181076
70.6992,0.15064
71.1349,0.123814
71.6433,0.10234
72.1516,0.0873854
72.8778,0.0723683
73.6766,0.060952
74.6933,0.0510497
75.8552,0.0434631
77.0171,0.0380187
78.4695,0.0333035
80.0043,0.0301278
80.9581,0.0285345
82.8657,0.0274495
83.8195,0.0281019
84.9223,0.0309542
85.5184,0.0346281
85.9655,0.0393372
86.3182,0.0456855
86.6205,0.0543831
86.8609,0.065179
87.0395,0.0772983
87.1884,0.0918064
87.3216,0.110301
87.4322,0.131966
87.5243,0.156915
87.6193,0.193065
87.6959,0.234627
87.7568,0.280818
87.8064,0.33286
87.8461,0.390831
87.8809,0.462999
87.9127,0.560972
87.9376,0.67304
87.9588,0.808822
87.9801,0.999293
87.9978,1.21715
88.0155,1.50866
88.0332,1.89788
88.0502,2.39122
88.0673,3.03425
88.0843,3.86455
88.1041,5.1273
88.1247,6.84566
88.1459,9.15566
88.1693,12.4341
88.1955,17.1553
88.2239,23.5948
88.26,33.7387
88.3638,67.521
88.4069,77.368
88.4473,80.9279
88.4498,80.9402
88.4863,78.3321
88.5226,71.0717
88.5747,55.2528
88.6456,31.9425
88.6796,22.6691
88.708,16.427
88.7328,12.094
88.7562,8.89966
88.7775,6.65309
88.7959,5.13655
88.8157,3.87445
88.8327,3.04371
88.8498,2.39967
88.8668,1.90502
88.8845,1.5143
88.9022,1.22133
88.9199,1.00215
88.9412,0.810344
88.9624,0.673518
88.9873,0.560573
89.0114,0.482467
89.0454,0.40476
89.0879,0.338412
89.1418,0.280442
89.2098,0.229463
89.2892,0.187812
89.3799,0.154274
89.482,0.127578
89.6067,0.104731
89.7428,0.0873765
89.9016,0.0732431
90.0957,0.0614113
90.3188,0.0522745
90.542,0.0460385
90.8447,0.0402712
91.2482,0.0353401
91.7527,0.0319117
92.1563,0.0300994
93.1249,0.0281946
93.6092,0.0279133
95.3849,0.0295646
96.7741,0.0332143
97.8854,0.0379581
98.9967,0.0448935
99.9691,0.0541849
100.803,0.0658588
101.497,0.0797593
102.122,0.0975004
102.747,0.122582
103.216,0.149742
103.633,0.183232
103.998,0.223567
104.371,0.280877
104.65,0.340957
104.934,0.425006
105.188,0.530918
105.412,0.662725
105.6,0.816335
105.778,1.01905
105.934,1.26782
106.078,1.59054
106.198,1.96658
106.303,2.42382
106.4,3.01732
106.486,3.74896
106.559,4.6348
106.62,5.6847
106.665,6.78265
106.708,8.27451
106.742,10.0216
106.772,12.2269
106.798,15.0118
106.824,18.8543
106.847,23.6656
106.871,30.2484
106.893,38.8683
106.917,50.7305
106.94,66.9495
106.965,89.0458
106.99,118.525
107.017,159.927
107.048,218.064
107.084,305.293
107.135,456.263
107.222,735.18
107.271,844.437
107.317,884.101
107.32,884.208
107.365,849.756
107.412,749.964
107.494,493.142
107.549,323.183
107.585,232.682
107.617,169.924
107.644,125.925
107.669,95.6865
107.693,72.198
107.716,55.1173
107.738,43.0679
107.759,33.8508
107.78,26.8664
107.802,21.6085
107.826,17.1839
107.852,13.8543
107.881,11.1822
107.91,9.31056
107.942,7.86103
107.985,6.48895
108.036,5.34793
108.098,4.37332
108.171,3.55694
108.257,2.87537
108.359,2.29472
108.462,1.8775
108.589,1.5044
108.725,1.21653
108.876,0.9857
109.047,0.796791
109.247,0.638069
109.462,0.51593
109.696,0.419236
109.952,0.342091
110.258,0.275531
110.604,0.222132
110.999,0.178103
111.415,0.144961
111.89,0.117745
112.445,0.0951883
113.039,0.0782768
113.693,0.0647225
114.485,0.0531336
115.278,0.0449176
116.308,0.0375528
117.259,0.0331403
118.289,0.0295952
119.24,0.0274405
120.901,0.0257345
121.294,0.0256711
122.603,0.0265164
123.912,0.0293482
124.893,0.0332355
125.679,0.0384513
126.268,0.0442735
126.84,0.0524272
127.413,0.0642687
127.838,0.0772347
128.231,0.0943189
128.558,0.114421
128.867,0.140885
129.11,0.169804
129.351,0.209631
129.56,0.258219
129.758,0.322807
129.913,0.393635
130.062,0.487921
130.191,0.601681
130.304,0.739715
130.403,0.906765
130.487,1.10397
130.566,1.35932
130.626,1.63578
130.681,1.99342
130.723,2.40354
130.759,2.921
130.787,3.49818
130.816,4.31288
130.84,5.28692
130.863,6.52466
130.887,8.36027
130.908,10.4701
130.93,13.2212
130.951,16.7779
130.975,22.0709
131.0,29.3016
131.025,38.6533
131.053,51.8295
131.083,70.1335
131.116,94.9759
131.16,136.796
131.29,284.139
131.345,329.019
131.395,345.29
131.4,345.446
131.445,334.012
131.49,302.196
131.563,224.234
131.642,134.446
131.682,96.522
131.716,70.3972
131.747,52.0721
131.774,38.8688
131.799,29.6538
131.823,22.61
131.847,17.1973
131.871,13.1036
131.896,10.0494
131.92,7.79533
131.944,6.14379
131.968,4.93763
131.992,4.05525
132.018,3.38199
132.048,2.80215
132.083,2.33046
132.123,1.95593
132.174,1.6293
132.234,1.35277
132.307,1.11445
132.399,0.897075
132.496,0.734532
132.609,0.597024
132.746,0.47784
132.887,0.389993
133.06,0.312698
133.258,0.25063
133.463,0.204594
133.689,0.168001
133.968,0.135773
134.289,0.109828
134.61,0.0914198
135.011,0.0753759
135.492,0.0618903
136.054,0.0514158
136.695,0.0436886
137.337,0.0388019
138.069,0.035561
138.801,0.0342023
139.589,0.0355025
139.99,0.037981
140.231,0.0413036
140.396,0.0453124
140.534,0.0509825
140.631,0.0579539
140.686,0.0648357
140.734,0.0750192
140.769,0.0869435
140.796,0.101247
140.824,0.122048
140.848,0.147918
140.872,0.183745
140.895,0.230537
140.919,0.296591
140.943,0.385204
140.967,0.502257
140.992,0.654253
141.018,0.869939
141.047,1.17317
141.08,1.61843
141.113,2.17667
141.16,3.15408
141.29,6.32061
141.347,7.29894
141.398,7.62769
141.4,7.62817
141.45,7.33957
141.499,6.54322
141.576,4.71131
141.648,2.96409
141.69,2.12522
141.726,1.53276
141.757,1.13161
141.785,0.848231
141.811,0.641107
141.836,0.48951
141.861,0.373838
141.885,0.28715
141.91,0.223218
141.935,0.176724
141.957,0.146472
141.982,0.12169
142.007,0.104062
142.04,0.0881703
142.073,0.0779119
142.122,0.068532
142.172,0.0629447
142.238,0.0582728
142.371,0.0529955
142.503,0.050193
142.768,0.0479316
142.856,0.0477398
143.358,0.0494428
143.859,0.0539961
144.48,0.0631971
145.148,0.0786047
145.625,0.09488
146.049,0.115496
146.433,0.14174
146.778,0.174853
147.095,0.217508
147.351,0.265877
147.585,0.326944
147.79,0.400541
147.988,0.499509
148.162,0.621301
148.313,0.769377
148.439,0.939921
148.554,1.1528
148.664,1.4387
148.761,1.79621
148.84,2.212
148.896,2.62896
148.941,3.08912
148.986,3.74667
149.02,4.45826
149.054,5.47663
149.082,6.68287
149.107,8.17349
149.131,10.0425
149.154,12.5288
149.178,15.8237
149.202,20.1603
149.228,26.4325
149.253,34.4974
149.281,46.2232
149.308,60.939
149.337,80.5568
149.371,109.473
149.409,150.959
149.46,220.036
149.59,416.751
149.645,474.132
149.698,494.869
149.7,494.89
149.751,476.407
149.801,427.632
149.88,311.635
149.96,190.846
150.006,133.212
150.042,97.3962
150.074,72.0967
150.103,54.6002
150.131,40.9389
150.157,31.0571
150.181,24.2326
150.204,18.9504
150.228,14.9062
150.252,11.8371
150.278,9.28792
150.306,7.36853
150.333,5.98922
150.365,4.87069
150.402,3.97604
150.441,3.31468
150.486,2.78648
150.542,2.3213
150.619,1.87963
150.7,1.54757
150.799,1.25436
150.907,1.02342
151.033,0.828404
151.182,0.663883
151.34,0.538625
151.529,0.430882
151.727,0.34993
151.961,0.281083
152.231,0.22465
152.527,0.18086
152.847,0.147004
153.221,0.118699
153.62,0.0967575
154.087,0.0784405
154.619,0.0636256
155.174,0.0526424
155.951,0.0421213
156.772,0.0344874
157.682,0.0288702
158.281,0.0262823
159.08,0.0239117
160.079,0.0226139
160.62,0.0230886
161.161,0.0250547
161.522,0.0279019
161.791,0.0317234
162.015,0.0369744
162.194,0.0436326
162.337,0.0517236
162.456,0.0615938
162.554,0.0736499
162.625,0.0860976
162.681,0.100464
162.73,0.119318
162.765,0.139404
162.799,0.167628
162.829,0.203713
162.853,0.245926
162.878,0.303826
162.903,0.383293
162.927,0.491962
162.951,0.634669
162.976,0.831478
163.0,1.09306
163.025,1.43602
163.05,1.87887
163.078,2.53275
163.106,3.37274
163.137,4.54396
163.174,6.33457
163.219,9.01735
163.28,13.614
163.383,21.622
163.439,24.745
163.494,25.9918
163.5,26.0038
163.551,25.1088
163.601,22.622
163.68,16.7786
163.767,9.96918
163.815,6.90955
163.852,5.01848
163.884,3.72677
163.912,2.80413
163.941,2.08174
163.968,1.55316
163.993,1.18369
164.017,0.90045
164.042,0.686363
164.065,0.532443
164.09,0.412784
164.112,0.332616
164.137,0.2665
164.162,0.218279
164.191,0.177144
164.221,0.148498
164.256,0.124909
164.298,0.105797
164.347,0.0906699
164.418,0.0760125
164.505,0.0636049
164.623,0.0521204
164.761,0.0430805
164.916,0.0361656
165.102,0.0305157
165.316,0.0261114
165.614,0.0220693
165.972,0.0189728
166.449,0.0164624
166.926,0.0148306
167.88,0.0129682
168.833,0.0118725
170.979,0.0106897
173.703,0.0102633
174.518,0.0102446
176.966,0.010572
179.413,0.0111918
182.676,0.0127997
185.123,0.0147865
187.163,0.0171584
189.202,0.0205566
191.037,0.0250852
192.873,0.031709
194.096,0.0381376
195.32,0.0472335
196.34,0.0578532
197.359,0.0730075
198.277,0.0926954
198.991,0.114679
199.607,0.141175
200.146,0.173135
200.628,0.212212
201.09,0.264224
201.485,0.325949
201.822,0.398266
202.149,0.494912
202.419,0.604066
202.679,0.748607
202.91,0.927088
203.117,1.149
203.31,1.43784
203.478,1.79333
203.613,2.18604
203.737,2.67971
203.847,3.28013
203.941,3.98862
204.03,4.9338
204.101,6.01607
204.153,7.13758
204.204,8.67999
204.25,10.6788
204.291,13.2174
204.328,16.3716
204.361,20.3503
204.395,25.7094
204.429,32.8872
204.462,42.3641
204.497,55.2957
204.536,73.9525
204.576,99.6263
204.622,137.302
204.674,190.782
204.75,285.32
204.857,428.056
204.925,493.62
204.987,520.601
205.0,521.444
205.056,505.625
205.123,449.333
205.223,321.556
205.316,201.564
205.372,142.471
205.418,103.725
205.459,76.8229
205.496,58.2003
205.533,43.9552
205.566,34.3233
205.597,27.2151
205.631,21.4742
205.664,17.2054
205.703,13.6562
205.744,10.985
205.786,9.03767
205.828,7.63075
205.888,6.21079
205.953,5.14636
206.04,4.15415
206.141,3.34825
206.252,2.72108
206.387,2.17724
206.536,1.75017
206.705,1.4062
206.878,1.15029
207.08,0.932858
207.311,0.753902
207.581,0.60541
207.889,0.486244
208.216,0.397553
208.505,0.342038
208.816,0.301879
209.052,0.288768
209.141,0.293991
209.201,0.307652
209.248,0.330066
209.294,0.371634
209.332,0.430492
209.363,0.501569
209.398,0.617677
209.431,0.777917
209.463,0.987941
209.494,1.26987
209.526,1.63986
209.561,2.17392
209.599,2.93342
209.641,3.98723
209.69,5.51484
209.77,8.53672
209.861,12.0607
209.924,13.8786
209.986,14.7104
210.0,14.7389
210.061,14.1769
210.126,12.4867
210.234,8.32791
210.31,5.4472
210.36,3.89246
210.403,2.83835
210.44,2.11028
210.475,1.57574
210.507,1.20453
210.538,0.920706
210.57,0.708195
210.601,0.552109
210.633,0.439386
210.666,0.35542
210.703,0.292465
210.734,0.255817
210.776,0.223286
210.818,0.20254
210.881,0.183544
210.986,0.166151
211.155,0.150618
211.323,0.140704
211.659,0.128802
212.086,0.122307
212.228,0.121762
212.572,0.124147
212.916,0.132919
213.174,0.145557
213.432,0.166575
213.659,0.196543
213.85,0.236245
213.987,0.278208
214.11,0.332
214.213,0.395881
214.298,0.472386
214.37,0.56842
214.425,0.680782
214.466,0.806774
214.5,0.957503
214.534,1.17283
214.565,1.44845
214.591,1.76184
214.616,2.17818
214.642,2.72972
214.67,3.54037
214.698,4.62784
214.724,5.92187
214.754,7.89205
214.784,10.472
214.814,13.7901
214.847,18.5143
214.883,24.9925
214.925,34.5663
214.972,47.9749
215.04,71.8251
215.169,119.652
215.236,136.771
215.298,142.635
215.3,142.639
215.362,137.174
215.426,121.25
215.532,82.1692
215.615,52.0155
215.664,37.4359
215.705,27.4742
215.741,20.4936
215.775,15.2343
215.806,11.5226
215.837,8.63603
215.867,6.48775
215.892,5.06902
215.918,3.96623
215.944,3.11769
215.972,2.41494
215.997,1.93798
216.023,1.57823
216.054,1.26169
216.085,1.03567
216.12,0.850249
216.162,0.705584
216.203,0.605492
216.257,0.512585
216.326,0.432548
216.425,0.353019
216.544,0.287343
216.685,0.234114
216.852,0.190302
217.031,0.157935
217.241,0.131422
217.487,0.110416
217.736,0.0963332
218.004,0.0873447
218.183,0.0850985
218.317,0.0866306
218.406,0.0913553
218.473,0.100131
218.518,0.111435
218.551,0.124985
218.585,0.145247
218.618,0.175287
218.651,0.217091
218.682,0.274949
218.71,0.344976
218.738,0.437333
218.769,0.574526
218.801,0.754907
218.836,1.01633
218.872,1.37157
218.915,1.89623
218.964,2.68331
219.03,3.95683
219.164,6.8111
219.232,7.83467
219.296,8.20602
219.3,8.20747
219.363,7.88645
219.425,7.00347
219.528,4.87113
219.614,3.05919
219.665,2.19261
219.707,1.59951
219.746,1.16914
219.78,0.874838
219.81,0.676271
219.839,0.520135
219.87,0.393344
219.897,0.309854
219.924,0.245863
219.951,0.197381
219.982,0.156632
220.012,0.127575
220.043,0.106978
220.081,0.0894533
220.12,0.0777785
220.169,0.0685528
220.233,0.0610522
220.329,0.054415
220.49,0.0478649
220.731,0.0419456
221.07,0.0369424
221.522,0.0328431
222.199,0.0290178
223.0,0.0262821
224.152,0.0241508
225.066,0.0235103
226.335,0.0243668
227.18,0.0264181
227.814,0.0292195
228.449,0.0336208
228.956,0.0393173
229.379,0.0464323
229.717,0.0545385
230.031,0.0650731
230.305,0.0781849
230.567,0.0960094
230.796,0.118532
230.993,0.146134
231.162,0.179489
231.305,0.219324
231.436,0.270381
231.551,0.333824
231.633,0.39723
231.707,0.477487
231.765,0.567883
231.815,0.684056
231.858,0.831592
231.895,1.01554
231.926,1.2301
231.956,1.52444
231.987,1.92933
232.018,2.48514
232.048,3.21422
232.076,4.15149
232.105,5.3804
232.134,6.97188
232.167,9.33607
232.199,12.4019
232.236,16.8445
232.273,22.4893
232.319,31.395
232.376,45.076
232.47,72.9113
232.562,100.107
232.629,114.161
232.695,119.573
232.7,119.597
232.766,114.817
232.831,101.671
232.94,69.6077
233.028,43.9213
233.079,31.5802
233.123,23.1783
233.163,16.9794
233.199,12.5132
233.232,9.46981
233.264,7.11016
233.292,5.54125
233.319,4.31619
233.347,3.37063
233.377,2.60207
233.403,2.10043
233.433,1.64877
233.464,1.3201
233.495,1.08072
233.527,0.90032
233.564,0.749896
233.607,0.627155
233.656,0.529787
233.717,0.445196
233.791,0.373754
233.884,0.309762
233.994,0.254428
234.136,0.204204
234.279,0.167875
234.439,0.13838
234.636,0.112256
234.866,0.0907449
235.11,0.0745609
235.395,0.0611307
235.709,0.0505333
236.094,0.0413665
236.542,0.0339966
237.023,0.0285878
237.665,0.0235741
238.306,0.0201604
239.107,0.017243
240.39,0.0143372
241.416,0.0128419
243.211,0.0112216
245.52,0.010123
248.598,0.00955477
249.88,0.00947662
253.371,0.00986845
255.143,0.0103356
257.916,0.0116006
259.65,0.0130647
260.776,0.0145771
261.687,0.0166942
262.216,0.0186845
262.634,0.0213174
262.913,0.0241691
263.122,0.0275526
263.297,0.0320597
263.402,0.0363319
263.481,0.0413534
263.547,0.0482599
263.593,0.0560669
263.636,0.067195
263.674,0.0822701
263.708,0.102114
263.739,0.126879
263.769,0.160833
263.8,0.207012
263.83,0.269173
263.862,0.355057
263.891,0.458806
263.92,0.59131
263.954,0.789626
263.988,1.0436
264.026,1.40552
264.068,1.90407
264.116,2.63096
264.181,3.84016
264.34,7.257
264.416,8.47138
264.485,8.97544
264.5,8.99198
264.569,8.63852
264.638,7.66417
264.75,5.32661
264.845,3.31995
264.903,2.32153
264.952,1.65913
264.99,1.24636
265.029,0.915134
265.063,0.689962
265.097,0.515905
265.129,0.388731
265.158,0.301903
265.188,0.235423
265.217,0.185122
265.246,0.147463
265.275,0.119515
265.308,0.0964499
265.337,0.0819713
265.371,0.0700727
265.414,0.059576
265.459,0.052602
265.513,0.0472299
265.603,0.0419372
265.748,0.0373658
265.964,0.0338861
266.224,0.0320711
266.484,0.0315685
266.927,0.0323797
267.593,0.0359559
268.258,0.042152
268.811,0.049847
269.363,0.0608504
269.838,0.0747355
270.26,0.0926747
270.614,0.114358
270.904,0.139882
271.07,0.160811
271.173,0.180812
271.256,0.207201
271.318,0.23942
271.373,0.283205
271.429,0.348171
271.477,0.428497
271.525,0.536184
271.58,0.697936
271.643,0.934343
271.745,1.40985
271.86,1.95838
271.94,2.22277
272.016,2.3102
272.089,2.23309
272.191,1.9281
272.331,1.42095
272.406,1.23729
272.455,1.17193
272.493,1.15658
272.53,1.17223
272.582,1.25329
272.635,1.41973
272.681,1.66332
272.72,1.97903
272.759,2.42048
272.795,3.02843
272.826,3.72528
272.856,4.65452
272.89,6.0299
272.923,7.88835
272.957,10.3698
272.991,13.7047
273.025,18.0453
273.064,24.382
273.103,32.6746
273.146,44.1812
273.195,60.6996
273.256,86.3105
273.451,183.972
273.526,209.734
273.597,219.066
273.6,219.077
273.67,210.572
273.741,187.122
273.86,128.366
273.957,80.6979
274.014,57.5257
274.063,41.7001
274.106,30.7752
274.146,22.7574
274.183,17.1463
274.216,13.2561
274.25,10.1873
274.284,7.92065
274.318,6.29347
274.353,5.16199
274.382,4.49899
274.412,4.06756
274.442,3.81672
274.487,3.69023
274.543,3.81002
274.714,4.65637
274.776,4.76208
274.851,4.59085
274.923,4.13516
275.039,3.0094
275.149,1.91194
275.214,1.38349
275.267,1.05147
275.313,0.8257
275.36,0.650256
275.405,0.524608
275.451,0.433607
275.504,0.359845
275.565,0.304637
275.643,0.260818
275.754,0.223868
275.913,0.190629
276.152,0.156093
276.443,0.126801
276.783,0.103075
277.148,0.0849577
277.55,0.070766
278.063,0.0582665
278.619,0.0492383
279.064,0.0443721
279.509,0.0413313
279.782,0.0407227
279.939,0.0412171
280.073,0.0429944
280.154,0.0458986
280.221,0.051133
280.27,0.058126
280.311,0.0677005
280.353,0.0823736
280.39,0.10184
280.423,0.125937
280.456,0.158357
280.489,0.201256
280.526,0.26502
280.564,0.348658
280.601,0.455654
280.644,0.61398
280.694,0.842571
280.756,1.19839
280.953,2.53938
281.028,2.8879
281.1,3.00641
281.168,2.89662
281.241,2.56795
281.362,1.75385
281.456,1.12189
281.514,0.799006
281.563,0.58007
281.608,0.424018
281.646,0.321173
281.684,0.241579
281.719,0.186258
281.753,0.144256
281.784,0.11566
281.819,0.0915551
281.854,0.0742318
281.89,0.0619403
281.925,0.0533002
281.972,0.0456755
282.018,0.0409207
282.065,0.0378932
282.159,0.034487
282.322,0.0316684
282.649,0.0289628
283.139,0.0270333
283.949,0.0254534
285.399,0.0247096
287.333,0.0257334
288.983,0.028034
290.49,0.0317437
291.746,0.0365405
293.002,0.0440694
293.881,0.0524256
294.572,0.0624734
295.138,0.0747703
295.629,0.0904718
296.029,0.109724
296.315,0.129641
296.602,0.158277
296.842,0.193588
297.032,0.233445
297.212,0.288235
297.341,0.343897
297.462,0.417173
297.548,0.491937
297.616,0.577186
297.668,0.667955
297.72,0.798763
297.765,0.967432
297.803,1.17552
297.836,1.4146
297.868,1.73686
297.901,2.18827
297.934,2.77814
297.966,3.5658
297.998,4.60824
298.03,5.9728
298.064,7.80328
298.098,10.2399
298.137,13.7802
298.175,18.3152
298.216,24.3311
298.268,33.8984
298.33,48.4073
298.425,75.2165
298.544,109.537
298.626,125.686
298.7,130.816
298.77,126.202
298.841,112.981
298.951,82.5152
299.059,51.1567
299.119,36.6191
299.171,26.5113
299.216,19.4856
299.255,14.7191
299.293,10.9767
299.328,8.38786
299.359,6.54573
299.391,5.05802
299.423,3.91653
299.456,3.05078
299.488,2.40054
299.52,1.91583
299.556,1.52583
299.593,1.23116
299.631,1.02255
299.676,0.84865
299.721,0.728991
299.778,0.625193
299.861,0.526597
299.956,0.452797
300.074,0.390352
300.238,0.334068
300.423,0.295298
300.609,0.273284
300.887,0.261471
301.117,0.266886
301.403,0.292583
301.633,0.331986
301.833,0.386306
302.001,0.453985
302.141,0.534241
302.271,0.639486
302.379,0.763196
302.468,0.912638
302.539,1.09026
302.593,1.2863
302.639,1.52765
302.685,1.87768
302.723,2.29566
302.761,2.8822
302.794,3.58038
302.83,4.60059
302.861,5.76524
302.896,7.56287
302.932,9.96138
302.965,12.861
303.001,16.8671
303.041,22.6836
303.081,30.1197
303.128,41.1948
303.179,56.2135
303.249,81.8336
303.445,164.703
303.522,187.339
303.597,195.527
303.6,195.537
303.673,188.076
303.747,167.476
303.863,119.491
303.967,75.2119
304.032,52.502
304.083,38.2291
304.128,28.3064
304.17,20.9655
304.208,15.7774
304.243,12.1363
304.278,9.2155
304.314,7.00233
304.35,5.34872
304.382,4.24101
304.413,3.40196
304.445,2.76925
304.484,2.2127
304.522,1.81534
304.566,1.48918
304.617,1.23426
304.671,1.04997
304.747,0.870983
304.844,0.719678
304.967,0.589657
305.11,0.48471
305.273,0.400815
305.456,0.334481
305.69,0.276334
305.939,0.234065
306.238,0.199646
306.569,0.174306
306.962,0.154915
307.487,0.139784
308.012,0.132256
308.537,0.129633
309.278,0.132036
310.266,0.144149
311.254,0.166351
312.119,0.195939
312.922,0.235801
313.678,0.28955
314.373,0.360462
314.913,0.437863
315.454,0.545637
315.94,0.682916
316.318,0.831431
316.681,1.02723
317.011,1.27531
317.306,1.58551
317.553,1.94441
317.769,2.37259
317.986,2.96555
318.163,3.6441
318.325,4.50117
318.473,5.5988
318.603,6.95665
318.714,8.60587
318.807,10.5433
318.884,12.7864
318.961,15.9293
319.023,19.4179
319.085,24.1638
319.147,30.6551
319.205,38.988
319.261,49.3685
319.323,64.3507
319.392,86.1802
319.468,116.174
319.605,183.034
319.736,244.975
319.826,272.341
319.9,279.902
319.989,268.921
320.079,238.408
320.332,115.981
320.414,83.8853
320.481,63.2087
320.541,48.9812
320.604,37.4653
320.666,29.1581
320.728,23.0668
320.789,18.6104
320.851,15.3271
320.928,12.3571
321.005,10.2263
321.092,8.48095
321.203,6.86576
321.333,5.53334
321.464,4.56087
321.621,3.70964
321.814,2.96488
322.031,2.37516
322.247,1.94945
322.517,1.56522
322.826,1.25506
323.142,1.02813
323.513,0.837565
323.914,0.690845
324.346,0.57787
324.84,0.486747
325.458,0.411836
326.075,0.36945
326.322,0.362167
326.569,0.369425
326.675,0.392698
326.745,0.430955
326.798,0.483234
326.851,0.568439
326.895,0.67605
326.939,0.829225
326.983,1.04135
327.027,1.32675
327.076,1.74178
327.128,2.33195
327.19,3.21455
327.268,4.60043
327.441,7.94513
327.524,9.02665
327.6,9.37383
327.676,9.02589
327.759,7.94502
327.984,3.65905
328.052,2.61282
328.102,1.99483
328.151,1.52637
328.199,1.17172
328.241,0.945161
328.283,0.777255
328.331,0.639732
328.373,0.559777
328.423,0.496969
328.486,0.452505
328.548,0.430899
328.673,0.420225
328.923,0.4392
329.298,0.50061
329.615,0.583186
329.904,0.693749
330.144,0.825326
330.372,1.00206
330.582,1.23532
330.768,1.53349
330.912,1.86018
331.032,2.23508
331.146,2.73244
331.236,3.28956
331.317,4.01044
331.382,4.85295
331.433,5.77738
331.484,7.06069
331.529,8.61197
331.576,10.8756
331.621,13.8513
331.667,17.9859
331.709,23.1163
331.753,30.0199
331.801,40.0745
331.849,53.1119
331.906,72.6342
331.97,101.133
332.062,151.021
332.226,248.515
332.311,284.348
332.39,298.013
332.4,298.171
332.479,286.991
332.554,258.463
332.676,188.838
332.796,118.182
332.868,83.3633
332.923,61.9919
332.974,46.5065
333.022,34.884
333.066,26.9075
333.109,20.7753
333.152,16.1357
333.192,12.8773
333.234,10.3147
333.282,8.17406
333.33,6.63872
333.383,5.4377
333.435,4.57386
333.495,3.85652
333.57,3.21428
333.672,2.60654
333.78,2.15437
333.915,1.74978
334.077,1.40673
334.266,1.12584
334.47,0.911425
334.71,0.732397
334.968,0.595531
335.263,0.483828
335.593,0.394168
335.953,0.323747
336.373,0.264435
336.853,0.215948
337.441,0.174162
338.101,0.141332
338.857,0.114987
339.747,0.0933059
340.716,0.0768132
341.83,0.063207
342.995,0.0530271
344.547,0.043376
346.488,0.0351147
348.429,0.0294424
350.758,0.0246747
353.087,0.0214903
355.028,0.0196167
358.521,0.0176933
360.85,0.0173214
363.179,0.0178538
364.875,0.0190435
366.915,0.0218856
367.948,0.0244428
368.982,0.0283967
369.786,0.0330429
370.476,0.0393541
371.05,0.0475008
371.452,0.056028
371.797,0.0667334
372.084,0.0796526
372.32,0.0948695
372.522,0.113406
372.693,0.135474
372.854,0.165673
372.97,0.197328
373.064,0.235939
373.135,0.280895
373.188,0.331708
373.233,0.393055
373.277,0.481545
373.313,0.581139
373.348,0.717029
373.384,0.902523
373.419,1.15486
373.455,1.49595
373.49,1.95287
373.526,2.55835
373.563,3.39605
373.6,4.49037
373.638,5.89675
373.679,7.91184
373.724,10.6523
373.773,14.4716
373.829,20.0618
373.898,28.3959
374.03,47.9151
374.147,64.18
374.229,71.6305
374.3,73.8019
374.38,71.0584
374.465,62.7686
374.605,42.4212
374.71,27.314
374.776,19.4749
374.833,14.0123
374.88,10.4157
374.924,7.73203
374.964,5.83625
375.001,4.4768
375.038,3.3901
375.075,2.55827
375.106,2.02337
375.137,1.60475
375.168,1.27993
375.205,0.993158
375.241,0.785777
375.277,0.634402
375.317,0.513802
375.357,0.428593
375.405,0.357796
375.451,0.310827
375.522,0.262728
375.607,0.226022
375.721,0.194259
375.863,0.168058
376.017,0.148924
376.206,0.133486
376.394,0.123731
376.646,0.11648
376.989,0.113432
377.446,0.117975
377.903,0.131539
378.269,0.150604
378.482,0.168965
378.604,0.18896
378.68,0.211924
378.741,0.241964
378.794,0.282035
378.847,0.341035
378.896,0.41723
378.944,0.521455
378.993,0.660435
379.048,0.869923
379.106,1.15541
379.175,1.58101
379.282,2.40624
379.428,3.5745
379.521,4.07997
379.604,4.23703
379.68,4.10748
379.774,3.62939
380.012,1.85238
380.088,1.40451
380.151,1.12787
380.206,0.948529
380.265,0.817897
380.311,0.754047
380.371,0.707916
380.432,0.69592
380.523,0.722527
380.644,0.813112
380.773,0.962203
380.886,1.14543
380.999,1.4038
381.083,1.67844
381.163,2.05756
381.226,2.50724
381.282,3.07904
381.333,3.83282
381.378,4.77369
381.423,6.07538
381.463,7.6149
381.502,9.64442
381.546,12.5798
381.589,16.4579
381.632,21.4976
381.678,28.2547
381.728,37.9072
381.783,51.031
381.852,72.0199
381.95,108.768
382.104,171.208
382.202,200.295
382.289,210.923
382.3,211.054
382.38,203.771
382.463,182.351
382.59,133.421
382.717,82.7101
382.79,58.5035
382.847,43.3239
382.903,31.686
382.953,23.5541
382.998,17.8451
383.042,13.5721
383.082,10.6296
383.121,8.36696
383.161,6.64427
383.201,5.34171
383.247,4.21836
383.295,3.39482
383.342,2.80319
383.397,2.31972
383.465,1.90102
383.546,1.56035
383.648,1.27121
383.773,1.02834
383.909,0.841001
384.067,0.683623
384.249,0.554241
384.466,0.443623
384.711,0.355678
384.996,0.283379
385.291,0.230233
385.608,0.18861
385.998,0.151823
386.433,0.122669
386.94,0.0986607
387.448,0.0814953
388.084,0.0663153
388.829,0.0539478
389.557,0.0455418
390.285,0.0396541
391.231,0.0347665
391.959,0.0328463
392.323,0.0325387
392.814,0.0331016
393.305,0.0352491
393.673,0.0385602
393.98,0.0432946
394.226,0.0494116
394.448,0.0581437
394.609,0.067853
394.737,0.0796036
394.821,0.0912838
394.891,0.105929
394.951,0.125341
395.001,0.150034
395.045,0.183033
395.085,0.225356
395.12,0.276727
395.154,0.345573
395.189,0.438321
395.223,0.562453
395.258,0.727169
395.292,0.943533
395.327,1.22452
395.362,1.59397
395.399,2.09849
395.442,2.84368
395.485,3.80135
395.535,5.22063
395.589,7.15889
395.653,10.0667
395.742,15.0044
395.916,25.5489
396.007,29.4387
396.091,30.8977
396.1,30.9122
396.178,29.8493
396.263,26.5918
396.394,18.9674
396.517,11.6511
396.588,8.11951
396.642,5.9956
396.693,4.37071
396.736,3.29629
396.779,2.45008
396.817,1.87086
396.854,1.41816
396.891,1.07934
396.925,0.832339
396.959,0.643181
396.994,0.49988
397.025,0.401738
397.059,0.319241
397.092,0.260478
397.129,0.212172
397.172,0.172427
397.215,0.145026
397.264,0.123634
397.325,0.106088
397.398,0.0926492
397.514,0.0797831
397.639,0.0712071
397.805,0.0643141
397.972,0.0608342
398.139,0.0600963
398.317,0.0623919
398.451,0.0668299
398.585,0.0753984
398.674,0.0861384
398.741,0.100103
398.797,0.119181
398.842,0.142657
398.877,0.169414
398.91,0.202667
398.947,0.253613
398.984,0.323819
399.021,0.419787
399.057,0.549623
399.094,0.723184
399.132,0.962702
399.168,1.25313
399.204,1.62211
399.246,2.1708
399.287,2.86817
399.336,3.90856
399.39,5.34023
399.454,7.4685
399.543,11.1036
399.721,18.9224
399.81,21.6048
399.895,22.6112
399.9,22.6144
399.976,21.8856
400.058,19.6422
400.186,14.3162
400.316,8.59207
400.389,5.97492
400.449,4.26787
400.497,3.1672
400.544,2.32597
400.586,1.7424
400.622,1.34048
400.661,1.00448
400.698,0.761734
400.735,0.576943
400.768,0.449141
400.802,0.3516
400.839,0.271499
400.871,0.218658
400.91,0.172833
400.949,0.140193
400.987,0.116901
401.036,0.0967394
401.094,0.0809021
401.161,0.0690751
401.255,0.0587462
401.38,0.0499877
401.536,0.0426927
401.736,0.0363977
401.959,0.0316348
402.256,0.0274289
402.554,0.0246376
403.034,0.0218325
403.582,0.0201523
404.312,0.0194121
405.128,0.0201055
405.672,0.0214913
406.216,0.0238762
406.771,0.0278564
407.195,0.0325405
407.549,0.0381718
407.874,0.0456567
408.171,0.0555589
408.403,0.0665539
408.614,0.0804258
408.789,0.0964335
408.955,0.117495
409.099,0.143332
409.219,0.174562
409.298,0.204592
409.372,0.245792
409.427,0.291966
409.473,0.347341
409.519,0.426804
409.557,0.518507
409.596,0.64791
409.634,0.827014
409.667,1.0273
409.699,1.28806
409.731,1.62544
409.766,2.10097
409.805,2.79294
409.844,3.70331
409.883,4.88261
409.926,6.58822
409.972,8.93404
410.023,12.2475
410.075,16.5817
410.14,23.2087
410.227,34.2656
410.414,60.1053
410.507,69.1658
410.594,72.4574
410.6,72.4729
410.683,69.821
410.771,61.7972
410.908,43.3466
411.026,27.235
411.094,19.5114
411.153,14.0991
411.207,10.2189
411.253,7.59568
411.294,5.73804
411.336,4.28859
411.375,3.24415
411.413,2.44352
411.447,1.91487
411.48,1.50341
411.515,1.17068
411.552,0.908431
411.589,0.714928
411.625,0.572746
411.662,0.468359
411.707,0.378671
411.749,0.317981
411.804,0.263023
411.869,0.220131
411.943,0.186894
412.042,0.156074
412.171,0.128425
412.326,0.105077
412.518,0.0847898
412.725,0.0694524
412.958,0.0571292
413.242,0.0465899
413.582,0.0378145
413.941,0.0314009
414.338,0.026439
414.735,0.022911
415.293,0.0195076
416.002,0.0167312
416.852,0.01481
417.573,0.0140146
418.01,0.0138552
418.818,0.0141781
419.626,0.0155066
420.165,0.0172571
420.67,0.0200031
421.091,0.0236492
421.427,0.0280506
421.713,0.0334704
421.954,0.040031
422.185,0.0490968
422.362,0.0590929
422.51,0.0707129
422.648,0.0862211
422.747,0.102597
422.825,0.122298
422.885,0.144502
422.934,0.171509
422.977,0.204832
423.018,0.249878
423.059,0.313401
423.096,0.392805
423.133,0.501109
423.17,0.648108
423.206,0.846123
423.241,1.09029
423.275,1.40673
423.31,1.81242
423.35,2.42409
423.39,3.21649
423.435,4.34102
423.479,5.77363
423.528,7.77598
423.588,10.8001
423.659,15.3654
423.77,24.0098
423.921,36.0003
424.011,40.8461
424.099,42.6017
424.1,42.6022
424.181,41.1369
424.263,37.0489
424.396,26.9812
424.522,17.0207
424.596,12.2629
424.659,9.11649
424.714,7.03428
424.758,5.79669
424.801,4.8955
424.84,4.34033
424.879,3.9703
424.929,3.70651
424.996,3.60439
425.152,3.70798
425.253,3.58314
425.337,3.26015
425.455,2.55157
425.62,1.43875
425.7,0.998283
425.762,0.72353
425.817,0.531572
425.866,0.400659
425.912,0.302971
425.954,0.236057
425.995,0.18462
426.037,0.145708
426.078,0.116676
426.125,0.0930162
426.167,0.077938
426.218,0.0646823
426.268,0.0559832
426.335,0.048258
426.418,0.0421591
426.551,0.0361852
426.75,0.0305112
426.987,0.0258515
427.283,0.0217153
427.638,0.0182246
428.098,0.0151491
428.66,0.0126295
429.365,0.0105495
430.135,0.00907308
431.098,0.00787878
432.446,0.00683263
433.601,0.00625189
435.141,0.00573948
438.221,0.00518691
441.301,0.00494193
444.683,0.00485014
450.792,0.00507237
455.194,0.00551
459.156,0.00617395
462.897,0.0072027
465.616,0.00842474
466.936,0.00939244
467.228,0.00987045
467.349,0.0104179
467.44,0.0112848
467.515,0.012597
467.591,0.0147981
467.652,0.0174918
467.714,0.0213938
467.775,0.0267257
467.844,0.0345889
467.921,0.0459471
468.033,0.0664395
468.199,0.0989208
468.299,0.112818
468.395,0.118072
468.401,0.11809
468.497,0.113423
468.604,0.0988212
468.857,0.050625
468.939,0.037963
469.014,0.0291872
469.081,0.0233122
469.148,0.0191558
469.209,0.0166025
469.269,0.0148982
469.36,0.0134417
469.451,0.0127907
469.602,0.0125335
470.09,0.0132542
470.776,0.0151586
471.234,0.0171836
471.565,0.0194299
471.874,0.0226774
472.08,0.0260694
472.235,0.0300563
472.338,0.0344039
472.415,0.0397593
472.479,0.0470067
472.53,0.0560165
472.575,0.0676256
472.613,0.0816171
472.652,0.100801
472.69,0.126998
472.728,0.161773
472.767,0.210305
472.807,0.275198
472.846,0.360898
472.885,0.472544
472.928,0.632218
472.97,0.83471
473.016,1.11215
473.067,1.50974
473.124,2.07048
473.19,2.87969
473.278,4.2325
473.506,8.21052
473.602,9.37422
473.695,9.80961
473.7,9.81069
473.782,9.50013
473.871,8.53605
474.008,6.25872
474.147,3.81072
474.226,2.67081
474.287,1.94986
474.342,1.43378
474.392,1.06339
474.438,0.794049
474.481,0.598778
474.524,0.448266
474.564,0.343408
474.603,0.263185
474.642,0.202637
474.679,0.159627
474.717,0.126308
474.752,0.104176
474.794,0.0839422
474.837,0.0697524
474.888,0.0582171
474.948,0.0496605
475.017,0.0437078
475.102,0.0393279
475.205,0.0362428
475.385,0.033227
475.564,0.0315942
475.924,0.0303504
475.993,0.0303131
476.475,0.0312623
477.026,0.0343074
477.577,0.0391973
478.128,0.0466509
478.59,0.055761
478.985,0.0667356
479.335,0.0801957
479.688,0.0995204
479.99,0.123448
480.225,0.149634
480.461,0.186527
480.64,0.22605
480.808,0.277692
480.948,0.338825
481.055,0.405202
481.133,0.474521
481.202,0.560689
481.26,0.66659
481.315,0.807754
481.366,0.994529
481.408,1.21073
481.45,1.50406
481.492,1.90198
481.534,2.43967
481.576,3.16106
481.615,4.04702
481.654,5.19035
481.699,6.88631
481.743,9.0495
481.792,12.1431
481.846,16.5303
481.902,22.328
481.965,30.4759
482.049,43.9513
482.293,90.3598
482.391,104.071
482.485,109.68
482.5,109.792
482.59,105.833
482.679,94.8406
482.818,69.3692
482.962,41.9572
483.039,29.8564
483.102,21.8369
483.161,15.8959
483.214,11.7526
483.258,9.01715
483.302,6.86384
483.346,5.19838
483.39,3.93106
483.431,3.03303
483.473,2.34486
483.515,1.83238
483.557,1.45327
483.599,1.17376
483.646,0.950185
483.696,0.776969
483.755,0.637167
483.822,0.52901
483.902,0.442379
483.99,0.3761
484.116,0.309936
484.268,0.254483
484.461,0.204949
484.685,0.165254
484.92,0.136038
485.189,0.112348
485.529,0.0916056
485.882,0.0767739
486.306,0.0645466
486.736,0.0560172
487.328,0.0483541
488.069,0.0426411
488.957,0.0392024
489.845,0.0381929
490.837,0.039212
492.158,0.04348
492.94,0.0484423
493.392,0.0537839
493.543,0.057938
493.637,0.0633627
493.706,0.0705396
493.768,0.0812138
493.818,0.0942097
493.868,0.112923
493.917,0.139449
493.967,0.17635
494.017,0.226599
494.067,0.293461
494.119,0.385738
494.175,0.510799
494.237,0.689419
494.313,0.963709
494.427,1.47154
494.595,2.25771
494.694,2.58802
494.789,2.72082
494.8,2.72231
494.895,2.61508
494.994,2.30511
495.182,1.43563
495.293,0.951869
495.369,0.68406
495.434,0.504011
495.492,0.379688
495.542,0.29765
495.591,0.234973
495.641,0.18833
495.696,0.151403
495.752,0.126356
495.807,0.109898
495.871,0.0982968
495.958,0.0901402
496.097,0.0862141
496.376,0.0881029
496.934,0.0988644
497.631,0.119009
498.275,0.1455
498.877,0.180637
499.383,0.222059
499.835,0.273351
500.222,0.333754
500.587,0.412175
500.932,0.515309
501.238,0.644986
501.502,0.801947
501.738,1.00007
501.926,1.21848
502.109,1.51267
502.268,1.87352
502.404,2.31325
502.511,2.80752
502.61,3.45683
502.684,4.13839
502.762,5.15523
502.832,6.4628
502.894,8.08217
502.954,10.1811
503.012,12.9306
503.07,16.5675
503.13,21.5066
503.194,28.3875
503.259,37.1595
503.341,51.2036
503.44,72.3597
503.681,130.585
503.797,150.099
503.9,156.182
504.003,150.038
504.115,131.387
504.408,61.6575
504.494,44.8418
504.562,33.9846
504.627,25.8781
504.692,19.5824
504.75,15.2392
504.808,11.9237
504.866,9.42609
504.925,7.51552
504.989,6.0166
505.053,4.92686
505.117,4.12452
505.191,3.44893
505.277,2.87212
505.384,2.35813
505.513,1.92281
505.669,1.5517
505.831,1.27586
506.029,1.02966
506.255,0.829917
506.481,0.684523
506.782,0.544589
507.083,0.444328
507.438,0.358589
507.815,0.292692
508.288,0.233319
508.804,0.187567
509.406,0.149926
510.009,0.123131
510.762,0.0991464
511.622,0.0800232
512.461,0.0668392
513.515,0.0551192
514.569,0.0469219
515.945,0.039642
517.322,0.0349707
518.766,0.0319795
520.751,0.0301408
521.292,0.030112
523.407,0.0315894
524.874,0.0345135
526.397,0.0399491
527.658,0.047126
528.657,0.0558076
529.489,0.0661383
530.245,0.079394
530.987,0.0979823
531.584,0.119484
532.129,0.147169
532.606,0.181381
533.029,0.22438
533.4,0.277505
533.718,0.341231
534.02,0.426757
534.27,0.526243
534.482,0.643129
534.675,0.790487
534.834,0.958093
534.987,1.18471
535.112,1.4504
535.216,1.7718
535.299,2.1438
535.375,2.63798
535.439,3.22465
535.503,4.05096
535.556,4.99471
535.612,6.33711
535.663,7.98827
535.716,10.2194
535.769,13.1269
535.823,17.0148
535.88,22.1503
535.946,29.7699
536.019,40.319
536.116,57.8628
536.367,111.522
536.473,128.563
536.576,136.269
536.6,136.563
536.7,131.522
536.794,118.632
536.939,89.0775
537.099,54.8301
537.19,38.8424
537.26,28.9801
537.323,21.8023
537.385,16.3915
537.439,12.6632
537.493,9.78638
537.548,7.60237
537.599,6.06399
537.652,4.85127
537.712,3.83649
537.773,3.10813
537.839,2.53878
537.905,2.13021
537.981,1.79218
538.075,1.49115
538.181,1.25064
538.317,1.02915
538.476,0.844768
538.646,0.701462
538.851,0.576283
539.066,0.480017
539.339,0.392296
539.656,0.32054
539.989,0.267831
540.413,0.221778
540.836,0.190956
541.321,0.167905
541.926,0.151659
542.41,0.146402
542.652,0.146063
543.284,0.152295
543.705,0.162992
544.232,0.186267
544.647,0.215608
545.018,0.254409
545.371,0.308418
545.674,0.37608
545.935,0.459093
546.176,0.569526
546.362,0.689445
546.538,0.849298
546.69,1.04688
546.798,1.24762
546.901,1.51894
546.984,1.84504
547.058,2.26948
547.123,2.80744
547.184,3.51841
547.238,4.40553
547.292,5.61832
547.346,7.26707
547.401,9.48571
547.455,12.4653
547.513,16.5797
547.57,21.9069
547.636,29.7433
547.709,40.7981
547.803,58.686
548.072,120.079
548.174,137.43
548.278,145.665
548.3,145.921
548.397,140.848
548.501,125.362
548.669,87.6959
548.808,56.3121
548.896,39.9328
548.969,28.9845
549.033,21.6034
549.093,16.1388
549.148,12.237
549.204,9.26902
549.257,7.15823
549.311,5.53673
549.365,4.34387
549.419,3.47092
549.473,2.83201
549.535,2.30505
549.6,1.91159
549.675,1.59273
549.768,1.3152
549.885,1.07447
550.009,0.896131
550.182,0.719159
550.368,0.585471
550.585,0.473881
550.826,0.384866
551.087,0.31551
551.371,0.259958
551.718,0.210963
552.127,0.16991
552.56,0.138822
553.056,0.113303
553.663,0.0912334
554.356,0.0736542
555.143,0.0597825
555.984,0.0493967
556.889,0.0414268
557.915,0.0349467
559.145,0.0296465
560.621,0.0252906
561.934,0.022776
563.246,0.0212267
564.558,0.0205152
565.215,0.0204527
566.56,0.0211208
567.906,0.02306
568.939,0.0259321
569.801,0.0298989
570.49,0.0346629
571.093,0.0406621
571.697,0.0495815
572.165,0.0596729
572.597,0.073053
572.968,0.0895158
573.284,0.109344
573.58,0.135779
573.836,0.168689
574.032,0.2036
574.227,0.252377
574.386,0.309369
574.5,0.366839
574.591,0.431118
574.679,0.521218
574.747,0.624838
574.806,0.75246
574.854,0.900383
574.903,1.10286
574.952,1.38165
575.001,1.7657
575.041,2.19298
575.082,2.74624
575.123,3.45754
575.169,4.5089
575.215,5.84992
575.266,7.80621
575.317,10.3323
575.375,13.9839
575.433,18.6786
575.502,25.5284
575.585,35.8357
575.719,56.1178
575.871,79.6079
575.983,92.1689
576.084,96.9862
576.1,97.0735
576.194,93.8783
576.287,84.9498
576.435,63.4817
576.602,37.6015
576.692,26.2412
576.763,18.9625
576.827,13.8665
576.881,10.4704
576.933,7.88123
576.985,5.8821
577.03,4.53519
577.076,3.49469
577.121,2.70093
577.162,2.15821
577.203,1.73909
577.251,1.36233
577.3,1.08873
577.349,0.889891
577.407,0.720378
577.466,0.601875
577.524,0.516784
577.603,0.436042
577.687,0.374067
577.817,0.30722
577.973,0.251636
578.142,0.208452
578.37,0.167047
578.598,0.137644
578.871,0.112264
579.19,0.0912919
579.542,0.0748867
579.975,0.0608483
580.479,0.0496944
580.98,0.042086
581.681,0.0347943
582.402,0.0298932
583.364,0.0259173
584.325,0.0238184
585.287,0.0230628
586.303,0.0235272
587.32,0.0253895
588.252,0.028723
589.014,0.0331777
589.65,0.0387037
590.171,0.0450176
590.729,0.0547683
591.207,0.067009
591.616,0.082125
591.967,0.10055
592.273,0.123223
592.538,0.150722
592.782,0.186428
592.999,0.231597
593.184,0.287238
593.329,0.349554
593.449,0.425759
593.533,0.504165
593.612,0.612401
593.673,0.732343
593.733,0.904004
593.784,1.11233
593.836,1.40203
593.886,1.78951
593.934,2.29953
593.982,2.98615
594.03,3.90121
594.077,5.05682
594.125,6.60538
594.179,8.86547
594.233,11.7785
594.292,15.7725
594.36,21.7318
594.438,30.1424
594.544,44.3619
594.763,76.9516
594.882,89.7118
594.985,94.3432
595.0,94.4174
595.099,91.0675
595.195,82.0793
595.354,59.8134
595.509,36.9067
595.602,25.6062
595.671,18.8717
595.734,13.8984
595.791,10.4044
595.842,7.90703
595.891,6.04758
595.938,4.6731
595.984,3.60875
596.031,2.79504
596.077,2.17978
596.126,1.69683
596.169,1.3808
596.221,1.1004
596.272,0.898784
596.333,0.732655
596.4,0.605665
596.472,0.511906
596.568,0.427435
596.688,0.357254
596.829,0.301239
597.001,0.254046
597.173,0.221224
597.386,0.193917
597.613,0.176888
597.84,0.17048
597.878,0.170474
598.013,0.173372
598.159,0.183499
598.255,0.197405
598.352,0.222985
598.425,0.256848
598.486,0.302168
598.534,0.356045
598.583,0.432947
598.631,0.542343
598.674,0.674568
598.718,0.860494
598.761,1.10501
598.804,1.42854
598.848,1.85143
598.895,2.45927
598.943,3.25005
598.992,4.29504
599.044,5.70091
599.102,7.67682
599.163,10.315
599.24,14.4157
599.348,21.5125
599.577,38.1585
599.683,43.6535
599.786,45.9004
599.8,45.9313
599.895,44.3873
599.991,40.0787
600.127,30.8167
600.303,17.9507
600.39,12.695
600.464,9.06697
600.526,6.64126
600.583,4.90778
600.637,3.62604
600.684,2.75324
600.731,2.07482
600.778,1.55621
600.823,1.1797
600.867,0.907213
600.91,0.702195
600.953,0.549338
600.997,0.436183
601.045,0.345017
601.093,0.280174
601.147,0.229286
601.201,0.193947
601.268,0.163754
601.349,0.139773
601.443,0.121028
601.593,0.101203
601.766,0.0857032
602.008,0.0707764
602.299,0.0587331
602.668,0.0485653
603.111,0.0405994
603.54,0.0355091
604.103,0.0312636
604.666,0.0288584
605.229,0.0276883
605.51,0.0275673
606.071,0.0283448
606.632,0.0306841
607.053,0.0338666
607.473,0.0388888
607.854,0.0459051
608.153,0.0541603
608.403,0.0640109
608.655,0.078368
608.859,0.0953706
609.029,0.115966
609.161,0.139659
609.246,0.162102
609.321,0.190496
609.385,0.226075
609.438,0.268538
609.489,0.326017
609.54,0.40754
609.583,0.501426
609.625,0.627578
609.668,0.79653
609.71,1.02147
609.755,1.33571
609.8,1.75221
609.844,2.29761
609.889,3.00243
609.934,3.90031
609.986,5.23955
610.039,6.98619
610.098,9.41628
610.162,12.7379
610.238,17.6823
610.345,26.1079
610.568,45.6464
610.684,52.8613
610.79,55.4872
610.8,55.5075
610.895,53.6836
610.997,48.1162
611.155,34.9991
611.311,21.5083
611.396,15.3454
611.468,11.0918
611.532,8.10649
611.591,5.95733
611.643,4.46082
611.694,3.32153
611.739,2.54736
611.783,1.94483
611.826,1.50151
611.868,1.16074
611.911,0.901441
611.953,0.705855
611.992,0.572135
612.034,0.459605
612.077,0.375847
612.126,0.305543
612.179,0.251411
612.243,0.206781
612.307,0.176216
612.392,0.148339
612.494,0.125637
612.643,0.103085
612.822,0.0844315
613.047,0.0680338
613.286,0.0558731
613.557,0.0460057
613.86,0.03813
614.214,0.0315549
614.643,0.0258941
615.174,0.0210764
615.73,0.0176047
616.362,0.0148462
617.246,0.0122571
618.257,0.0102718
619.52,0.0086573
621.036,0.00745442
622.754,0.00655459
624.775,0.0059236
626.93,0.00560293
627.962,0.0055583
629.689,0.00570275
631.415,0.00621997
632.592,0.00700558
633.377,0.00793007
634.064,0.00921951
634.633,0.0108632
635.104,0.0129527
635.496,0.0155772
635.81,0.0186271
636.085,0.0224309
636.32,0.0270771
636.532,0.033095
636.689,0.0395113
636.814,0.0469806
636.909,0.0553776
636.983,0.065339
637.047,0.0782406
637.101,0.0939511
637.155,0.116652
637.203,0.145901
637.246,0.18184
637.284,0.223634
637.325,0.284188
637.366,0.36455
637.408,0.470393
637.449,0.608544
637.494,0.807479
637.54,1.0677
637.589,1.43103
637.641,1.93618
637.693,2.586
637.748,3.46208
637.813,4.75356
637.882,6.49722
637.974,9.38532
638.136,15.5373
638.288,21.1343
638.397,23.834
638.5,24.7421
638.606,23.7799
638.712,21.1214
638.88,14.8677
639.029,9.26409
639.12,6.44716
639.191,4.67795
639.255,3.40369
639.315,2.48409
639.364,1.88339
639.416,1.39099
639.461,1.06381
639.506,0.808876
639.55,0.612957
639.595,0.464297
639.636,0.359991
639.677,0.280792
639.715,0.226338
639.756,0.180305
639.797,0.145934
639.842,0.118563
639.888,0.0979596
639.941,0.0812056
640.007,0.0669777
640.086,0.0558462
640.166,0.0483743
640.276,0.0411826
640.432,0.0342425
640.619,0.0284415
640.857,0.0232789
641.141,0.0190559
641.482,0.0156186
641.833,0.0131721
642.288,0.011002
642.832,0.00928005
643.513,0.00791017
644.331,0.00688068
645.148,0.00622159
646.374,0.00564008
647.826,0.00529104
649.824,0.00513121
652.66,0.00533869
654.906,0.00583946
656.946,0.00670806
658.307,0.00767838
659.285,0.00867612
660.178,0.0100716
660.922,0.0118114
661.538,0.0139822
662.048,0.0167498
662.388,0.0194555
662.729,0.0233934
662.968,0.0274726
663.167,0.0324623
663.306,0.0378064
663.391,0.0426973
663.477,0.0503928
663.539,0.0588771
663.601,0.0715973
663.651,0.0864713
663.7,0.107506
663.743,0.132956
663.79,0.170192
663.832,0.215381
663.873,0.274963
663.915,0.35285
663.962,0.466522
664.008,0.615958
664.055,0.809641
664.102,1.06621
664.152,1.40271
664.208,1.88314
664.268,2.5429
664.338,3.51518
664.42,4.91837
664.531,7.27952
664.762,12.6267
664.876,14.5321
664.986,15.297
665.0,15.3064
665.099,14.8037
665.198,13.3963
665.347,10.1864
665.523,6.08009
665.616,4.27384
665.693,3.05895
665.761,2.21437
665.817,1.66898
665.873,1.23972
665.922,0.942217
665.972,0.711226
666.021,0.535051
666.065,0.417404
666.108,0.327123
666.151,0.258672
666.195,0.20736
666.244,0.165039
666.296,0.133728
666.342,0.114435
666.401,0.0982094
666.47,0.0864158
666.563,0.0783772
666.661,0.0750208
666.714,0.0744804
666.818,0.0750174
667.026,0.0806394
667.234,0.0918428
667.416,0.107759
667.556,0.12659
667.67,0.15036
667.756,0.178156
667.827,0.213473
667.884,0.254967
667.933,0.305374
667.986,0.380692
668.029,0.467143
668.073,0.582869
668.117,0.737221
668.161,0.941858
668.201,1.18825
668.247,1.55191
668.293,2.02692
668.339,2.63953
668.385,3.41878
668.44,4.60681
668.495,6.12807
668.555,8.24517
668.625,11.3595
668.704,15.7402
668.805,22.5859
669.062,42.1714
669.178,48.5037
669.289,50.9409
669.3,50.9589
669.398,49.338
669.503,44.3781
669.666,32.6122
669.835,19.7412
669.931,13.6685
670.004,9.95081
670.07,7.29663
670.13,5.38231
670.187,3.97405
670.24,2.96949
670.286,2.28515
670.332,1.75104
670.378,1.33959
670.422,1.03947
670.465,0.810337
670.509,0.636859
670.553,0.506389
670.597,0.408707
670.643,0.332584
670.698,0.267525
670.752,0.221841
670.818,0.183875
670.895,0.154062
670.982,0.131042
671.105,0.1093
671.258,0.0907746
671.443,0.0751158
671.674,0.0612305
671.932,0.0503662
672.218,0.0418111
672.591,0.034051
672.992,0.028293
673.46,0.0236735
673.994,0.020114
674.663,0.0172087
675.331,0.0152823
676.296,0.0135905
676.994,0.0128864
678.39,0.0123067
678.554,0.0123006
680.187,0.0127294
681.657,0.0138502
682.881,0.015467
684.31,0.018411
685.413,0.0219541
686.229,0.0257825
687.046,0.0312447
687.714,0.0376275
688.337,0.0459788
688.871,0.0562784
689.346,0.0693993
689.731,0.0844218
690.068,0.102637
690.39,0.126933
690.663,0.156035
690.887,0.189239
691.112,0.235897
691.285,0.286753
691.425,0.344983
691.538,0.411319
691.634,0.494021
691.714,0.595425
691.785,0.724911
691.845,0.883285
691.905,1.1069
691.955,1.36366
692.004,1.69208
692.052,2.12579
692.1,2.69511
692.148,3.43623
692.202,4.52789
692.256,5.95793
692.311,7.79994
692.365,10.1292
692.425,13.3752
692.495,18.1389
692.582,25.5158
692.693,37.2806
692.943,67.3916
693.072,78.6559
693.186,82.7618
693.2,82.8144
693.309,79.7658
693.418,71.3137
693.592,51.3078
693.754,32.031
693.852,22.3849
693.933,16.0965
694.003,11.7689
694.063,8.85895
694.123,6.59275
694.178,5.01964
694.232,3.8111
694.286,2.8971
694.331,2.31515
694.376,1.86293
694.431,1.45411
694.485,1.15587
694.535,0.952399
694.595,0.774556
694.665,0.630053
694.746,0.518097
694.83,0.437595
694.951,0.35953
695.095,0.296355
695.264,0.244768
695.481,0.198081
695.733,0.160185
696.031,0.129368
696.344,0.106712
696.673,0.0897314
697.083,0.0748199
697.56,0.0629291
698.051,0.0546375
698.761,0.047037
699.47,0.042616
700.179,0.0403289
700.833,0.0396415
701.898,0.0410358
702.964,0.0453607
703.917,0.0523453
704.768,0.0620861
705.497,0.0744855
706.123,0.089716
706.712,0.110025
707.226,0.135288
707.684,0.167193
708.058,0.203504
708.432,0.254373
708.759,0.317817
709.02,0.388832
709.245,0.472188
709.469,0.588379
709.637,0.709839
709.777,0.847507
709.911,1.02915
710.016,1.23154
710.1,1.45538
710.182,1.75894
710.263,2.18033
710.33,2.67089
710.399,3.36305
710.466,4.29123
710.526,5.40587
710.592,7.00957
710.66,9.2372
710.728,12.1558
710.796,15.8573
710.875,21.2707
710.97,29.5574
711.105,44.1001
711.346,72.2815
711.48,83.1552
711.6,86.5431
711.705,83.9137
711.813,76.2045
711.985,57.3432
712.181,34.4412
712.282,24.7571
712.37,18.0129
712.449,13.3089
712.516,10.176
712.586,7.6681
712.653,5.85823
712.721,4.51244
712.788,3.52373
712.852,2.82781
712.918,2.307
712.993,1.8751
713.077,1.53146
713.166,1.27517
713.282,1.03996
713.423,0.846543
713.581,0.693294
713.778,0.559543
714.002,0.451641
714.254,0.365332
714.549,0.29377
714.871,0.237994
715.245,0.191958
715.666,0.155284
716.124,0.126879
716.666,0.103104
717.227,0.0856586
717.881,0.071144
718.666,0.0590895
719.451,0.0508571
720.348,0.0444656
721.47,0.0396274
722.591,0.0373841
723.04,0.0371714
723.819,0.0379519
724.524,0.0404206
725.053,0.0442958
725.405,0.048805
725.669,0.0543807
725.845,0.0607123
725.968,0.0685805
726.055,0.0782196
726.124,0.0906604
726.185,0.107333
726.237,0.128185
726.289,0.157796
726.333,0.191647
726.376,0.23657
726.42,0.295754
726.463,0.373061
726.513,0.489808
726.56,0.636058
726.612,0.846111
726.664,1.11908
726.721,1.50324
726.783,2.03931
726.849,2.77651
726.925,3.84208
727.013,5.39135
727.146,8.22927
727.354,12.9098
727.479,14.8814
727.593,15.5708
727.6,15.5729
727.714,14.96
727.827,13.2674
728.004,9.40014
728.163,5.8593
728.252,4.22879
728.326,3.11017
728.392,2.30676
728.449,1.75598
728.506,1.31886
728.563,0.979841
728.614,0.742497
728.663,0.569752
728.708,0.448472
728.753,0.354764
728.797,0.283165
728.842,0.229027
728.886,0.18847
728.94,0.153321
728.993,0.128928
729.056,0.10985
729.127,0.0961205
729.216,0.0861082
729.324,0.079639
729.467,0.0753307
729.754,0.0721976
729.901,0.0719093
730.343,0.0740664
730.933,0.0820603
731.522,0.095638
732.038,0.113319
732.558,0.139209
733.004,0.171603
733.37,0.209418
733.705,0.257922
733.976,0.312412
734.215,0.377996
734.454,0.469277
734.645,0.571832
734.812,0.697268
734.952,0.845315
735.075,1.03559
735.171,1.25023
735.254,1.51921
735.326,1.84397
735.394,2.26913
735.457,2.81829
735.521,3.56642
735.585,4.58155
735.642,5.78935
735.701,7.41059
735.769,9.83369
735.838,13.0631
735.911,17.4368
735.993,23.6468
736.096,33.5591
736.254,52.1347
736.458,76.4478
736.573,85.9361
736.691,89.8612
736.7,89.8799
736.808,86.9889
736.929,77.6791
737.121,55.2965
737.296,34.3815
737.401,24.1759
737.487,17.5909
737.561,13.1031
737.629,9.92465
737.696,7.50668
737.759,5.75732
737.823,4.44111
737.887,3.4633
737.951,2.74295
738.02,2.17231
738.09,1.76399
738.17,1.43346
738.253,1.18976
738.349,0.993056
738.468,0.821005
738.612,0.676796
738.771,0.562283
738.962,0.462692
739.201,0.373804
739.48,0.300907
739.759,0.248789
740.093,0.203654
740.484,0.166353
740.938,0.136066
741.44,0.112849
742.053,0.0935172
742.69,0.0801133
743.327,0.0711685
743.837,0.066283
744.749,0.0611933
745.66,0.0598713
746.8,0.0629105
747.75,0.0699799
748.51,0.079744
749.2,0.0932196
749.8,0.110261
750.37,0.133614
750.86,0.162427
751.28,0.197194
751.67,0.242525
752.02,0.300048
752.325,0.370819
752.605,0.463071
752.84,0.573199
753.05,0.713358
753.2,0.853176
753.335,1.02643
753.46,1.25501
753.56,1.51854
753.648,1.84632
753.725,2.25423
753.798,2.78904
753.871,3.53186
753.937,4.44422
754.005,5.70222
754.069,7.29902
754.14,9.60474
754.216,12.8648
754.288,16.8369
754.372,22.6842
754.476,31.7847
754.626,47.894
754.828,70.5067
754.952,80.7605
755.076,85.395
755.1,85.5216
755.212,82.7387
755.328,74.6182
755.512,55.034
755.704,33.7271
755.81,24.0961
755.9,17.5807
755.972,13.4594
756.044,10.2172
756.11,7.91326
756.173,6.21159
756.236,4.90552
756.299,3.91364
756.371,3.07477
756.44,2.48983
756.52,2.00185
756.6,1.65464
756.7,1.3493
756.8,1.1342
756.925,0.941723
757.075,0.777387
757.25,0.639954
757.46,0.521687
757.715,0.420156
757.985,0.344096
758.3,0.281214
758.653,0.23229
759.006,0.199259
759.242,0.184629
759.514,0.17643
759.65,0.178348
759.786,0.188819
759.877,0.204762
759.969,0.232903
760.046,0.270466
760.122,0.326396
760.199,0.407145
760.275,0.520058
760.354,0.678148
760.433,0.885706
760.522,1.18375
760.638,1.67603
760.955,3.22428
761.086,3.64924
761.2,3.77585
761.314,3.64289
761.439,3.23377
761.646,2.22382
761.805,1.45028
761.912,1.02672
761.997,0.761214
762.074,0.574521
762.145,0.440259
762.213,0.342915
762.274,0.276278
762.342,0.220815
762.41,0.180466
762.478,0.151355
762.56,0.126949
762.648,0.109191
762.737,0.0971359
762.869,0.085198
763.09,0.0731704
763.403,0.0628524
763.811,0.054194
764.355,0.0465494
765.171,0.0390809
766.191,0.0330684
767.211,0.0290538
768.435,0.0258075
770.012,0.0232636
771.533,0.0220001
772.946,0.0216577
774.793,0.0223975
776.639,0.0246438
778.309,0.0285045
779.769,0.0339272
780.854,0.040223
781.877,0.0489789
782.691,0.0591641
783.349,0.0708866
783.966,0.0864148
784.478,0.104719
784.917,0.126767
785.303,0.154028
785.669,0.190898
785.972,0.235085
786.228,0.288731
786.442,0.353265
786.599,0.420397
786.74,0.50773
786.849,0.609022
786.933,0.721664
787.006,0.861829
787.079,1.06237
787.142,1.30548
787.205,1.6428
787.262,2.06557
787.317,2.60385
787.372,3.31185
787.427,4.23372
787.489,5.61353
787.549,7.33456
787.615,9.73476
787.686,13.1137
787.765,17.7833
787.863,25.1211
787.994,37.281
788.233,60.9975
788.366,70.5102
788.486,73.9652
788.5,74.005
788.613,71.4895
788.726,64.4697
788.893,48.8293
789.085,29.7004
789.19,21.0474
789.276,15.2975
789.354,11.1801
789.419,8.49337
789.483,6.43517
789.547,4.85861
789.602,3.82373
789.657,3.02577
789.712,2.41779
789.771,1.92653
789.831,1.56769
789.899,1.27609
789.967,1.07397
790.051,0.905204
790.153,0.77925
790.255,0.702219
790.401,0.639176
790.546,0.608332
790.696,0.598738
790.855,0.608325
791.066,0.651528
791.277,0.735575
791.462,0.857222
791.599,0.993968
791.709,1.15319
791.82,1.38626
791.916,1.69126
791.994,2.04874
792.068,2.52095
792.141,3.18158
792.205,3.97199
792.275,5.13024
792.341,6.59952
792.408,8.52368
792.477,11.1157
792.549,14.6083
792.629,19.4763
792.729,27.1782
792.856,39.273
793.135,68.6672
793.26,78.0008
793.382,81.879
793.4,81.9416
793.518,79.1008
793.65,69.9367
793.874,46.664
794.036,30.2209
794.137,21.8459
794.22,16.3364
794.297,12.2604
794.37,9.24129
794.437,7.14222
794.503,5.52899
794.569,4.30807
794.631,3.4387
794.696,2.76559
794.769,2.20209
794.833,1.84053
794.916,1.50179
795.008,1.2375
795.123,1.00993
795.238,0.850659
795.403,0.689397
795.596,0.559052
795.803,0.459515
796.051,0.373465
796.34,0.301805
796.662,0.244909
797.03,0.198333
797.461,0.159429
797.912,0.130398
798.472,0.104609
798.987,0.087423
799.639,0.0713624
800.356,0.0585955
801.192,0.0478626
802.129,0.0392068
803.223,0.0320069
804.457,0.0262328
805.987,0.0212677
807.46,0.0179982
809.109,0.0152509
810.995,0.0130744
812.409,0.0119007
815.001,0.0105644
817.122,0.010119
818.424,0.0102823
819.727,0.0110272
820.596,0.0121923
821.201,0.013703
821.706,0.015886
822.06,0.0184236
822.347,0.0217148
822.529,0.0249882
822.665,0.028909
822.756,0.033085
822.835,0.0387654
822.904,0.0462466
822.963,0.0559038
823.019,0.0692858
823.07,0.08605
823.12,0.109171
823.171,0.14088
823.215,0.177889
823.259,0.225981
823.309,0.298114
823.357,0.386574
823.404,0.499983
823.459,0.670883
823.514,0.892081
823.569,1.1732
823.631,1.56866
823.7,2.133
823.782,2.97697
823.879,4.23808
824.024,6.52829
824.235,10.0077
824.364,11.5247
824.486,12.1178
824.5,12.1239
824.613,11.7018
824.727,10.5251
824.905,7.73557
825.091,4.67293
825.196,3.23657
825.273,2.38696
825.346,1.74675
825.409,1.30551
825.472,0.959491
825.527,0.723967
825.58,0.545689
825.63,0.417434
825.68,0.318247
825.729,0.242525
825.779,0.185415
825.828,0.142811
825.878,0.111337
825.929,0.087957
825.981,0.0705593
826.032,0.0581098
826.093,0.0479731
826.154,0.041048
826.223,0.0356744
826.31,0.0312715
826.431,0.0274242
826.593,0.0242548
826.846,0.0211689
827.227,0.0184842
827.481,0.0174035
827.989,0.0161941
828.496,0.0157595
829.373,0.0161408
830.25,0.0176375
831.127,0.0203376
831.894,0.0241497
832.529,0.0288409
833.143,0.0354387
833.601,0.0425518
833.993,0.0510265
834.385,0.062949
834.711,0.0770362
835.016,0.0956931
835.255,0.116326
835.473,0.142494
835.654,0.173331
835.803,0.209821
835.904,0.245636
835.993,0.290159
836.07,0.34479
836.144,0.421875
836.209,0.519431
836.264,0.631931
836.318,0.783934
836.372,0.989231
836.427,1.26538
836.481,1.63424
836.532,2.08544
836.59,2.76062
836.648,3.64718
836.706,4.79229
836.771,6.42492
836.84,8.6994
836.917,11.8581
837.007,16.6083
837.116,23.6766
837.443,48.3107
837.578,55.2193
837.7,57.4049
837.822,55.2038
837.944,49.1173
838.141,34.5342
838.317,21.3976
838.416,15.2602
838.502,11.0347
838.578,8.05357
838.64,6.1207
838.706,4.53866
838.763,3.46548
838.82,2.63363
838.87,2.07
838.924,1.59494
838.979,1.23613
839.033,0.967616
839.087,0.768025
839.142,0.620225
839.205,0.495509
839.271,0.405017
839.347,0.331767
839.434,0.27502
839.532,0.231593
839.662,0.192222
839.826,0.158597
840.021,0.130292
840.239,0.107714
840.493,0.0886538
840.776,0.0733038
841.124,0.059815
841.53,0.0488121
841.938,0.0410284
842.426,0.0344175
842.985,0.0291126
843.591,0.0251016
844.349,0.0217855
845.258,0.0194159
846.092,0.0182912
846.926,0.0179365
848.101,0.0186667
848.884,0.0200199
849.667,0.0223018
850.282,0.0250078
850.953,0.0293254
851.512,0.034543
852.051,0.041754
852.525,0.0510851
852.932,0.0627359
853.257,0.0759272
853.535,0.0915903
853.781,0.110682
853.995,0.133556
854.174,0.159796
854.32,0.189601
854.445,0.225821
854.545,0.26807
854.632,0.322466
854.709,0.392835
854.773,0.477402
854.837,0.596963
854.891,0.73441
854.944,0.91888
854.996,1.15624
855.05,1.48129
855.103,1.90993
855.157,2.46935
855.21,3.19072
855.273,4.28337
855.335,5.70242
855.404,7.71065
855.472,10.2557
855.558,14.2566
855.661,20.3405
855.815,31.4161
856.042,48.2984
856.172,54.9323
856.298,57.3016
856.3,57.3022
856.42,55.2177
856.54,49.4299
856.734,35.3936
856.915,21.8638
857.024,15.2016
857.11,11.0086
857.185,8.10106
857.249,6.12927
857.313,4.57989
857.369,3.521
857.426,2.69393
857.477,2.10202
857.531,1.62861
857.584,1.26819
857.638,0.996313
857.691,0.792658
857.748,0.632142
857.802,0.521175
857.866,0.424347
857.941,0.345884
858.027,0.285352
858.118,0.241635
858.23,0.204381
858.391,0.168261
858.583,0.138635
858.815,0.113722
859.093,0.0929343
859.4,0.0770549
859.775,0.0638305
860.149,0.0549053
860.524,0.0488433
860.988,0.0441606
861.528,0.0417663
861.683,0.0416461
862.166,0.0430786
862.571,0.0470263
862.876,0.0525373
863.129,0.0599342
863.332,0.0691787
863.48,0.0798158
863.594,0.0928831
863.676,0.107422
863.741,0.124504
863.806,0.149278
863.863,0.1804
863.913,0.218878
863.964,0.271265
864.015,0.342381
864.066,0.43838
864.117,0.566975
864.168,0.737593
864.219,0.961523
864.269,1.25192
864.326,1.67454
864.383,2.22234
864.44,2.91972
864.507,3.96656
864.581,5.42551
864.66,7.41564
864.755,10.3909
864.89,15.4733
865.123,24.9052
865.263,28.9363
865.389,30.362
865.4,30.3713
865.516,29.3318
865.631,26.4314
865.807,19.7663
866.005,11.7882
866.112,8.23159
866.193,6.03732
866.27,4.37424
866.334,3.28546
866.398,2.42926
866.456,1.82698
866.512,1.37605
866.568,1.03044
866.619,0.790382
866.67,0.606832
866.721,0.468046
866.774,0.360579
866.823,0.285641
866.873,0.229998
866.93,0.18389
866.98,0.154711
867.037,0.130435
867.108,0.109409
867.194,0.0927956
867.289,0.0806471
867.401,0.0710955
867.58,0.0609651
867.804,0.052619
868.124,0.0449181
868.433,0.040189
868.929,0.0357622
869.424,0.0335857
869.92,0.032856
870.663,0.0339108
871.405,0.0372095
872.147,0.0429795
872.797,0.0509514
873.405,0.0621597
873.919,0.0761715
874.329,0.0920499
874.697,0.111908
875.033,0.137305
875.327,0.168486
875.579,0.20579
875.8,0.251244
875.989,0.305844
876.136,0.365488
876.267,0.441934
876.372,0.531912
876.464,0.647962
876.545,0.799134
876.619,0.996998
876.682,1.23486
876.745,1.56144
876.808,2.00881
876.863,2.53105
876.926,3.32145
876.989,4.37357
877.052,5.75236
877.118,7.61127
877.19,10.2471
877.269,13.9348
877.354,18.978
877.459,26.6898
877.627,41.7083
877.818,59.1275
877.957,68.2451
878.086,71.6923
878.1,71.727
878.218,69.3303
878.335,62.6384
878.524,46.2702
878.721,28.265
878.835,19.6664
878.925,14.2801
879.003,10.5218
879.076,7.82757
879.14,5.95623
879.203,4.5325
879.266,3.44353
879.329,2.62373
879.382,2.10383
879.445,1.63237
879.508,1.28785
879.571,1.03688
879.634,0.853712
879.71,0.69568
879.789,0.581271
879.88,0.487866
879.985,0.41329
880.117,0.347848
880.274,0.292207
880.495,0.237669
880.726,0.197756
880.989,0.165567
881.304,0.138739
881.629,0.119873
882.05,0.104464
882.47,0.0964036
882.806,0.0944137
883.165,0.0967684
883.523,0.10484
883.792,0.116199
884.061,0.134665
884.273,0.157536
884.433,0.184191
884.562,0.217272
884.658,0.255619
884.739,0.303593
884.811,0.367271
884.878,0.453868
884.935,0.555298
884.991,0.693957
885.047,0.882974
885.103,1.13907
885.155,1.44949
885.211,1.89556
885.267,2.48119
885.324,3.23931
885.385,4.29955
885.449,5.73344
885.52,7.75019
885.6,10.6736
885.69,14.8025
885.806,21.3829
886.133,42.9165
886.266,49.0456
886.394,51.2706
886.4,51.2751
886.516,49.5834
886.636,44.5854
886.824,32.7606
887.017,19.9831
887.123,14.1427
887.21,10.2747
887.287,7.53778
887.358,5.56663
887.425,4.10705
887.481,3.15977
887.538,2.41743
887.594,1.84438
887.644,1.452
887.692,1.15552
887.74,0.924908
887.788,0.746728
887.846,0.586427
887.904,0.469929
887.968,0.377373
888.032,0.311978
888.109,0.257397
888.199,0.21447
888.302,0.181408
888.45,0.14973
888.611,0.126153
888.836,0.10291
889.093,0.0842838
889.408,0.0682785
889.732,0.056616
890.091,0.0472229
890.523,0.0390981
891.046,0.0321408
891.662,0.0264024
892.38,0.0216818
893.2,0.0179229
894.185,0.0148047
895.211,0.0125418
896.647,0.0104082
898.288,0.00877584
900.015,0.0076733
901.743,0.00700316
903.884,0.00655678
904.874,0.00647366
906.854,0.00658853
909.329,0.00729175
911.061,0.00836467
912.298,0.00960148
913.567,0.0115242
914.649,0.0139846
915.492,0.0167412
916.278,0.0204207
916.951,0.0248654
917.572,0.0306582
918.081,0.0372915
918.541,0.0455653
918.982,0.0566437
919.379,0.0708198
919.718,0.0879592
920.009,0.108546
920.28,0.135679
920.484,0.164109
920.668,0.199785
920.813,0.239557
920.93,0.284776
921.029,0.340265
921.114,0.408533
921.186,0.491529
921.259,0.60897
921.32,0.744891
921.38,0.929179
921.438,1.16738
921.498,1.49251
921.557,1.92522
921.617,2.49531
921.676,3.23722
921.741,4.29994
921.807,5.67274
921.879,7.62798
921.957,10.2847
922.042,13.9298
922.153,19.9096
922.323,31.0822
922.56,47.0276
922.703,53.6584
922.843,56.1293
922.852,56.1399
922.983,54.3307
923.0,53.862
923.0,3.54634
1000.0,3.34943
1195.53,2.97179
1250.0,2.86659
1494.41,2.54302
1500.0,2.53562
1750.0,2.29442
2000.0,2.11073
2391.06,1.90614
2500.0,1.84915
2988.82,1.67534
3000.0,1.67137
3250.0,1.60205
3885.47,1.46757
4000.0,1.44334
4782.12,1.33206
5000.0,1.30106
5977.65,1.20366
6000.0,1.20143
6250.0,1.18079
7000.0,1.12615
8000.0,1.06611
9000.0,1.01633
10000.0,0.973872
11955.3,0.907566
12500.0,0.889094
14944.1,0.825287
15000.0,0.823828
17932.9,0.766942
20000.0,0.72685
23910.6,0.671958
25000.0,0.656666
29888.2,0.604224
30000.0,0.603025
35865.9,0.558085
40000.0,0.526412
42362.8,0.512466
44725.6,0.499724
44725.6,0.54257
50000.0,0.389029
60951.7,0.324317
72316.6,0.278474
89118.3,0.237623
106779.0,0.208153
130000.0,0.181701
156051.0,0.166958
186620.0,0.158272
307677.0,0.1376
400000.0,0.1298
500000.0,0.1305
600000.0,0.1276
700000.0,0.12852
791851.0,0.12756
884302.0,0.12263
930863.0,0.119359
959984.0,0.112772
996636.0,0.116679
1159310.0,0.1033
1553960.0,0.082789
2233180.0,0.0496323
2604600.0,0.034688
2899620.0,0.0246005
3143700.0,0.0182985
3332450.0,0.0146242
3657720.0,0.00983608
3855140.0,0.00768952
4085560.0,0.00582442
4296700.0,0.00455445
4559660.0,0.00337062
4769180.0,0.00261965
4985790.0,0.0020387
5242820.0,0.00160665
5500000.0,0.001284
5891130.0,0.00100697
6000000.0,9.43004E-4
6500000.0,8.06002E-4
7000000.0,7.57002E-4
8000000.0,8.11003E-4
8500000.0,9.29998E-4
9250000.0,0.0010585
9500000.0,0.00111
1.05E7,0.00117
1.075E7,0.00117
1.175E7,0.001128
1.35E7,9.37498E-4
1.45E7,7.55001E-4
1.5248E7,6.52836E-4
1.55E7,6.15001E-4
1.61868E7,5.48637E-4
1.65E7,5.12001E-4
1.75E7,4.59499E-4
1.8E7,4.18001E-4
1.87467E7,3.89885E-4
1.95E7,3.55001E-4
2.0E7,3.45001E-4
