94-Pu-243(n,&gamma;) ENDF/B-VII.1
1.0E-5,4520.11
1.31241E-5,3945.61
1.70876E-5,3457.84
2.2426E-5,3018.36
2.91987E-5,2645.23
3.83206E-5,2308.99
4.98935E-5,2023.55
6.54808E-5,1766.34
8.52562E-5,1548.0
1.11891E-4,1351.22
1.45682E-4,1184.15
1.91195E-4,1033.65
2.48937E-4,905.838
3.26707E-4,790.635
4.25373E-4,692.853
5.58264E-4,604.721
7.26861E-4,529.932
9.53941E-4,462.499
0.00124203,405.221
0.00163006,353.613
0.00212234,309.793
0.00278538,270.284
0.00362657,236.756
0.00475955,206.891
0.00619694,181.132
0.00813293,157.851
0.0105891,138.287
0.0138972,120.276
0.0180942,105.044
0.0234661,92.0331
0.0253,88.3989
0.033204,76.6009
0.0453449,65.0367
0.0617907,55.0225
0.0847058,46.2892
0.110747,39.7696
0.15829,32.2901
0.206879,27.4698
0.270479,23.2261
0.353506,19.6069
0.440644,17.0737
0.52268,15.3743
0.62488,14.0069
0.743,13.161
0.81644,12.9986
0.9266,13.3312
1.00922,14.1624
1.09184,15.7325
1.16161,17.9378
1.22036,20.8297
1.27085,24.5386
1.31583,29.374
1.35439,35.3622
1.38789,42.7662
1.41681,51.7182
1.44527,64.2392
1.46914,79.243
1.49025,97.9571
1.50861,120.759
1.52605,151.253
1.54051,186.656
1.55405,232.671
1.5653,285.05
1.57654,356.368
1.58756,452.513
1.59858,584.433
1.61005,769.349
1.62501,1080.65
1.64191,1445.58
1.65219,1592.82
1.66016,1632.17
1.66908,1587.88
1.67918,1439.62
1.70965,786.859
1.72113,595.2
1.73146,464.853
1.74178,367.723
1.7528,291.635
1.76382,235.808
1.77667,188.25
1.79136,149.365
1.80765,118.749
1.82417,96.4147
1.84391,77.1766
1.86663,61.4779
1.89234,48.9739
1.91804,40.0393
1.94833,32.4271
1.98046,26.5976
2.02086,21.3765
2.06492,17.3804
2.11816,14.0164
2.17279,11.6123
2.23475,9.67507
2.31507,7.93489
2.3954,6.74388
2.4872,5.79945
2.579,5.14327
2.7167,4.50816
2.87172,4.13332
3.01772,4.02121
3.15602,4.13431
3.25744,4.37949
3.36808,4.86676
3.45106,5.45504
3.53404,6.34264
3.60319,7.44041
3.65943,8.70271
3.71844,10.6045
3.76823,12.9452
3.81248,15.9434
3.85121,19.7118
3.8844,24.3046
3.91344,29.963
3.94018,37.3315
3.96277,46.1153
3.9819,56.4293
3.99965,69.6587
4.01602,86.7026
4.03054,107.859
4.04298,132.82
4.05589,168.511
4.06719,211.216
4.07848,268.089
4.09093,350.619
4.10476,467.664
4.13666,773.56
4.14846,849.74
4.16056,878.227
4.17059,858.47
4.18313,784.099
4.20479,581.253
4.22439,397.25
4.23753,299.605
4.24997,229.199
4.26173,179.802
4.27302,144.553
4.28478,117.257
4.29723,95.8077
4.31175,77.4489
4.32696,63.4006
4.34632,50.5183
4.36661,40.9005
4.38919,33.1732
4.41639,26.5358
4.44405,21.7006
4.47632,17.6191
4.5132,14.283
4.55193,11.7642
4.60033,9.51989
4.65289,7.80932
4.7142,6.41138
4.78335,5.30891
4.8525,4.53096
4.947,3.79932
5.05995,3.23757
5.15676,2.92875
5.28287,2.68769
5.43448,2.57803
5.45999,2.57626
5.598,2.65502
5.736,2.90458
5.83313,3.22334
5.93025,3.7227
6.01535,4.39235
6.08658,5.21968
6.14762,6.23249
6.2022,7.51625
6.254,9.26601
6.2984,11.4248
6.33725,14.1185
6.3724,17.5965
6.402,21.754
6.42744,26.7585
6.4501,32.9777
6.46952,40.3751
6.48756,49.918
6.50375,61.8925
6.51855,77.1841
6.5315,95.6064
6.54422,120.19
6.55717,154.111
6.56989,198.423
6.58515,268.003
6.60689,394.147
6.63288,547.585
6.64842,606.646
6.66056,621.948
6.67432,602.654
6.6906,536.204
6.73269,286.481
6.74749,214.812
6.76044,165.894
6.77339,128.794
6.78518,103.453
6.79767,83.3569
6.81224,66.2712
6.8275,53.4322
6.84415,43.3334
6.86404,34.7189
6.8867,27.7939
6.9126,22.2246
6.94035,17.9926
6.97272,14.4775
7.0088,11.7011
7.04765,9.56543
7.09298,7.78675
7.1457,6.33112
7.20721,5.15326
7.27381,4.26518
7.35475,3.52347
7.438,3.00449
7.549,2.55039
7.66,2.26956
7.75817,2.11936
7.88051,2.03044
7.94168,2.02037
8.06507,2.07168
8.18846,2.22987
8.30318,2.50531
8.40055,2.88397
8.4817,3.35732
8.54893,3.91738
8.61385,4.67928
8.66949,5.59805
8.7205,6.78185
8.76918,8.3952
8.8086,10.2494
8.84569,12.7116
8.87908,15.8801
8.90504,19.3413
8.93008,24.0011
8.9528,30.0314
8.97228,37.4149
8.98944,46.6289
9.00335,56.9357
9.01818,72.034
9.03117,90.068
9.04392,113.568
9.05853,149.22
9.07383,197.887
9.09516,283.462
9.12539,413.493
9.14431,470.428
9.16055,487.615
9.17435,475.406
9.19068,432.386
9.21896,315.483
9.24354,212.741
9.25907,160.363
9.27368,122.007
9.28759,94.4513
9.30011,75.8153
9.31471,59.7328
9.32793,49.0505
9.34462,39.2066
9.36131,32.1247
9.38079,26.1341
9.40351,21.1309
9.42716,17.3734
9.45498,14.162
9.48744,11.4741
9.52639,9.19707
9.56534,7.57633
9.6117,6.19023
9.66457,5.0719
9.72902,4.12311
9.79857,3.41459
9.87972,2.84663
9.9655,2.43798
10.0698,2.10917
10.195,1.87152
10.3306,1.74503
10.4244,1.7196
10.5531,1.76155
10.6819,1.90425
10.8002,2.15486
10.8978,2.49118
10.9791,2.91144
11.0465,3.40895
11.1116,4.08674
11.1674,4.90659
11.2185,5.96593
11.2603,7.1737
11.3021,8.86343
11.3393,11.0069
11.37,13.5044
11.396,16.445
11.4183,19.9042
11.4383,24.1443
11.4578,29.9094
11.4741,36.5984
11.4904,45.88
11.5043,56.8012
11.5187,72.0581
11.5336,93.3523
11.5492,123.093
11.567,167.771
11.5917,245.186
11.6243,350.468
11.6433,391.022
11.6596,403.078
11.6741,393.632
11.6923,357.594
11.7218,265.246
11.7492,176.878
11.7669,130.837
11.7815,100.93
11.7969,77.0685
11.8115,60.2229
11.825,48.694
11.8403,39.0086
11.8557,31.935
11.8738,25.8653
11.8933,21.1632
11.9175,17.0141
11.9454,13.656
11.9779,10.9186
12.0095,9.01908
12.0485,7.32527
12.0941,5.92991
12.1471,4.79783
12.2089,3.88763
12.2758,3.20645
12.3571,2.64039
12.4501,2.21107
12.543,1.92679
12.636,1.73788
12.7754,1.5764
12.9235,1.52316
13.0761,1.58016
13.1905,1.70833
13.3031,1.9324
13.3963,2.22628
13.4894,2.67601
13.5639,3.21605
13.6291,3.90139
13.6827,4.70222
13.7316,5.73302
13.7735,6.97439
13.8107,8.51393
13.8433,10.3892
13.8731,12.7876
13.8992,15.7448
13.9216,19.307
13.9411,23.6626
13.9574,28.6477
13.9737,35.4644
13.99,44.9225
14.004,55.9337
14.0184,71.0071
14.0333,91.4249
14.0506,122.119
14.0725,172.069
14.1201,296.265
14.1391,330.732
14.1596,344.638
14.179,332.275
14.201,292.291
14.255,152.624
14.2736,113.058
14.2909,84.5098
14.3055,65.9705
14.3202,51.9144
14.3356,40.9944
14.3509,32.9932
14.3677,26.6402
14.3873,21.3576
14.4068,17.5803
14.432,14.1188
14.4599,11.419
14.4934,9.14717
14.527,7.53188
14.5661,6.17038
14.6126,5.01782
14.6657,4.09517
14.7188,3.43664
14.7887,2.82282
14.8585,2.39394
14.9517,2.00338
15.0448,1.74539
15.1379,1.57451
15.2776,1.42956
15.4089,1.3844
15.5422,1.41659
15.6755,1.53708
15.797,1.75082
15.8949,2.03286
15.9766,2.38586
16.0536,2.87465
16.1189,3.47797
16.1748,4.21698
16.2238,5.13312
16.2658,6.23508
16.3055,7.70277
16.3381,9.40727
16.3689,11.6811
16.395,14.44
16.4174,17.8001
16.4375,22.0633
16.4538,26.8703
16.4701,33.4339
16.4851,41.5689
16.5014,53.6051
16.5182,70.3744
16.535,92.4966
16.5553,126.946
16.5863,192.69
16.6201,263.67
16.6432,294.593
16.6598,301.578
16.6779,293.041
16.6973,267.122
16.73,199.833
16.7636,128.266
16.7832,94.6635
16.7999,72.0844
16.8167,54.8843
16.8307,44.0357
16.8447,35.7273
16.8615,28.3259
16.8779,23.0917
16.8974,18.5646
16.9184,15.121
16.9418,12.383
16.9698,10.0433
16.9996,8.25885
17.0332,6.80414
17.0724,5.57957
17.1134,4.64954
17.1666,3.78762
17.2198,3.17443
17.2898,2.60459
17.3598,2.20733
17.4531,1.84623
17.5464,1.60823
17.6397,1.45102
17.7796,1.3185
17.9089,1.27859
18.0416,1.30938
18.1743,1.42164
18.2955,1.62037
18.3936,1.88374
18.4754,2.21379
18.5525,2.67153
18.6179,3.23797
18.674,3.93409
18.7231,4.80033
18.7651,5.84748
18.8048,7.25213
18.8376,8.89973
18.8647,10.8104
18.8908,13.4204
18.9133,16.6298
18.9305,20.0641
18.9469,24.4524
18.9633,30.4048
18.9801,38.7722
18.9964,49.7989
19.0123,63.9334
19.031,85.6242
19.0535,119.217
19.1159,231.833
19.1391,259.893
19.1598,268.585
19.1791,260.889
19.2011,235.436
19.2385,169.121
19.2708,111.6
19.2913,82.0862
19.3081,63.0941
19.3233,49.7021
19.3387,39.2384
19.3542,31.3367
19.3717,24.7336
19.388,20.2404
19.4077,16.327
19.4282,13.3929
19.4516,10.9938
19.4796,8.94233
19.5114,7.29362
19.5507,5.86258
19.5876,4.8998
19.632,4.05482
19.6853,3.33148
19.7441,2.76591
19.8142,2.29346
19.8843,1.96131
19.9778,1.6576
20.0946,1.41877
20.2348,1.26074
20.3453,1.20456
20.409,1.19467
20.5411,1.22405
20.6732,1.32935
20.7941,1.51561
20.8924,1.76357
20.9743,2.07476
21.0515,2.5071
21.117,3.04353
21.1732,3.70498
21.2224,4.53142
21.2645,5.5359
21.2996,6.70618
21.3324,8.2378
21.3604,10.0984
21.3829,12.1745
21.4054,15.0839
21.4236,18.3874
21.44,22.4068
21.4564,27.8191
21.4728,35.1068
21.4892,44.8275
21.5055,57.5494
21.5252,77.4135
21.5467,105.16
21.6117,206.382
21.6315,229.153
21.6548,241.823
21.6598,242.236
21.684,232.432
21.7106,202.459
21.7742,103.209
21.7957,75.9102
21.8147,57.0386
21.8313,44.2872
21.8468,35.1745
21.8622,28.2193
21.8786,22.6837
21.895,18.5697
21.9146,14.9705
21.9333,12.4804
21.9568,10.2161
21.9848,8.29346
22.0176,6.72057
22.0569,5.40588
22.0972,4.4563
22.1416,3.69966
22.195,3.0499
22.2568,2.52
22.327,2.09944
22.4089,1.76234
22.5025,1.50465
22.5961,1.33467
22.7365,1.18659
22.8462,1.13476
22.9091,1.12585
23.0407,1.15403
23.1723,1.25356
23.2928,1.42947
23.3913,1.66469
23.4733,1.9603
23.5506,2.37175
23.6162,2.88365
23.6725,3.51703
23.7217,4.31183
23.7639,5.28361
23.7991,6.42512
23.8319,7.93655
23.86,9.80009
23.8825,11.9095
23.9013,14.3212
23.92,17.6165
23.9364,21.5287
23.9528,26.7589
23.9692,33.7243
23.9866,43.486
24.0053,57.4032
24.025,76.2577
24.0498,106.14
24.1075,185.669
24.1315,209.838
24.1548,220.477
24.1598,220.824
24.184,212.603
24.2106,187.239
24.2809,91.888
24.3044,66.3695
24.3238,49.9036
24.3419,38.2218
24.3599,29.472
24.3756,23.7707
24.392,19.2776
24.4117,15.343
24.4291,12.8153
24.4525,10.3393
24.4759,8.57565
24.5069,6.92373
24.5406,5.66082
24.58,4.61822
24.6245,3.78426
24.678,3.08215
24.7342,2.56248
24.8045,2.10852
24.8866,1.74939
24.9803,1.47737
25.0975,1.26436
25.2381,1.12446
25.347,1.07617
25.4091,1.068
25.5402,1.09496
25.6713,1.18937
25.7915,1.35627
25.8901,1.58044
25.9723,1.86261
26.0497,2.2561
26.1155,2.74704
26.1718,3.35666
26.2211,4.12519
26.2633,5.07104
26.2985,6.19242
26.3267,7.44442
26.3549,9.21294
26.3783,11.324
26.3971,13.6627
26.4159,16.855
26.4328,20.7509
26.4492,25.7939
26.4657,32.4371
26.484,42.1924
26.5027,55.2574
26.5248,74.9635
26.553,106.449
26.6074,172.764
26.6315,193.524
26.6571,202.811
26.6598,202.89
26.684,195.89
26.7107,174.127
26.7844,85.8299
26.8088,61.9313
26.8292,46.3366
26.8473,35.7192
26.8661,27.402
26.8825,21.9601
26.8989,17.8474
26.9177,14.3672
26.9388,11.5582
26.9623,9.35694
26.9858,7.78321
27.013,6.45778
27.0468,5.28118
27.0806,4.43118
27.1252,3.62206
27.1787,2.94445
27.2351,2.44484
27.3055,2.00974
27.3876,1.66636
27.4815,1.40676
27.5989,1.20391
27.7397,1.07114
27.8479,1.02594
27.9092,1.01846
28.0398,1.04443
28.1704,1.13451
28.2904,1.29376
28.3891,1.50854
28.4714,1.77931
28.5489,2.15765
28.6147,2.63104
28.6711,3.22104
28.7205,3.96857
28.7628,4.89534
28.7981,6.00553
28.8263,7.26064
28.8498,8.70773
28.8742,10.8253
28.893,13.0986
28.9118,16.1936
28.9292,20.0693
28.9457,24.9277
28.9621,31.261
28.9814,40.9836
29.0025,55.0025
29.0246,73.6463
29.0594,109.995
29.1074,161.656
29.1314,179.704
29.1571,187.727
29.1598,187.795
29.1841,181.755
29.2108,162.852
29.2587,111.572
29.2942,74.3758
29.3175,54.747
29.3372,41.6283
29.3553,32.2865
29.3729,25.3154
29.3894,20.3605
29.4058,16.5872
29.4251,13.3045
29.4439,10.9624
29.4674,8.85429
29.4909,7.35123
29.5191,6.05443
29.553,4.95235
29.5901,4.09289
29.6348,3.35714
29.6884,2.739
29.7476,2.26263
29.8181,1.8693
29.9003,1.55776
29.9826,1.34606
30.1001,1.15185
30.2411,1.02515
30.3487,0.982561
30.4092,0.975621
30.5393,1.00066
30.6695,1.0869
30.7892,1.23941
30.8881,1.446
30.9704,1.70683
31.0481,2.07203
31.114,2.53033
31.1705,3.10376
31.2199,3.83424
31.2552,4.56969
31.2882,5.51677
31.3164,6.64828
31.3399,7.94864
31.3625,9.67125
31.3851,12.1018
31.4039,14.9222
31.4223,18.651
31.4388,23.0867
31.4553,28.827
31.4741,37.3308
31.4953,49.7825
31.5169,65.902
31.5494,95.7746
31.6026,148.036
31.6314,167.801
31.6598,174.87
31.6841,169.598
31.7108,153.007
31.756,110.074
31.7965,71.127
31.8219,51.4614
31.8426,38.9026
31.8607,30.339
31.8798,23.4447
31.8963,18.9232
31.9161,14.8677
31.9349,12.0503
31.9537,9.96824
31.9772,8.08327
32.0027,6.64182
32.0309,5.49854
32.0648,4.52114
32.0996,3.7963
32.1443,3.12459
32.198,2.55844
32.2601,2.1034
32.3307,1.74636
32.4131,1.46258
32.5072,1.24719
32.6014,1.10614
32.7426,0.984756
32.8495,0.944446
32.9093,0.93798
33.039,0.962177
33.1687,1.04503
33.2882,1.19162
33.3871,1.39098
33.4696,1.64311
33.5474,1.99686
33.6133,2.44215
33.6699,3.00158
33.7123,3.59808
33.7477,4.28111
33.783,5.2362
33.8113,6.31779
33.8348,7.56518
33.8584,9.30189
33.8773,11.2133
33.8961,13.7885
33.915,17.2722
33.9319,21.4321
33.9517,27.8538
33.9715,36.3413
33.9927,48.0918
34.0167,64.9077
34.0559,98.7512
34.1025,139.885
34.1313,157.409
34.1598,163.641
34.1826,159.545
34.2071,146.889
34.2467,114.452
34.2971,69.4366
34.324,49.967
34.3466,37.1287
34.3669,28.2911
34.3867,21.7628
34.4065,16.9206
34.4258,13.449
34.4446,10.9526
34.4635,9.09645
34.487,7.40641
34.5144,6.02718
34.5427,5.0154
34.5766,4.14517
34.6181,3.39358
34.6628,2.81849
34.7165,2.32812
34.7844,1.90017
34.8551,1.59422
34.9376,1.34899
35.0318,1.16204
35.1496,1.01693
35.291,0.927385
35.4093,0.904556
35.5386,0.927977
35.6679,1.0078
35.7871,1.14912
35.8862,1.34207
35.9688,1.58649
36.0466,1.93017
36.1127,2.36414
36.1599,2.805
36.2047,3.38688
36.2472,4.17668
36.2826,5.13441
36.3109,6.23206
36.3344,7.5102
36.358,9.30062
36.3769,11.2741
36.3958,13.9254
36.4147,17.488
36.4349,22.6516
36.4548,29.3776
36.476,38.7976
36.4996,52.2519
36.5279,72.4331
36.5977,129.328
36.6238,145.051
36.6509,153.284
36.6598,153.822
36.6842,149.696
36.711,136.593
36.7506,106.51
36.8011,65.3239
36.8275,47.682
36.8508,35.3638
36.8704,27.3473
36.8902,21.1176
36.9101,16.4508
36.9308,12.8675
36.9521,10.2277
36.9733,8.32617
36.9978,6.75664
37.0261,5.4905
37.0544,4.59216
37.0917,3.75172
37.1365,3.05142
37.1814,2.55607
37.238,2.11028
37.3087,1.72717
37.3913,1.42792
37.4857,1.20344
37.58,1.05713
37.698,0.945225
37.7924,0.896105
37.9093,0.874527
38.0382,0.897192
38.1671,0.974217
38.2861,1.1107
38.3853,1.29781
38.468,1.53523
38.5459,1.86983
38.612,2.29371
38.6593,2.72608
38.7042,3.29997
38.7396,3.93237
38.775,4.8262
38.8057,5.95316
38.8293,7.18294
38.853,8.90449
38.8728,10.9062
38.8917,13.473
38.9106,16.9
38.9314,21.9587
38.9512,28.3583
38.9734,37.68
38.9994,51.7696
39.0315,73.6173
39.0976,123.079
39.1313,140.133
39.1598,145.093
39.1842,141.402
39.211,129.635
39.2507,102.343
39.3055,61.2506
39.3329,44.501
39.3563,33.1994
39.3773,25.3311
39.3971,19.6512
39.417,15.3705
39.4359,12.3218
39.4571,9.79782
39.4784,7.97167
39.5039,6.41307
39.5322,5.21028
39.5606,4.35805
39.5922,3.66572
39.6371,2.97168
39.682,2.48434
39.7387,2.04786
39.7977,1.72671
39.8686,1.45439
39.9394,1.26222
40.0339,1.08666
40.152,0.950918
40.2937,0.867777
40.4093,0.847374
40.5378,0.869386
40.6663,0.943907
40.7851,1.07604
40.8844,1.25793
40.9671,1.48912
41.0357,1.76844
41.1019,2.16073
41.1587,2.65607
41.2036,3.22401
41.2391,3.85524
41.2746,4.75717
41.3006,5.69968
41.3242,6.88418
41.3479,8.54026
41.3687,10.5658
41.3876,13.0499
41.4065,16.3453
41.4278,21.2991
41.4477,27.3917
41.4708,36.6097
41.4968,49.8923
41.5314,71.8911
41.5976,117.448
41.6312,132.887
41.6598,137.357
41.6903,132.225
41.7215,117.688
41.8104,57.2812
41.8388,41.3915
41.8615,31.315
41.8842,23.5116
41.904,18.3192
41.9244,14.3042
41.9457,11.209
41.9646,9.17711
41.9882,7.32587
42.01,6.09968
42.0383,4.95553
42.0667,4.1455
42.1017,3.43087
42.1467,2.79169
42.1916,2.34145
42.2512,1.92016
42.3221,1.57813
42.4049,1.31057
42.4876,1.1304
42.5822,0.992668
42.7005,0.887758
42.8522,0.827808
42.9093,0.822712
43.0375,0.844121
43.1656,0.916366
43.2841,1.04457
43.3836,1.22173
43.4664,1.4473
43.5351,1.72042
43.6013,2.10523
43.6487,2.49802
43.696,3.05381
43.7315,3.64537
43.767,4.49023
43.7955,5.46752
43.8191,6.60936
43.8428,8.20302
43.8646,10.2482
43.8835,12.6513
43.9025,15.8197
43.9242,20.6684
43.9441,26.4718
43.9673,35.178
43.9943,48.1223
44.0312,70.2111
44.088,106.998
44.1236,123.977
44.1547,130.271
44.1598,130.399
44.1842,127.389
44.2111,117.731
44.2509,94.9392
44.3101,56.7128
44.3411,40.2225
44.3645,30.3636
44.3877,22.7827
44.4076,17.8128
44.4294,13.7084
44.4507,10.7619
44.472,8.60993
44.4961,6.86198
44.5217,5.56074
44.5501,4.54715
44.5842,3.70423
44.6202,3.08208
44.6652,2.53415
44.7191,2.07802
44.7755,1.744
44.8465,1.44972
44.9175,1.245
45.0122,1.05968
45.1069,0.939341
45.2489,0.837112
45.3528,0.80498
45.4093,0.800141
45.5371,0.820989
45.6649,0.891156
45.7832,1.01578
45.8827,1.18864
45.9657,1.40912
46.0344,1.67669
46.1008,2.05492
46.1481,2.44277
46.1955,2.99536
46.2311,3.58897
46.2595,4.2459
46.2856,5.07179
46.3093,6.10476
46.333,7.53826
46.3567,9.55598
46.3756,11.7553
46.3946,14.6427
46.4136,18.3948
46.4339,23.6017
46.4572,31.2692
46.4846,42.966
46.5197,61.7786
46.588,102.74
46.6236,118.286
46.6571,124.105
46.6598,124.136
46.6903,119.904
46.7264,105.448
46.8192,50.9296
46.8477,37.2354
46.8714,28.1372
46.8946,21.2054
46.9145,16.6447
46.9344,13.1468
46.9557,10.3412
46.9747,8.47948
46.9965,6.88534
47.0221,5.54588
47.0505,4.50741
47.079,3.77239
47.1117,3.16273
47.1567,2.57432
47.2017,2.16172
47.2643,1.76137
47.3354,1.45362
47.4183,1.21257
47.5131,1.03164
47.6079,0.914354
47.7501,0.814959
47.8534,0.784035
47.9093,0.779428
48.0367,0.799749
48.1641,0.867994
48.2823,0.989312
48.3819,1.15823
48.465,1.37408
48.5337,1.63663
48.5907,1.94606
48.6381,2.30541
48.6808,2.75506
48.7164,3.277
48.752,4.02115
48.7804,4.87893
48.8042,5.87561
48.8279,7.25598
48.8492,8.96674
48.8715,11.4112
48.8905,14.1896
48.9095,17.7786
48.9304,22.8577
48.9536,30.1344
48.9797,40.5194
49.0158,58.5051
49.0879,98.816
49.1236,113.108
49.1571,118.434
49.1598,118.463
49.193,113.906
49.2302,99.4931
49.3232,48.3862
49.3519,35.4796
49.3782,26.1198
49.4015,19.7663
49.4228,15.3126
49.4442,11.9506
49.4655,9.45162
49.4893,7.43661
49.5139,5.95101
49.5396,4.85881
49.568,4.00003
49.6031,3.26361
49.6392,2.73363
49.6843,2.26371
49.7412,1.85272
49.8005,1.55518
49.8717,1.30563
49.9428,1.13091
50.0377,0.972326
50.1563,0.850619
50.2986,0.777103
50.4094,0.760302
50.5365,0.780158
50.6635,0.846663
50.7815,0.964985
50.8812,1.13033
50.9643,1.342
51.0332,1.60008
51.0901,1.90524
51.1376,2.26127
51.1804,2.70976
51.216,3.23489
51.2516,3.99098
51.2801,4.86967
51.3038,5.89496
51.3276,7.31577
51.349,9.07181
51.3713,11.5666
51.3941,15.0339
51.4169,19.682
51.4401,25.8963
51.4667,35.051
51.4985,48.9056
51.5878,95.187
51.6235,108.372
51.6571,113.266
51.6598,113.292
51.6931,109.107
51.7303,95.8144
51.826,46.5952
51.8573,33.4062
51.8818,25.2565
51.905,19.1976
51.9278,14.6738
51.9492,11.4839
51.9706,9.09987
51.9896,7.50412
52.0143,5.97551
52.0399,4.85194
52.0684,3.97213
52.099,3.30454
52.1396,2.69014
52.1847,2.22133
52.2417,1.81428
52.3011,1.52101
52.3723,1.27579
52.4435,1.10446
52.5385,0.949212
52.6572,0.830275
52.7997,0.758656
52.9093,0.742538
53.0361,0.761906
53.1628,0.826736
53.2806,0.942212
53.3804,1.10419
53.4636,1.31193
53.5325,1.56586
53.5896,1.86715
53.6371,2.2204
53.6799,2.66859
53.7155,3.19806
53.744,3.78773
53.7726,4.61174
53.7987,5.68372
53.8225,7.05059
53.8463,8.95312
53.8672,11.2308
53.89,14.5609
53.9128,18.997
53.9366,25.0284
53.9632,33.7019
53.9936,46.1132
54.0877,91.8088
54.1235,104.017
54.1571,108.532
54.1598,108.556
54.1904,105.277
54.2266,93.9542
54.2855,65.7469
54.334,42.6279
54.3654,30.5906
54.392,22.6187
54.4153,17.2471
54.4376,13.3146
54.459,10.471
54.4804,8.34044
54.5032,6.66599
54.5289,5.31731
54.5574,4.27334
54.5859,3.54235
54.6221,2.8961
54.6582,2.44194
54.7034,2.03638
54.7542,1.71184
54.8136,1.44207
54.8849,1.2155
54.9681,1.03511
55.0632,0.898768
55.1583,0.811191
55.3009,0.741392
55.4094,0.725953
55.5358,0.744905
55.6622,0.808207
55.7797,0.921067
55.8797,1.07996
55.9629,1.28414
56.0319,1.53435
56.089,1.83233
56.1366,2.18357
56.1794,2.63262
56.2151,3.16795
56.2437,3.76897
56.2722,4.61379
56.2984,5.71581
56.3222,7.11969
56.346,9.06576
56.3669,11.381
56.3897,14.7387
56.4126,19.1685
56.4364,25.1277
56.463,33.5982
56.4982,47.631
56.5877,88.6603
56.6235,99.9958
56.6598,104.196
56.6931,100.625
56.7304,89.204
56.8023,56.3204
56.8446,38.0548
56.8755,27.4141
56.9022,20.3059
56.926,15.4502
56.9474,12.1105
56.9688,9.5699
56.9926,7.48202
57.015,6.05106
57.0406,4.86367
57.0692,3.93803
57.0999,3.24379
57.1315,2.7346
57.1767,2.22696
57.2219,1.87427
57.2786,1.56168
57.3499,1.29123
57.4213,1.10541
57.5165,0.938734
57.6116,0.831408
57.7068,0.763757
57.8557,0.714328
57.9094,0.710471
58.0355,0.729032
58.1616,0.790924
58.2789,0.901378
58.3789,1.05743
58.4623,1.25836
58.5313,1.50525
58.5885,1.80043
58.6361,2.15036
58.679,2.60135
58.7147,3.1439
58.7469,3.84984
58.7754,4.75678
58.798,5.757
58.8219,7.19708
58.8457,9.18397
58.8666,11.5323
58.8895,14.9108
58.9123,19.3264
58.9395,26.1419
58.9695,35.8183
59.0114,52.7292
59.0819,83.5818
59.1234,96.2941
59.1598,100.193
59.1931,96.879
59.2305,86.2448
59.2938,59.1263
59.3422,38.7687
59.3724,28.4456
59.3991,21.2319
59.4238,16.0505
59.4477,12.2692
59.4715,9.45333
59.4953,7.39146
59.5181,5.94587
59.541,4.88325
59.5696,3.9328
59.6003,3.22294
59.632,2.70589
59.6682,2.28158
59.7134,1.90436
59.7672,1.58931
59.8268,1.34363
59.8982,1.13701
59.9934,0.953727
60.0887,0.836136
60.2077,0.74778
60.3562,0.699667
60.4094,0.695957
60.5352,0.71413
60.6609,0.774675
60.7781,0.882846
60.8782,1.03623
60.9617,1.23412
61.0308,1.47796
61.088,1.77071
61.1356,2.1199
61.1785,2.57371
61.2143,3.12455
61.2465,3.84645
61.2751,4.77741
61.2977,5.80434
61.3216,7.27903
61.3454,9.30317
61.3664,11.6796
61.3892,15.0714
61.4121,19.4646
61.4393,26.1755
61.4693,35.5936
61.5113,51.8316
61.5818,80.9718
61.6234,92.8471
61.6598,96.4774
61.6905,93.8581
61.7267,84.734
61.7792,64.2525
61.8373,40.2894
61.8693,29.429
61.896,22.1422
61.9217,16.6467
61.9455,12.755
61.9694,9.82499
61.9932,7.66036
62.0156,6.16076
62.0414,4.90905
62.07,3.9333
62.1007,3.20683
62.1324,2.68093
62.1686,2.25271
62.2139,1.87512
62.2678,1.56196
62.3274,1.31892
62.3989,1.11515
62.4704,0.972574
62.5657,0.843597
62.661,0.761159
62.8041,0.696032
62.9094,0.682295
63.0349,0.700114
63.1603,0.759406
63.2773,0.86545
63.3775,1.01636
63.461,1.21147
63.5302,1.45258
63.5874,1.74334
63.6352,2.09244
63.6781,2.55003
63.7139,3.11032
63.7425,3.7523
63.7711,4.66529
63.7974,5.85821
63.8212,7.36606
63.8451,9.42428
63.8661,11.8244
63.889,15.2236
63.9119,19.5883
63.9391,26.1904
63.9692,35.3549
64.015,52.4857
64.0817,78.5289
64.1234,89.6508
64.1598,93.0402
64.1932,90.1607
64.2306,80.8696
64.2898,58.5003
64.3451,37.1938
64.3795,26.5078
64.4062,19.9521
64.4315,15.1142
64.4553,11.6223
64.4792,8.99365
64.5016,7.14938
64.5245,5.74765
64.5474,4.71059
64.576,3.77969
64.6056,3.10739
64.6419,2.53723
64.6782,2.13956
64.7235,1.78742
64.7803,1.48135
64.8518,1.22022
64.9234,1.04237
65.0188,0.883808
65.1143,0.782233
65.2097,0.718548
65.3573,0.672871
65.4095,0.669445
65.5346,0.686958
65.6598,0.745115
65.7766,0.849223
65.8769,0.997889
65.9605,1.1905
66.0297,1.42926
66.087,1.71857
66.1348,2.06833
66.1777,2.53085
66.2135,3.10189
66.2422,3.75967
66.2673,4.56023
66.2923,5.66546
66.3162,7.11291
66.3401,9.08066
66.362,11.4845
66.385,14.7446
66.4117,19.7043
66.4389,26.195
66.4738,36.6851
66.5378,60.4239
66.5874,78.0203
66.6233,86.678
66.6598,89.8498
66.6982,86.3167
66.7421,74.8395
66.8462,36.571
66.8796,26.5043
66.9064,20.0629
66.9317,15.263
66.9556,11.7673
66.9794,9.11435
67.0019,7.24009
67.0248,5.80802
67.0506,4.63278
67.0764,3.78922
67.106,3.1003
67.1377,2.58006
67.1786,2.11677
67.2239,1.76337
67.2807,1.45845
67.3404,1.23588
67.424,1.02401
67.5195,0.867718
67.615,0.767767
67.7105,0.705202
67.8577,0.660571
67.9094,0.657252
68.0343,0.674412
68.1591,0.731429
68.2758,0.833635
68.3762,0.980106
68.4598,1.1703
68.5291,1.40683
68.5865,1.69487
68.6343,2.04566
68.6701,2.42154
68.706,2.96021
68.7346,3.57865
68.7633,4.45659
68.7872,5.47736
68.8111,6.866
68.835,8.74657
68.8579,11.149
68.8809,14.2756
68.9076,19.012
68.9354,25.3086
68.9688,34.8402
69.0262,54.8797
69.0874,75.7407
69.1233,83.8809
69.1598,86.8561
69.1982,83.5422
69.2422,72.7428
69.3493,35.3365
69.3832,25.6041
69.4133,18.7779
69.4391,14.2494
69.463,11.0192
69.4869,8.56412
69.5108,6.73053
69.5366,5.28467
69.5596,4.3458
69.5882,3.49774
69.62,2.84505
69.6518,2.38709
69.6881,2.01329
69.7335,1.68341
69.7933,1.38578
69.865,1.14629
69.9486,0.960983
70.0442,0.823373
70.1637,0.719311
70.3071,0.658031
70.4095,0.645689
70.5341,0.662586
70.6586,0.718599
70.7751,0.819096
70.8756,0.963618
70.9593,1.1517
71.0286,1.3864
71.086,1.67377
71.1339,2.02642
71.1697,2.4073
71.2056,2.95689
71.2343,3.59056
71.2594,4.35997
71.2821,5.30103
71.306,6.63442
71.33,8.43351
71.3539,10.8328
71.3768,13.8345
71.4036,18.3634
71.4318,24.4785
71.4687,34.5762
71.5376,57.8446
71.5873,73.616
71.6233,81.2856
71.6598,84.0826
71.6983,80.9672
71.7423,70.7849
71.8523,34.1833
71.8867,24.7613
71.9169,18.2312
71.9441,13.6698
71.968,10.6004
71.992,8.25966
72.0168,6.44501
72.0426,5.07283
72.0656,4.1788
72.0931,3.39715
72.1249,2.76331
72.1613,2.26594
72.1976,1.91802
72.2459,1.59344
72.3057,1.31922
72.3775,1.09716
72.4492,0.945114
72.5449,0.809327
72.6645,0.706829
72.808,0.646639
72.9094,0.634678
73.0337,0.651252
73.158,0.706237
73.2743,0.80503
73.3748,0.947622
73.4586,1.13364
73.5281,1.36659
73.5855,1.65346
73.6334,2.00825
73.6693,2.39445
73.698,2.8245
73.7267,3.42031
73.7555,4.26391
73.7818,5.35443
73.8057,6.71291
73.8297,8.5362
73.8536,10.9521
73.8804,14.5265
73.9072,19.1819
73.9383,26.0829
73.9781,37.1674
74.0757,68.5165
74.1148,77.5085
74.1546,81.4122
74.1598,81.4644
74.1933,79.2278
74.2309,71.9442
74.2902,53.9252
74.351,34.3271
74.3869,24.7338
74.4171,18.3141
74.4444,13.7886
74.4707,10.453
74.4946,8.15887
74.52,6.34228
74.5459,4.99285
74.5717,4.01729
74.5981,3.29873
74.6299,2.68368
74.6617,2.25172
74.6981,1.89963
74.7465,1.57364
74.8063,1.30024
74.8781,1.07999
74.9499,0.929651
75.0457,0.795662
75.1654,0.694719
75.309,0.635633
75.4095,0.624079
75.5335,0.640395
75.6574,0.694452
75.7736,0.791679
75.8742,0.932514
75.9581,1.11668
76.0276,1.34821
76.0851,1.63505
76.133,1.9927
76.1689,2.38499
76.1976,2.82411
76.2264,3.43424
76.2551,4.29839
76.2815,5.41295
76.3055,6.79564
76.3294,8.64137
76.3534,11.0713
76.3802,14.6392
76.407,19.248
76.4382,26.0194
76.4779,36.7854
76.5757,66.7637
76.6148,75.2729
76.6546,78.9574
76.6598,79.0067
76.6933,76.8966
76.7309,70.0115
76.7903,52.8793
76.8564,32.5537
76.8938,23.1725
76.923,17.3526
76.9494,13.2297
76.9757,10.0577
77.0002,7.83149
77.0261,6.07507
77.0519,4.79424
77.0778,3.86525
77.1075,3.10621
77.1394,2.53945
77.1712,2.1393
77.2076,1.8115
77.2589,1.49168
77.3188,1.23952
77.3907,1.03509
77.4745,0.876094
77.5703,0.757934
77.6662,0.683159
77.8099,0.625076
77.9095,0.613875
78.0332,0.62993
78.1569,0.6831
78.2729,0.778851
78.3736,0.918032
78.4575,1.1005
78.5271,1.33081
78.575,1.56141
78.623,1.89416
78.6613,2.28604
78.6901,2.70051
78.7189,3.27451
78.7476,4.08457
78.7728,5.07078
78.7956,6.26765
78.822,8.12983
78.8483,10.6454
78.8723,13.6292
78.8992,17.8909
78.9313,24.3901
78.973,35.0408
79.0756,65.0983
79.1147,73.1637
79.1571,76.6814
79.1598,76.694
79.1934,74.6996
79.231,68.1803
79.2904,51.8694
79.3566,32.3025
79.394,23.1571
79.4256,17.0174
79.4544,12.6988
79.4808,9.68041
79.5062,7.48398
79.5321,5.82134
79.558,4.60517
79.5839,3.72033
79.6124,3.01969
79.6443,2.46931
79.6807,2.03447
79.7263,1.6667
79.7714,1.41589
79.8313,1.18303
79.9032,0.993099
79.9752,0.862457
80.0711,0.745727
80.1669,0.67198
80.3108,0.614848
80.4095,0.603983
80.5329,0.619783
80.6564,0.672105
80.7722,0.766447
80.873,0.904066
80.957,1.08496
81.017,1.27653
81.0746,1.54522
81.1225,1.88097
81.1609,2.2793
81.1897,2.70259
81.2185,3.29006
81.2473,4.11893
81.2725,5.12556
81.2953,6.34253
81.3217,8.22595
81.3481,10.7534
81.3759,14.2739
81.4066,19.343
81.4412,26.6374
81.4872,38.7069
81.5755,63.513
81.6147,71.1693
81.6571,74.5009
81.6598,74.5128
81.6984,72.0344
81.7368,65.1813
81.7996,48.2247
81.8644,30.0715
81.9009,21.7288
81.9331,15.9131
81.9618,11.8998
81.9882,9.09604
82.0122,7.15479
82.0381,5.58014
82.0641,4.42496
82.09,3.58197
82.1173,2.93634
82.1492,2.40187
82.1811,2.02395
82.2176,1.71455
82.2598,1.45856
82.3198,1.20695
82.3918,1.00515
82.4758,0.84923
82.5718,0.733848
82.6677,0.661075
82.8117,0.604846
82.9095,0.594298
83.0327,0.609851
83.1558,0.661356
83.2715,0.754349
83.3556,0.862955
83.4396,1.02738
83.5069,1.22532
83.5645,1.47692
83.6125,1.78945
83.6509,2.15783
83.6822,2.5854
83.711,3.13807
83.7398,3.91515
83.765,4.85602
83.7902,6.12905
83.8166,7.93073
83.843,10.3415
83.868,13.3023
83.8987,18.0023
83.9309,24.2727
83.9727,34.3552
84.0639,59.2643
84.1062,68.0222
84.1469,72.1898
84.1598,72.4512
84.2023,69.6214
84.2407,62.753
84.3079,45.0885
84.3675,29.1615
84.4044,21.0529
84.4357,15.6147
84.4645,11.7137
84.4909,8.97533
84.5154,7.03769
84.5413,5.49485
84.5673,4.35871
84.5949,3.48158
84.6222,2.85582
84.6542,2.33683
84.6907,1.92606
84.7363,1.57889
84.7843,1.33006
84.8444,1.11519
84.9164,0.939743
85.0004,0.802674
85.0965,0.700894
85.2166,0.625836
85.3611,0.587333
85.4095,0.584683
85.5324,0.59999
85.6553,0.650705
85.7708,0.742402
85.8549,0.849863
85.9391,1.01295
86.0063,1.21006
86.064,1.46215
86.1121,1.77771
86.1505,2.15224
86.1818,2.5888
86.2106,3.15404
86.2395,3.94827
86.2647,4.90735
86.2899,6.19981
86.3164,8.01921
86.3428,10.4384
86.3716,13.9078
86.4024,18.707
86.4375,25.6472
86.487,37.7577
86.5639,57.9467
86.6062,66.2905
86.6469,70.2505
86.6598,70.4987
86.7023,67.8109
86.7407,61.2745
86.808,44.3671
86.871,28.1796
86.908,20.4048
86.9407,14.9675
86.9695,11.2558
86.996,8.64533
87.0214,6.73081
87.0474,5.26866
87.0733,4.18913
87.0998,3.38422
87.1272,2.77778
87.1591,2.27384
87.1911,1.9168
87.2276,1.6245
87.2728,1.36928
87.3329,1.13702
87.405,0.950494
87.4771,0.823375
87.5732,0.710464
87.6693,0.639487
87.8135,0.584928
87.9096,0.574965
88.0322,0.59006
88.1548,0.640061
88.2703,0.730585
88.3544,0.837021
88.4386,0.998962
88.5059,1.19551
88.5636,1.44853
88.6117,1.76772
88.6502,2.14905
88.6815,2.59523
88.7103,3.17358
88.7392,3.98528
88.7644,4.96257
88.7897,6.27399
88.8137,7.92063
88.8402,10.2883
88.8676,13.4778
88.8984,18.0799
88.934,24.8255
88.9821,36.0802
89.0638,56.699
89.1061,64.6577
89.1508,68.5458
89.1598,68.6615
89.2023,66.1052
89.2523,57.4456
89.3745,27.2556
89.4115,19.7928
89.4409,15.0417
89.4697,11.3522
89.4938,8.94928
89.5188,7.0035
89.5447,5.47363
89.5707,4.33741
89.5955,3.53351
89.6229,2.87904
89.6549,2.33641
89.6914,1.90935
89.728,1.61259
89.7732,1.3551
89.8333,1.12242
89.9055,0.936624
89.9776,0.810423
90.0738,0.698551
90.17,0.628329
90.3142,0.574445
90.4095,0.564687
90.5319,0.579489
90.6543,0.628711
90.7696,0.718008
90.8538,0.823378
90.938,0.984136
91.0054,1.18013
91.0536,1.38386
91.1017,1.68089
91.1402,2.0334
91.1739,2.48122
91.2028,3.02505
91.2316,3.78591
91.2569,4.69963
91.2846,6.05926
91.3087,7.63464
91.3327,9.66373
91.3597,12.5776
91.3905,16.8582
91.4271,23.3532
91.4771,34.4828
91.5638,55.4844
91.6061,63.0846
91.6508,66.7886
91.6598,66.8987
91.7024,64.4643
91.7524,56.1985
91.8747,27.0842
91.9151,19.1936
91.9459,14.4233
91.9748,10.9092
92.0017,8.37687
92.0277,6.51275
92.0537,5.10868
92.0797,4.06472
92.105,3.31225
92.1324,2.71135
92.1644,2.21111
92.201,1.81534
92.2376,1.5388
92.2857,1.28487
92.3459,1.06998
92.4181,0.897164
92.5023,0.763413
92.5986,0.664665
92.7189,0.592183
92.8623,0.55548
92.9095,0.552972
93.0316,0.567458
93.1538,0.61588
93.2689,0.703945
93.3532,0.808276
93.4375,0.967928
93.5049,1.16352
93.5531,1.36808
93.6012,1.66844
93.6398,2.02708
93.6735,2.48424
93.7024,3.03984
93.7313,3.81612
93.7566,4.74559
93.7843,6.12274
93.8084,7.7104
93.8325,9.74458
93.8594,12.6485
93.8903,16.886
93.9269,23.2664
93.977,34.1021
94.0637,54.3268
94.1145,62.6294
94.1598,65.2326
94.2024,62.9108
94.2525,55.0104
94.3782,26.2036
94.4187,18.619
94.451,13.8359
94.4799,10.4859
94.5078,7.99333
94.5338,6.22806
94.5598,4.89603
94.5858,3.90344
94.6145,3.10558
94.6419,2.55323
94.674,2.09152
94.7106,1.72432
94.7561,1.41511
94.8103,1.1701
94.8705,0.986034
94.9307,0.856582
95.003,0.746286
95.0993,0.648273
95.2197,0.576343
95.3628,0.539902
95.4096,0.537339
95.5315,0.551308
95.6533,0.598749
95.7683,0.685432
95.8527,0.788623
95.937,0.947116
96.0045,1.14236
96.0527,1.34793
96.0912,1.58024
96.1298,1.91198
96.1587,2.26257
96.1913,2.81641
96.2202,3.51493
96.2455,4.34953
96.2708,5.46217
96.2985,7.0927
96.3226,8.94588
96.3515,11.8138
96.3824,15.7628
96.42,21.9134
96.4672,31.5551
96.5636,53.2079
96.6145,61.1512
96.6598,63.6361
96.7024,61.4195
96.7526,53.8621
96.8817,25.3587
96.9222,18.063
96.956,13.2728
96.9849,10.0767
97.0138,7.62403
97.0398,5.95082
97.0659,4.68599
97.0919,3.74136
97.1194,3.00728
97.1468,2.47155
97.1789,2.02277
97.2109,1.70315
97.2505,1.42379
97.2987,1.18859
97.3589,0.988947
97.4312,0.827902
97.5035,0.717707
97.5999,0.61963
97.7204,0.547204
97.8168,0.517039
97.9251,0.506488
98.0409,0.521015
98.1567,0.565817
98.2676,0.647508
98.352,0.748341
98.4196,0.867146
98.4871,1.04158
98.5426,1.25652
98.5812,1.47202
98.6198,1.77825
98.6535,2.16447
98.6834,2.64809
98.7116,3.28213
98.7399,4.15784
98.7674,5.32561
98.7934,6.80476
98.8223,8.98353
98.8513,11.8424
98.8822,15.7538
98.9198,21.8023
98.9719,32.2525
99.0635,52.1011
99.1145,59.7095
99.1598,62.0834
99.2025,59.9624
99.2526,52.7206
99.3853,24.4982
99.4263,17.3984
99.4572,13.1446
99.4842,10.1767
99.5131,7.69805
99.5372,6.10662
99.5645,4.73228
99.5927,3.68319
99.6209,2.92053
99.6491,2.36669
99.681,1.91814
99.7147,1.58078
99.7485,1.33702
99.7967,1.09006
99.8522,0.893905
99.9125,0.742503
99.9849,0.611598
100.067,0.504684
100.168,0.410362
100.279,0.336971
100.414,0.273692
100.549,0.228356
100.723,0.186455
100.926,0.152137
101.167,0.123707
101.437,0.101637
101.665,0.0897702
101.7,0.0886624
101.7,11.5052
121.585,10.4007
126.275,10.1402
150.85,9.13211
180.346,8.28511
200.0,7.72072
237.5,6.96226
275.0,6.37021
328.771,5.74391
350.0,5.49664
418.435,4.93003
425.0,4.87568
500.0,4.407
597.765,3.94251
600.0,3.93189
700.0,3.56868
836.871,3.19321
850.0,3.15719
1000.0,2.84901
1195.53,2.55644
1250.0,2.47494
1494.41,2.21383
1500.0,2.20786
1750.0,2.00689
2000.0,1.85001
2375.0,1.67018
2750.0,1.53532
3287.71,1.40131
3500.0,1.3484
4184.35,1.23842
4250.0,1.22787
5000.0,1.14671
5977.65,1.07822
6000.0,1.07666
7000.0,1.03471
8368.71,1.00738
8500.0,1.00476
10000.0,0.999981
10000.0,0.99994
15000.0,0.740024
30000.0,0.47001
50000.0,0.300006
60000.0,0.260003
70000.0,0.240002
100000.0,0.220001
250794.0,0.172222
400000.0,0.120001
512221.0,0.0966393
700000.0,0.0450016
900000.0,0.0549989
1001590.0,0.0399365
1500000.0,0.0200002
3000000.0,0.0050001
1.0E7,0.00200001
2.0E7,0.001
