92-U-237(n,total fission) ENDF/B-VII.1
1.0E-5,89.3921
1.31241E-5,78.0302
1.70876E-5,68.3835
2.2426E-5,59.692
2.91987E-5,52.3124
3.83206E-5,45.6625
4.98935E-5,40.0172
6.54808E-5,34.9301
8.52562E-5,30.6118
1.11891E-4,26.7198
1.45682E-4,23.4153
1.91195E-4,20.4383
2.48937E-4,17.9102
3.26707E-4,15.6312
4.25373E-4,13.6967
5.58264E-4,11.9529
7.26861E-4,10.4729
9.53941E-4,9.13827
0.00124203,8.00432
0.00163006,6.98234
0.00212234,6.11417
0.00278538,5.33105
0.00362657,4.66612
0.00475955,4.07305
0.00619694,3.56111
0.00813293,3.09787
0.0105891,2.70769
0.0138972,2.34787
0.0180942,2.04273
0.0234661,1.78143
0.0253,1.70884
0.033204,1.47043
0.0453449,1.23901
0.0592642,1.0581
0.0774837,0.900744
0.101268,0.762051
0.132401,0.639115
0.173043,0.534013
0.226242,0.440786
0.283085,0.374006
0.353506,0.317515
0.440644,0.270918
0.526803,0.240276
0.609168,0.22047
0.716067,0.20494
0.831876,0.199115
0.947684,0.20617
1.02786,0.222252
1.10135,0.25116
1.15592,0.288311
1.20157,0.337941
1.24055,0.403679
1.27217,0.484165
1.29867,0.583952
1.32139,0.708288
1.33965,0.850156
1.35569,1.0234
1.37172,1.26878
1.38419,1.53877
1.39488,1.85726
1.40557,2.30201
1.41493,2.85562
1.42261,3.49244
1.42962,4.29511
1.43664,5.41509
1.44299,6.82497
1.44922,8.7164
1.45524,11.147
1.46192,14.6574
1.47038,20.2772
1.48601,31.4983
1.49287,34.7852
1.49968,35.9417
1.5057,34.985
1.51283,31.7208
1.52606,22.3779
1.53586,15.6003
1.54321,11.5674
1.54922,9.02847
1.55545,7.0354
1.56147,5.60908
1.5677,4.51593
1.57461,3.63345
1.5824,2.91898
1.59064,2.3776
1.6,1.93489
1.61091,1.5659
1.62293,1.27598
1.6363,1.04488
1.65233,0.84756
1.67104,0.686476
1.69242,0.558713
1.71736,0.456076
1.74231,0.384431
1.7717,0.32464
1.81068,0.270367
1.85856,0.226923
1.91869,0.192663
1.97882,0.171019
2.06568,0.151917
2.17703,0.138606
2.31066,0.131162
2.4621,0.128865
2.64027,0.131309
2.90752,0.142928
3.17499,0.164515
3.39924,0.193654
3.60421,0.234171
3.75062,0.275991
3.89704,0.335704
4.02881,0.413818
4.13129,0.500361
4.23012,0.618255
4.31797,0.768522
4.39483,0.95598
4.45462,1.16012
4.5144,1.44494
4.56809,1.80902
4.61079,2.21447
4.64861,2.70707
4.68278,3.31655
4.7145,4.09661
4.74378,5.10317
4.76867,6.30101
4.7921,7.88652
4.81259,9.8578
4.82967,12.173
4.84432,14.9415
4.85749,18.43
4.86921,22.8075
4.87897,27.8978
4.88873,34.9906
4.89751,43.8745
4.9063,56.0939
4.91484,72.2449
4.92338,93.7122
4.93265,124.097
4.94314,167.86
4.96242,267.397
4.97657,338.763
4.98829,380.135
4.99959,394.619
5.01054,381.413
5.02147,344.53
5.04246,238.1
5.05783,161.308
5.06857,118.197
5.07735,90.5891
5.08528,71.1911
5.09334,56.0764
5.10139,44.685
5.11054,35.1766
5.11908,28.7076
5.12933,23.0692
5.14055,18.6731
5.15227,15.3669
5.16642,12.479
5.1835,10.0025
5.20302,8.00535
5.22352,6.50499
5.24695,5.26519
5.2733,4.25952
5.30454,3.40665
5.33675,2.77332
5.37579,2.22031
5.42093,1.7687
5.46974,1.42355
5.52464,1.14753
5.57588,0.959798
5.63811,0.791959
5.71497,0.643489
5.7955,0.533203
5.89799,0.435583
6.01512,0.360781
6.15177,0.304024
6.28842,0.268087
6.42507,0.246225
6.63005,0.231554
6.69837,0.230685
6.87269,0.237307
7.047,0.256978
7.22358,0.293867
7.36485,0.341684
7.48845,0.403911
7.5944,0.480666
7.68774,0.576017
7.77602,0.703466
7.85801,0.872634
7.92864,1.08196
7.9854,1.31844
8.03837,1.6251
8.08252,1.97847
8.12666,2.47111
8.1645,3.06714
8.19729,3.78912
8.22554,4.65212
8.25228,5.79589
8.27347,7.06033
8.29113,8.49569
8.30829,10.4158
8.32342,12.8014
8.33603,15.5852
8.34663,18.7848
8.35672,22.906
8.36681,28.5144
8.37614,35.5203
8.38497,44.267
8.3938,55.6078
8.40414,72.8944
8.41549,97.5975
8.42937,136.306
8.45409,221.764
8.47175,280.236
8.48466,310.419
8.49847,323.641
8.49976,323.732
8.51292,313.394
8.52724,281.471
8.55297,194.571
8.57202,130.803
8.58564,94.0238
8.59649,71.1464
8.6062,55.2163
8.61604,42.8625
8.62487,34.4344
8.6337,27.9927
8.64328,22.7224
8.65337,18.6057
8.66548,15.0223
8.67961,12.0786
8.69474,9.85554
8.7129,7.96492
8.73409,6.41028
8.75831,5.1552
8.78656,4.12167
8.81885,3.2902
8.85316,2.66128
8.89352,2.13262
8.93514,1.74105
8.98559,1.39995
9.03983,1.13819
9.10163,0.924602
9.171,0.753952
9.24668,0.620597
9.33497,0.509831
9.43587,0.421314
9.55948,0.347614
9.68056,0.298971
9.83191,0.259187
9.98327,0.235231
10.1515,0.221575
10.2693,0.218763
10.4441,0.224583
10.619,0.243089
10.7561,0.269178
10.8932,0.309998
11.015,0.364712
11.1217,0.434747
11.213,0.52054
11.2994,0.635843
11.3704,0.769682
11.4364,0.944112
11.4974,1.17305
11.5507,1.45888
11.5951,1.79436
11.6344,2.20814
11.67,2.72989
11.6992,3.32332
11.7258,4.07016
11.7487,4.95677
11.7685,6.02081
11.7868,7.40151
11.802,9.02946
11.8152,11.0001
11.8279,13.6464
11.8393,16.9532
11.8497,21.0371
11.8599,26.3385
11.871,34.1142
11.8827,44.9705
11.8949,59.8517
11.9089,81.8472
11.9269,117.663
11.9655,203.17
11.9801,226.442
11.9972,238.649
11.9996,238.865
12.0146,231.6
12.0294,211.397
12.0538,160.495
12.08,102.379
12.0956,73.7379
12.1081,55.4149
12.1198,42.1164
12.13,33.1522
12.1401,26.2235
12.1513,20.4935
12.1627,16.204
12.1741,13.0789
12.1868,10.5692
12.199,8.81632
12.2143,7.22344
12.2325,5.87077
12.2528,4.80519
12.2744,3.98351
12.3003,3.2627
12.33,2.66297
12.3656,2.14722
12.4049,1.73899
12.4493,1.40864
12.5026,1.12777
12.5559,0.927225
12.6194,0.755319
12.6905,0.61828
12.7717,0.506933
12.8631,0.418592
12.9545,0.355643
13.0713,0.29908
13.2109,0.254069
13.3505,0.225058
13.5377,0.202764
13.6886,0.194751
13.764,0.193715
13.9643,0.20015
14.1146,0.214513
14.2898,0.245509
14.4401,0.290228
14.5652,0.348265
14.6626,0.414442
14.76,0.510116
14.8365,0.61813
14.9047,0.753595
14.9645,0.92012
15.0201,1.138
15.066,1.38952
15.1105,1.73199
15.1484,2.14463
15.1795,2.61885
15.2062,3.17911
15.2307,3.89309
15.2502,4.68203
15.2697,5.79381
15.2858,7.11117
15.2997,8.70024
15.3136,10.9198
15.3264,13.7626
15.3375,17.0888
15.3487,21.4495
15.3615,28.0714
15.3751,37.423
15.3901,50.8872
15.4082,71.6244
15.4577,140.807
15.4786,162.303
15.4969,170.183
15.4997,170.331
15.5142,166.463
15.53,154.179
15.5534,125.119
15.5907,72.5539
15.6079,52.5556
15.6221,39.4393
15.6358,29.6354
15.6474,23.1725
15.6602,17.8049
15.6714,14.3035
15.6825,11.6428
15.6953,9.36613
15.7092,7.57564
15.7231,6.27723
15.7415,5.05653
15.7615,4.12695
15.7849,3.36101
15.8116,2.73902
15.8427,2.2213
15.8784,1.79912
15.9173,1.46737
15.966,1.17259
16.0147,0.962572
16.0759,0.774178
16.144,0.627088
16.2122,0.521995
16.2957,0.42966
16.393,0.354128
16.5015,0.295957
16.6351,0.247884
16.7908,0.212223
16.9745,0.187981
17.1581,0.176864
17.2805,0.175135
17.4483,0.180097
17.6161,0.194281
17.7741,0.218863
17.9126,0.253637
18.028,0.297098
18.1229,0.348036
18.2127,0.415615
18.3024,0.512614
18.3742,0.623837
18.4371,0.760571
18.4922,0.928148
18.5384,1.12145
18.582,1.37279
18.6204,1.68089
18.6525,2.03456
18.684,2.52089
18.7087,3.05633
18.7292,3.67599
18.7482,4.48001
18.7661,5.57481
18.7805,6.8199
18.7948,8.56202
18.8077,10.7176
18.8205,13.6533
18.8333,17.6211
18.8461,22.9046
18.8584,29.4828
18.8723,38.9249
18.8884,52.8976
18.9102,76.4879
18.9579,133.91
18.9803,151.998
18.9998,157.433
19.0205,151.223
19.0441,131.218
19.099,65.5181
19.1175,47.1711
19.1336,34.4702
19.147,26.3124
19.1585,20.7719
19.17,16.4355
19.1826,12.8374
19.1954,10.1143
19.2082,8.1128
19.2226,6.49069
19.238,5.25644
19.2534,4.37079
19.2708,3.64171
19.2913,3.02182
19.316,2.48735
19.3437,2.05335
19.3796,1.65147
19.4168,1.35437
19.4616,1.0966
19.5129,0.887419
19.5668,0.73
19.6296,0.597812
19.7078,0.482211
19.7976,0.390801
19.8976,0.320893
20.0053,0.269092
20.113,0.232897
20.2721,0.197647
20.4567,0.174175
20.6414,0.163006
20.7656,0.161056
20.9539,0.165944
21.1422,0.181715
21.3133,0.209177
21.4503,0.244989
21.5644,0.289817
21.6713,0.351649
21.7612,0.427224
21.8382,0.519745
21.9067,0.636472
21.9666,0.780891
22.0179,0.954378
22.0607,1.15371
22.1006,1.4099
22.1349,1.71412
22.1634,2.06249
22.1885,2.48364
22.2125,3.05046
22.2324,3.7267
22.2478,4.45024
22.2649,5.57093
22.2804,7.00015
22.294,8.74808
22.3077,11.1065
22.322,14.4121
22.3363,18.811
22.3508,24.6581
22.3668,32.8833
22.3862,45.5278
22.4147,68.5085
22.4521,99.7124
22.4749,113.371
22.4975,118.922
22.4998,118.968
22.5219,114.477
22.5468,100.167
22.6084,49.2798
22.6295,34.9047
22.6466,25.7414
22.662,19.3589
22.6761,14.8775
22.6897,11.6053
22.704,9.03056
22.7168,7.30443
22.7316,5.82991
22.7453,4.83077
22.7624,3.92187
22.7796,3.26909
22.7984,2.74383
22.8241,2.23176
22.8549,1.80396
22.8879,1.47875
22.9279,1.19828
22.9707,0.982848
23.0206,0.801759
23.0805,0.64763
23.1504,0.522132
23.2303,0.422864
23.3158,0.348745
23.4157,0.288392
23.5269,0.242105
23.641,0.209344
23.7779,0.182825
23.932,0.16416
24.0404,0.156204
24.2572,0.150052
24.4297,0.153647
24.6022,0.165396
24.7638,0.186175
24.9034,0.215433
25.0198,0.252134
25.1155,0.29528
25.206,0.352699
25.2965,0.435465
25.369,0.530924
25.4323,0.649003
25.4879,0.79488
25.5345,0.964886
25.5784,1.18907
25.6172,1.46985
25.6496,1.80302
25.6772,2.21126
25.6979,2.64207
25.7186,3.25248
25.7352,3.94563
25.7515,4.9014
25.7659,6.08186
25.7804,7.69976
25.7931,9.59502
25.806,12.1234
25.8203,15.7697
25.8345,20.5128
25.851,27.6425
25.8694,37.7686
25.8929,54.0217
25.9483,97.7515
25.971,111.047
25.995,117.49
25.9998,117.673
26.0228,113.363
26.0497,98.841
26.1172,46.4181
26.1371,33.7861
26.1552,24.6669
26.1697,18.9577
26.1841,14.5067
26.1971,11.4387
26.21,9.07313
26.2245,7.08538
26.2385,5.67509
26.2524,4.63255
26.269,3.73696
26.2855,3.09572
26.3062,2.52675
26.331,2.05466
26.3569,1.70825
26.3879,1.40876
26.4267,1.14206
26.472,0.922767
26.5173,0.765147
26.5716,0.627724
26.6349,0.513179
26.7009,0.427508
26.7785,0.354754
26.869,0.294531
26.9776,0.244526
27.0862,0.21001
27.2311,0.179228
27.3759,0.159848
27.5207,0.148254
27.738,0.1415
27.7555,0.141449
27.9736,0.146921
28.119,0.157525
28.2643,0.175645
28.3786,0.197283
28.5032,0.231933
28.607,0.274254
28.7043,0.331535
28.7861,0.400424
28.8562,0.483374
28.9198,0.588831
28.9743,0.715161
29.021,0.864785
29.0665,1.06834
29.1054,1.31711
29.1366,1.59919
29.1625,1.9302
29.1833,2.29933
29.2041,2.82018
29.2216,3.44522
29.2372,4.21632
29.2508,5.1271
29.2664,6.53982
29.2804,8.26339
29.2944,10.5436
29.3084,13.5187
29.324,17.8111
29.3396,23.3099
29.3588,31.9189
29.3816,44.7452
29.4486,88.7174
29.4751,100.57
29.4996,104.485
29.5249,100.406
29.5519,88.1425
29.6225,42.0283
29.6454,29.7635
29.6625,22.4285
29.6781,17.13
29.6942,12.8874
29.7098,9.79204
29.7238,7.69541
29.7378,6.11334
29.7519,4.91884
29.7674,3.9587
29.785,3.17442
29.8027,2.61791
29.8219,2.1824
29.8479,1.76994
29.8738,1.48001
29.9076,1.21041
29.9465,0.989766
29.9919,0.80646
30.0451,0.654337
30.1074,0.52932
30.1749,0.434037
30.2476,0.360758
30.3359,0.29763
30.4449,0.2442
30.5669,0.204245
30.7097,0.173755
30.881,0.151533
31.0613,0.13911
31.2594,0.134799
31.4359,0.138341
31.6123,0.149561
31.7769,0.169344
31.918,0.197017
32.0356,0.231979
32.1459,0.280515
32.2385,0.340243
32.3179,0.413876
32.3885,0.5075
32.4502,0.624545
32.5031,0.767085
32.5472,0.933898
32.5884,1.15439
32.6178,1.37497
32.6472,1.68482
32.6707,2.04
32.6913,2.4796
32.7078,2.96412
32.7263,3.71876
32.7436,4.71422
32.7595,5.96714
32.7754,7.65671
32.7913,9.90673
32.8077,12.9732
32.8254,17.2428
32.8442,23.0572
32.8668,31.8194
32.9042,49.5403
32.9436,68.4105
32.9682,77.0589
32.9953,81.3144
32.9998,81.403
33.0226,79.0842
33.0517,70.1337
33.097,48.7357
33.1335,31.5556
33.1564,22.7677
33.1749,17.1088
33.1926,12.8804
33.2087,9.88984
33.2234,7.79299
33.2387,6.1253
33.2546,4.83054
33.2705,3.87462
33.2881,3.10295
33.3075,2.50112
33.3287,2.04064
33.3499,1.71207
33.3763,1.41714
33.4057,1.18231
33.441,0.978549
33.4851,0.796636
33.5366,0.646853
33.5983,0.521232
33.6703,0.420091
33.7527,0.340773
33.8409,0.281977
33.9291,0.240194
34.0408,0.202942
34.1731,0.173374
34.3054,0.153977
34.4113,0.143526
34.5877,0.133434
34.7641,0.13053
34.9289,0.133801
35.0937,0.143354
35.2507,0.16008
35.3918,0.184461
35.5094,0.215156
35.6061,0.251362
35.6976,0.299731
35.776,0.358061
35.8518,0.4379
35.9145,0.531771
35.972,0.653586
36.0191,0.794154
36.0583,0.956752
36.0923,1.15229
36.1236,1.4092
36.1498,1.7205
36.1696,2.05612
36.1905,2.55792
36.2073,3.12468
36.224,3.9056
36.2397,4.90682
36.2561,6.33644
36.2726,8.27363
36.2891,10.8552
36.3066,14.4651
36.3249,19.3465
36.3453,26.2481
36.3698,36.5657
36.4404,71.1839
36.4707,81.7024
36.4984,85.331
36.4997,85.3388
36.523,82.9831
36.5502,74.8492
36.5899,56.3677
36.6349,34.2958
36.6589,24.6173
36.6783,18.3714
36.6965,13.7186
36.7122,10.61
36.7277,8.23312
36.7429,6.42858
36.7582,5.06494
36.7744,3.99239
36.7901,3.22902
36.8084,2.5847
36.8267,2.12563
36.845,1.79191
36.8685,1.48312
36.8947,1.2398
36.9273,1.02366
36.9678,0.835201
37.0149,0.681349
37.0698,0.554924
37.1273,0.460539
37.2005,0.375459
37.2841,0.308078
37.3782,0.255662
37.4723,0.218891
37.6082,0.18301
37.765,0.157239
37.9218,0.141946
38.0845,0.133548
38.2472,0.131005
38.4483,0.135329
38.6494,0.148927
38.8254,0.171757
38.9722,0.203346
39.0771,0.237291
39.1846,0.288196
39.2763,0.352679
39.3471,0.424176
39.4114,0.51571
39.4664,0.626513
39.5149,0.764278
39.5543,0.921286
39.591,1.13053
39.6172,1.34359
39.6434,1.64837
39.6644,2.0004
39.6833,2.44676
39.7021,3.07661
39.7189,3.85703
39.7352,4.88576
39.7517,6.29537
39.7682,8.17674
39.7847,10.6442
39.8034,14.2681
39.8217,18.8413
39.8448,26.0982
39.8731,37.1321
39.9402,66.1015
39.9706,75.0975
39.9997,78.1855
40.0283,75.2086
40.0566,67.0752
40.1075,45.466
40.1447,29.8245
40.1699,21.2181
40.1893,15.9342
40.2077,11.9899
40.225,9.11094
40.242,6.95073
40.259,5.33464
40.2753,4.1911
40.291,3.36765
40.3094,2.66772
40.3277,2.16863
40.3461,1.80814
40.3697,1.47934
40.3959,1.22589
40.4287,1.00638
40.4693,0.819349
40.5165,0.6691
40.5716,0.546856
40.6293,0.456202
40.7027,0.374959
40.7918,0.307759
40.8836,0.260549
40.9754,0.227385
41.1065,0.195451
41.2795,0.170435
41.4526,0.157468
41.6671,0.152388
41.9083,0.158269
42.0892,0.171138
42.2851,0.196208
42.4479,0.230771
42.5836,0.275842
42.6891,0.32833
42.7795,0.393876
42.8564,0.474514
42.9197,0.569321
42.9724,0.680288
43.0237,0.834513
43.0614,0.997611
43.0915,1.18051
43.1196,1.42157
43.1413,1.68464
43.163,2.05301
43.182,2.50431
43.201,3.13033
43.2178,3.88967
43.2347,4.9039
43.2516,6.24584
43.2685,7.99616
43.2866,10.4183
43.3077,14.0763
43.3312,19.3115
43.3589,27.017
43.4361,51.8275
43.465,58.5163
43.4942,61.5393
43.5,61.6203
43.5289,59.4104
43.5555,53.9685
43.6007,40.0863
43.6471,25.1441
43.6736,18.1054
43.6953,13.4917
43.7164,9.9888
43.7351,7.61296
43.7532,5.86338
43.7713,4.55269
43.7894,3.58528
43.8075,2.87754
43.8256,2.36091
43.8467,1.9292
43.8678,1.62349
43.8949,1.34934
43.922,1.15862
43.9582,0.980911
44.0034,0.830107
44.0607,0.703531
44.1361,0.59905
44.2115,0.535755
44.317,0.487887
44.4526,0.468992
44.5883,0.482788
44.724,0.524209
44.8684,0.600708
45.0128,0.720612
45.1371,0.87442
45.2494,1.07565
45.3457,1.32235
45.4299,1.62664
45.5021,1.98999
45.5663,2.43664
45.6224,2.97584
45.675,3.67892
45.7159,4.43838
45.7568,5.50594
45.7861,6.58092
45.8142,8.01373
45.8394,9.83679
45.8631,12.2568
45.8848,15.3733
45.904,19.1695
45.9233,24.2734
45.9433,31.4052
45.9626,40.4457
45.9846,54.013
46.0071,71.8732
46.0334,98.2593
46.0692,142.742
46.1326,226.592
46.1647,256.64
46.1965,268.865
46.1997,268.972
46.2308,259.21
46.2658,227.835
46.3564,109.641
46.3845,79.413
46.4062,60.6472
46.4278,45.7972
46.4459,36.1204
46.4647,28.2483
46.4848,21.925
46.5048,17.2537
46.5257,13.7069
46.5449,11.3
46.569,9.11302
46.5931,7.54843
46.6195,6.29691
46.6556,5.08617
46.6917,4.2257
46.7374,3.43774
46.7936,2.7521
46.8518,2.24456
46.9219,1.80364
47.0022,1.44522
47.0864,1.17491
47.1826,0.951208
47.2849,0.778241
47.4113,0.623578
47.5436,0.506899
47.7041,0.405381
47.8765,0.327551
48.069,0.265111
48.2977,0.212351
48.5503,0.171227
48.8191,0.139841
49.1319,0.113748
49.4969,0.0924923
49.8958,0.0763976
50.2887,0.0656631
50.7187,0.0585587
51.0503,0.0567276
51.2677,0.0582981
51.4306,0.0621255
51.565,0.0684508
51.6851,0.0786961
51.7652,0.0900245
51.8353,0.105388
51.8853,0.121851
51.9253,0.140853
51.9604,0.164995
51.9868,0.191223
52.0118,0.226568
52.0333,0.269598
52.0547,0.330398
52.0726,0.400462
52.0912,0.499142
52.1095,0.630431
52.1278,0.805554
52.1461,1.03559
52.1667,1.37422
52.1873,1.8116
52.2104,2.43415
52.2387,3.38353
52.2936,5.63315
52.3348,7.25288
52.368,8.1492
52.3997,8.45473
52.4309,8.16062
52.4618,7.35089
52.5141,5.28479
52.5613,3.36993
52.5899,2.41597
52.6116,1.83186
52.6322,1.39032
52.6528,1.04757
52.6725,0.798386
52.6915,0.618223
52.7105,0.484521
52.7295,0.386371
52.7503,0.309239
52.7717,0.252737
52.7967,0.206958
52.8218,0.175218
52.8575,0.144432
52.8975,0.121474
52.9476,0.10196
53.0076,0.0859621
53.0805,0.0726897
53.1749,0.061202
53.2979,0.0515346
53.4408,0.0443525
53.6124,0.038814
53.8126,0.0346529
54.0699,0.0312847
54.413,0.0286901
54.8248,0.027342
54.9621,0.0272392
55.3422,0.027976
55.6274,0.0298782
55.8506,0.0327377
56.0429,0.036873
56.2031,0.0424093
56.3337,0.0493775
56.452,0.059
56.5506,0.071192
56.6283,0.085395
56.6948,0.103072
56.754,0.126157
56.7971,0.150737
56.836,0.18319
56.8662,0.220708
56.8908,0.265133
56.9124,0.320268
56.9339,0.398441
56.9524,0.491921
56.971,0.620428
56.9899,0.797993
57.0088,1.03816
57.0276,1.3582
57.0473,1.79848
57.0663,2.34335
57.087,3.09169
57.1136,4.30674
57.1462,6.1577
57.2241,11.2094
57.2586,12.8711
57.2921,13.6171
57.2998,13.6445
57.3325,13.1485
57.3631,11.8874
57.4104,8.98818
57.4652,5.45467
57.4947,3.88298
57.5179,2.89228
57.5386,2.18655
57.5578,1.67032
57.5778,1.25711
57.5956,0.977547
57.6133,0.764714
57.6303,0.610449
57.6476,0.492512
57.6673,0.39349
57.6845,0.329877
57.7055,0.273127
57.7314,0.22407
57.761,0.185855
57.7979,0.153575
57.8423,0.12736
57.8916,0.107088
57.9606,0.0875314
58.0296,0.074075
58.1184,0.0620927
58.2318,0.0519754
58.355,0.0448724
58.5029,0.0395174
58.6833,0.0358579
58.847,0.034391
58.9288,0.0342118
59.1051,0.0351272
59.2814,0.0382954
59.4136,0.0430154
59.5238,0.0496346
59.6119,0.0580135
59.6891,0.069356
59.7442,0.0815318
59.7882,0.0956882
59.825,0.112916
59.858,0.136136
59.8837,0.163013
59.9058,0.196035
59.9278,0.243089
59.9474,0.301969
59.967,0.383317
59.9866,0.494993
60.0062,0.646481
60.0245,0.834246
60.0447,1.10338
60.0649,1.44967
60.0884,1.96232
60.1168,2.74727
60.155,4.05564
60.2256,6.66031
60.2608,7.58837
60.2953,7.97037
60.2996,7.97555
60.3333,7.68607
60.3705,6.76974
60.4371,4.33534
60.4778,2.9067
60.5067,2.07906
60.5314,1.51841
60.5522,1.14868
60.573,0.862083
60.5918,0.664695
60.611,0.511017
60.6306,0.394853
60.6502,0.310002
60.6697,0.248459
60.6906,0.201516
60.7126,0.166285
60.7383,0.137689
60.7677,0.115369
60.8063,0.0957662
60.8558,0.0792198
60.9109,0.0668415
60.9832,0.0558064
61.0689,0.0470474
61.1717,0.0400625
61.2892,0.0347818
61.4362,0.0304867
61.6321,0.0269612
61.8475,0.0246533
62.063,0.0232602
62.494,0.0219564
62.8074,0.0217194
63.5165,0.0225052
64.2093,0.0247293
64.7797,0.0279364
65.2361,0.032018
65.5784,0.0367073
65.8907,0.0432836
66.1249,0.0509552
66.323,0.060978
66.4671,0.0719893
66.5872,0.0854115
66.6923,0.102608
66.7824,0.124364
66.859,0.151805
66.9115,0.178874
66.9641,0.217956
67.0031,0.261028
67.0331,0.308744
67.0594,0.367746
67.0857,0.452163
67.1082,0.555022
67.1301,0.694381
67.1517,0.884538
67.1709,1.11221
67.1925,1.4539
67.2136,1.89496
67.2367,2.53152
67.2598,3.35322
67.2868,4.57302
67.3175,6.29438
67.3757,10.2742
67.4315,13.9206
67.4717,15.5493
67.4997,15.9063
67.5324,15.4261
67.5733,13.6283
67.6381,9.26362
67.6874,5.98941
67.7186,4.30115
67.7438,3.21227
67.7654,2.46997
67.7861,1.90813
67.8061,1.48633
67.8261,1.16237
67.846,0.917309
67.8678,0.720005
67.8903,0.573208
67.9128,0.468341
67.9391,0.382505
67.9654,0.322814
68.0014,0.267171
68.0434,0.224427
68.096,0.189043
68.1598,0.160573
68.2386,0.137546
68.3287,0.120683
68.4638,0.106083
68.6169,0.0984636
68.725,0.096814
68.8849,0.0988938
69.0448,0.106636
69.1612,0.117195
69.2776,0.134753
69.3672,0.156996
69.4269,0.179939
69.4746,0.207338
69.5164,0.244014
69.5463,0.283467
69.5761,0.341973
69.6022,0.418033
69.6246,0.510959
69.647,0.640091
69.6681,0.805892
69.6896,1.03303
69.7111,1.33341
69.7349,1.77156
69.76,2.36934
69.7887,3.24184
69.8236,4.57097
69.9236,8.97048
69.9606,10.089
69.9982,10.526
69.9999,10.5267
70.0382,10.1067
70.0812,8.77529
70.1863,4.17036
70.2185,3.01254
70.2436,2.28751
70.2686,1.71488
70.2901,1.33409
70.3131,1.02291
70.3361,0.792885
70.3591,0.626149
70.3821,0.506967
70.4056,0.420799
70.4291,0.360126
70.4627,0.302514
70.503,0.260279
70.5567,0.227482
70.6328,0.202244
70.7403,0.185351
70.8836,0.178657
71.0537,0.182818
71.2806,0.20111
71.5121,0.232782
71.7568,0.283068
71.971,0.347186
72.1693,0.432371
72.3328,0.531587
72.4716,0.647322
72.6104,0.807965
72.7294,1.0017
72.8334,1.23805
72.9227,1.51792
73.0094,1.89753
73.0862,2.37527
73.1457,2.89233
73.1953,3.48052
73.2424,4.25359
73.2795,5.10361
73.3167,6.3028
73.348,7.74231
73.3777,9.68736
73.4045,12.1486
73.4292,15.2781
73.454,19.5149
73.4788,25.1951
73.5026,32.3481
73.5304,43.2302
73.5581,57.2306
73.5918,78.6466
73.6394,115.974
73.7088,173.959
73.7524,200.909
73.7905,211.6
73.7999,212.036
73.8381,204.657
73.8773,183.531
73.9427,130.876
74.0003,84.108
74.034,61.6716
74.0617,46.7931
74.088,35.6481
74.1128,27.4812
74.1376,21.2421
74.1623,16.5617
74.1856,13.2723
74.2124,10.4909
74.2362,8.67697
74.2642,7.10321
74.2979,5.7562
74.3358,4.69639
74.378,3.86433
74.4245,3.2012
74.484,2.59252
74.5534,2.08839
74.6278,1.70071
74.7145,1.37414
74.8112,1.11223
74.9153,0.907566
75.0293,0.743467
75.168,0.598685
75.3316,0.477422
75.5051,0.385971
75.7034,0.311331
75.9116,0.255084
76.1197,0.213756
76.3775,0.176369
76.6551,0.147587
76.9921,0.122989
77.2895,0.107845
77.6464,0.0955918
78.07,0.0874829
78.3746,0.0855676
78.7083,0.0876874
79.0421,0.0956363
79.2645,0.105762
79.4731,0.120876
79.6469,0.139989
79.8207,0.168699
79.9667,0.205023
80.0919,0.25098
80.191,0.303255
80.2761,0.3663
80.3491,0.441446
80.4117,0.530395
80.4638,0.632105
80.516,0.775875
80.5594,0.952205
80.5942,1.15899
80.6246,1.42067
80.6507,1.73911
80.6745,2.14228
80.6968,2.65502
80.719,3.34583
80.7412,4.27106
80.7635,5.49685
80.7878,7.26823
80.8122,9.58453
80.8393,12.9137
80.8706,17.83
80.9081,25.2188
81.011,48.9232
81.0541,56.0948
81.0933,58.8795
81.0997,58.9372
81.1375,56.9718
81.1751,51.5289
81.2349,38.4157
81.3002,23.3889
81.3371,16.4857
81.3649,12.3288
81.3915,9.19256
81.4163,6.9297
81.4389,5.3512
81.4615,4.1479
81.4824,3.30482
81.5032,2.66366
81.5276,2.11014
81.5519,1.71051
81.5771,1.41116
81.6075,1.15507
81.6423,0.952797
81.6857,0.780731
81.7327,0.653015
81.7952,0.535798
81.8682,0.44396
81.932,0.38888
82.012,0.343096
82.0919,0.319277
82.1345,0.316653
82.1891,0.329055
82.2251,0.35368
82.2611,0.401532
82.2912,0.470064
82.3152,0.552928
82.3392,0.670241
82.3632,0.832685
82.3875,1.05461
82.4118,1.34835
82.4391,1.77794
82.4702,2.40383
82.5103,3.42742
82.6149,6.52694
82.6611,7.45144
82.6996,7.71339
82.7401,7.41966
82.7778,6.6808
82.8435,4.77299
82.8988,3.12516
82.9335,2.26691
82.9627,1.68547
82.9882,1.28308
83.0138,0.970963
83.0361,0.761632
83.0584,0.601547
83.0831,0.470649
83.1059,0.382238
83.1287,0.317361
83.156,0.261875
83.188,0.217983
83.226,0.183775
83.2716,0.157274
83.3324,0.134525
83.4084,0.115953
83.5117,0.0993601
83.6562,0.0846362
83.8006,0.0751275
83.983,0.0672307
84.1836,0.0617206
84.4512,0.0576111
84.7917,0.0560243
85.1059,0.057609
85.4201,0.0623735
85.717,0.0708385
85.9767,0.0833419
86.1807,0.0989698
86.3477,0.118615
86.4745,0.141008
86.5827,0.169646
86.66,0.200337
86.7172,0.234027
86.7605,0.271782
86.7983,0.321092
86.8308,0.384385
86.8579,0.460905
86.886,0.575065
86.912,0.725136
86.9347,0.9043
86.9574,1.14113
86.9834,1.49991
87.0106,1.99786
87.0403,2.70635
87.0737,3.72531
87.1182,5.42042
87.2134,9.41561
87.2604,10.7418
87.3003,11.1314
87.3408,10.7415
87.3792,9.72416
87.4484,6.96512
87.5072,4.58497
87.5436,3.38348
87.5746,2.58539
87.6024,2.0378
87.6302,1.63521
87.658,1.35488
87.6842,1.18136
87.7106,1.07599
87.7369,1.02519
87.7501,1.01665
87.7896,1.04785
87.8291,1.15943
87.8621,1.32459
87.8896,1.53254
87.9166,1.82767
87.9435,2.25481
87.9667,2.7716
87.9898,3.4818
88.0126,4.43673
88.0348,5.68204
88.057,7.32216
88.0817,9.71599
88.1079,13.0501
88.136,17.6606
88.1687,24.4961
88.2076,34.5692
88.3112,65.0634
88.3531,73.8024
88.3941,77.4142
88.3997,77.4695
88.4395,74.7857
88.4839,66.1757
88.5591,44.299
88.6134,28.7935
88.6474,20.8683
88.6751,15.6392
88.701,11.7596
88.7257,8.87763
88.7479,6.86841
88.7701,5.32029
88.7923,4.14575
88.8133,3.30762
88.8349,2.65753
88.8595,2.11258
88.8811,1.76271
88.9089,1.43503
88.9397,1.17977
88.9783,0.960677
89.0168,0.808011
89.0631,0.675974
89.1279,0.545487
89.1926,0.452646
89.2759,0.36666
89.3731,0.295831
89.4795,0.240846
89.6028,0.195571
89.7416,0.159573
89.8927,0.131761
90.0716,0.108595
90.2875,0.0894899
90.5192,0.0758057
90.7526,0.0668511
91.0325,0.0607876
91.2686,0.0592285
91.4537,0.0606178
91.6388,0.0652655
91.8023,0.0739
91.9226,0.085316
92.0028,0.0974635
92.073,0.113898
92.1262,0.133612
92.1694,0.158912
92.2018,0.187873
92.2288,0.22268
92.2558,0.272063
92.2795,0.332615
92.3033,0.415036
92.327,0.526217
92.3508,0.674139
92.3767,0.887586
92.4038,1.18125
92.4335,1.59562
92.4655,2.16306
92.5081,3.09331
92.6037,5.4474
92.6482,6.25612
92.6926,6.61528
92.7002,6.62331
92.7395,6.41134
92.7864,5.66905
92.8678,3.71967
92.9221,2.4692
92.9585,1.79782
92.9894,1.35427
93.0171,1.04975
93.0409,0.852858
93.0671,0.693836
93.0933,0.585804
93.1196,0.519553
93.1481,0.487069
93.1596,0.484569
93.1881,0.504151
93.211,0.548545
93.2338,0.623591
93.2567,0.737356
93.2796,0.901421
93.3024,1.13111
93.3253,1.44592
93.3482,1.86797
93.3711,2.42184
93.3972,3.24801
93.4254,4.40164
93.4547,5.92325
93.4939,8.46464
93.61,17.3937
93.6561,19.8439
93.6996,20.6752
93.7398,19.9724
93.7837,17.7654
93.8533,12.5053
93.9124,7.97891
93.9501,5.61522
93.9807,4.08922
94.0066,3.07161
94.0301,2.34404
94.0531,1.79031
94.0767,1.35862
94.0976,1.0677
94.1185,0.846158
94.1414,0.665548
94.1643,0.533535
94.1872,0.437088
94.21,0.366233
94.2369,0.305945
94.2689,0.255216
94.3055,0.214892
94.3513,0.179881
94.4088,0.14937
94.4742,0.124913
94.5527,0.103938
94.6521,0.0852658
94.7619,0.0708739
94.898,0.0585358
95.0549,0.048854
95.238,0.0412579
95.446,0.0355614
95.7054,0.0311951
96.0167,0.0286844
96.1613,0.0283755
96.3911,0.0290928
96.621,0.0317582
96.7742,0.0352242
96.9121,0.04026
97.027,0.0467123
97.119,0.0542744
97.2058,0.064623
97.2824,0.0781327
97.3335,0.0911176
97.382,0.108817
97.4177,0.127761
97.449,0.151396
97.4803,0.185798
97.5052,0.225099
97.5307,0.281775
97.5531,0.35051
97.5754,0.443649
97.5965,0.560814
97.6195,0.730459
97.6425,0.95498
97.6655,1.24685
97.6895,1.63715
97.7181,2.23332
97.7492,3.06019
97.7886,4.36558
97.9081,9.08702
97.9551,10.3742
97.9984,10.8127
97.9998,10.8131
98.0409,10.4408
98.0858,9.27759
98.1578,6.47683
98.2191,4.07956
98.2556,2.91219
98.286,2.13457
98.3141,1.57036
98.3396,1.17384
98.3633,0.891789
98.3856,0.687324
98.408,0.532004
98.4303,0.415563
98.4533,0.327008
98.4763,0.262192
98.4993,0.214778
98.5261,0.175046
98.5567,0.143503
98.5925,0.118458
98.6333,0.0989928
98.6844,0.0823229
98.7482,0.0679831
98.8249,0.0560293
98.9142,0.0462714
99.0113,0.0387662
99.1364,0.031977
99.2871,0.0264013
99.471,0.021837
99.6548,0.0187145
99.9,0.0158649
100.206,0.013537
100.574,0.0117624
100.966,0.0105906
101.37,0.00991214
101.774,0.00969968
102.175,0.010083
102.476,0.011062
102.677,0.0123716
102.827,0.0140181
102.952,0.0161752
103.065,0.0192131
103.153,0.0228924
103.214,0.0267546
103.268,0.0318427
103.308,0.0375888
103.343,0.0451189
103.374,0.0546854
103.399,0.0660614
103.425,0.0829122
103.447,0.102304
103.469,0.128251
103.491,0.16271
103.513,0.207972
103.537,0.272361
103.562,0.361056
103.589,0.488132
103.618,0.658761
103.652,0.911968
103.695,1.31803
103.804,2.46406
103.854,2.83229
103.9,2.95183
103.944,2.83991
103.99,2.51443
104.069,1.68785
104.127,1.09976
104.162,0.796306
104.192,0.592187
104.221,0.437437
104.246,0.331596
104.271,0.249888
104.294,0.193613
104.316,0.15168
104.337,0.119833
104.359,0.0958827
104.381,0.0779878
104.408,0.0624171
104.434,0.0514299
104.465,0.0425025
104.495,0.0363009
104.535,0.0307033
104.591,0.025607
104.66,0.0214203
104.742,0.0180427
104.855,0.0149871
104.99,0.0126172
105.143,0.010876
105.344,0.00941368
105.585,0.00832085
105.885,0.00749115
106.307,0.00684385
106.868,0.00645442
107.324,0.00637585
107.954,0.00653137
108.585,0.00702338
109.049,0.00770047
109.513,0.00881016
109.912,0.0103644
110.228,0.0122894
110.499,0.014796
110.718,0.0178059
110.892,0.0212377
111.047,0.0255365
111.182,0.0308224
111.298,0.037137
111.414,0.0460901
111.511,0.0568322
111.586,0.0686785
111.654,0.0835124
111.71,0.101133
111.756,0.121317
111.796,0.14738
111.828,0.177327
111.856,0.21393
111.884,0.264956
111.91,0.329643
111.936,0.418277
111.962,0.539214
111.988,0.702665
112.012,0.905044
112.038,1.19559
112.065,1.57119
112.094,2.09942
112.128,2.86348
112.171,4.08881
112.301,8.54718
112.352,9.76759
112.4,10.1656
112.443,9.84076
112.493,8.72203
112.571,6.06569
112.635,3.89927
112.677,2.73752
112.708,2.05153
112.737,1.53954
112.763,1.17744
112.789,0.896225
112.816,0.680111
112.841,0.522654
112.867,0.406213
112.893,0.320866
112.92,0.256882
112.948,0.208116
112.98,0.168885
113.012,0.141291
113.056,0.115463
113.101,0.0969534
113.157,0.0805604
113.225,0.0666027
113.306,0.0547693
113.402,0.0447186
113.502,0.0372935
113.637,0.0302028
113.792,0.0246734
113.966,0.0204297
114.14,0.0174791
114.385,0.0146607
114.643,0.0127267
114.901,0.0114557
115.287,0.0103314
115.751,0.00978416
115.906,0.00974948
116.35,0.0100266
116.794,0.010906
117.197,0.0124134
117.516,0.0143522
117.782,0.0167804
118.038,0.0202499
118.229,0.0240381
118.421,0.0294848
118.58,0.0360866
118.708,0.0435673
118.825,0.0531707
118.921,0.0640964
119.017,0.0794646
119.091,0.0964282
119.155,0.11696
119.208,0.141613
119.247,0.167131
119.284,0.202332
119.317,0.247081
119.345,0.301663
119.371,0.374286
119.395,0.461036
119.418,0.577147
119.441,0.731866
119.464,0.936393
119.488,1.20374
119.512,1.55955
119.538,2.07111
119.567,2.80078
119.599,3.82408
119.637,5.36245
119.684,7.72831
119.797,14.1163
119.849,16.1809
119.898,16.9095
119.9,16.9108
119.947,16.2834
119.996,14.4541
120.076,10.0304
120.142,6.36767
120.183,4.48718
120.217,3.27754
120.246,2.44442
120.272,1.85051
120.299,1.39119
120.323,1.07412
120.346,0.843208
120.369,0.661424
120.392,0.524313
120.415,0.421575
120.44,0.341053
120.468,0.275023
120.5,0.222315
120.536,0.181789
120.578,0.149739
120.62,0.127336
120.68,0.104763
120.751,0.0859144
120.831,0.0710151
120.924,0.0585135
121.039,0.0476249
121.169,0.0389446
121.315,0.0321238
121.475,0.0268797
121.635,0.0230977
121.869,0.0192239
122.14,0.0162777
122.411,0.014331
122.742,0.0127957
123.238,0.0115562
123.862,0.01102
123.99,0.0110123
124.551,0.0113668
125.112,0.0122906
125.647,0.0136485
126.21,0.0159251
126.693,0.0188254
127.156,0.0228997
127.538,0.0278123
127.86,0.0337144
128.143,0.0411748
128.358,0.0492968
128.532,0.0585616
128.677,0.0697551
128.773,0.0808488
128.838,0.0918934
128.894,0.106816
128.94,0.126087
128.979,0.151701
129.013,0.184161
129.041,0.221801
129.069,0.272282
129.097,0.339074
129.128,0.43378
129.161,0.571757
129.199,0.768693
129.24,1.04799
129.301,1.54559
129.395,2.35183
129.452,2.68928
129.502,2.78821
129.549,2.69848
129.605,2.3838
129.75,1.21193
129.794,0.918155
129.831,0.730843
129.868,0.591361
129.902,0.499319
129.942,0.431155
129.982,0.395837
130.023,0.384655
130.079,0.397633
130.143,0.442483
130.202,0.508601
130.26,0.605701
130.312,0.735063
130.354,0.884617
130.386,1.04589
130.418,1.26817
130.45,1.57983
130.478,1.96319
130.505,2.45987
130.532,3.12459
130.559,4.00619
130.588,5.2573
130.619,6.99828
130.65,9.25387
130.684,12.4645
130.722,16.9619
130.777,24.8423
130.892,43.2576
130.949,49.5544
131.0,51.5024
131.045,49.9721
131.091,45.4983
131.16,35.2976
131.248,21.0088
131.295,14.75
131.333,10.7069
131.367,7.94249
131.396,6.09365
131.424,4.65879
131.453,3.56777
131.482,2.752
131.511,2.14956
131.538,1.71837
131.566,1.39997
131.598,1.13537
131.63,0.944656
131.668,0.782076
131.718,0.634195
131.768,0.531012
131.834,0.434039
131.905,0.358381
131.989,0.294182
132.097,0.235228
132.205,0.192991
132.336,0.155653
132.476,0.127119
132.643,0.102484
132.835,0.0825104
133.05,0.0666288
133.302,0.0536327
133.553,0.0443897
133.864,0.0362702
134.227,0.0297935
134.617,0.0251084
135.009,0.0219899
135.478,0.019772
135.957,0.0189418
136.359,0.019461
136.627,0.0206517
136.895,0.0228629
137.097,0.0255583
137.298,0.0297067
137.465,0.0349763
137.606,0.0415161
137.727,0.0496481
137.828,0.059336
137.915,0.0712614
137.982,0.0841488
138.049,0.102772
138.096,0.121937
138.133,0.143172
138.168,0.171628
138.203,0.212547
138.233,0.262555
138.258,0.31922
138.287,0.40598
138.314,0.516641
138.341,0.663939
138.367,0.857513
138.395,1.11498
138.424,1.47083
138.457,1.96785
138.494,2.70647
138.538,3.79945
138.612,6.02795
138.693,8.45495
138.749,9.61194
138.8,9.97671
138.847,9.66022
138.901,8.61447
138.983,6.16589
139.059,3.86527
139.105,2.71695
139.14,2.02442
139.172,1.5162
139.202,1.14374
139.229,0.885967
139.256,0.686126
139.281,0.542001
139.306,0.431478
139.331,0.347463
139.361,0.274978
139.39,0.222741
139.42,0.183977
139.456,0.15187
139.491,0.129111
139.541,0.106556
139.605,0.0875666
139.672,0.0738592
139.766,0.0605863
139.866,0.0508259
139.987,0.0427364
140.121,0.0366091
140.289,0.0315673
140.49,0.0279123
140.693,0.0259587
140.899,0.0252844
141.103,0.0257729
141.307,0.0275083
141.503,0.0307299
141.685,0.0357436
141.836,0.0423698
141.96,0.050632
142.06,0.0604819
142.144,0.072378
142.218,0.0878437
142.277,0.106493
142.324,0.129084
142.359,0.153782
142.391,0.185205
142.42,0.225389
142.45,0.280919
142.479,0.35773
142.504,0.446209
142.53,0.566035
142.557,0.727691
142.587,0.966576
142.617,1.27829
142.648,1.67476
142.685,2.29958
142.728,3.18132
142.791,4.78985
142.885,7.29905
142.944,8.41108
142.997,8.79155
143.0,8.79245
143.051,8.47384
143.107,7.4749
143.203,4.96639
143.268,3.27124
143.313,2.33703
143.351,1.69652
143.384,1.26241
143.414,0.956134
143.442,0.738793
143.471,0.563202
143.497,0.44914
143.526,0.349385
143.555,0.277048
143.587,0.221132
143.617,0.184486
143.652,0.153404
143.693,0.128794
143.74,0.110055
143.805,0.0933108
143.886,0.0806664
143.966,0.0729204
144.074,0.0673481
144.181,0.0657632
144.282,0.0674886
144.383,0.0726249
144.484,0.0822966
144.56,0.0941653
144.621,0.108851
144.67,0.126088
144.712,0.148489
144.748,0.176864
144.778,0.210745
144.806,0.254853
144.834,0.316132
144.863,0.401311
144.886,0.49677
144.91,0.621004
144.935,0.796892
144.962,1.03936
144.989,1.35362
145.019,1.80968
145.049,2.39688
145.086,3.28657
145.131,4.68116
145.201,7.32711
145.284,10.5935
145.342,12.2077
145.396,12.794
145.4,12.7969
145.454,12.281
145.507,10.867
145.604,7.13708
145.671,4.61492
145.714,3.28559
145.751,2.38491
145.783,1.77057
145.813,1.33157
145.839,1.02821
145.866,0.787239
145.892,0.604326
145.919,0.467454
145.945,0.368337
145.974,0.290172
146.002,0.233785
146.03,0.192984
146.063,0.159029
146.1,0.132504
146.14,0.112334
146.193,0.0937853
146.26,0.0780025
146.349,0.0638169
146.445,0.0531243
146.558,0.0443573
146.705,0.0365137
146.853,0.031192
147.03,0.0268508
147.21,0.0238992
147.482,0.0213188
147.78,0.0203056
147.807,0.0202962
148.048,0.0208368
148.29,0.0227201
148.451,0.0250471
148.612,0.0287123
148.746,0.0333828
148.853,0.0388287
148.956,0.0463447
149.031,0.0543088
149.092,0.0632164
149.145,0.0744192
149.192,0.0886596
149.233,0.106963
149.269,0.129732
149.298,0.156285
149.326,0.191529
149.356,0.241253
149.385,0.309465
149.414,0.402229
149.444,0.526714
149.472,0.68564
149.504,0.912944
149.535,1.20452
149.573,1.64873
149.618,2.33285
149.68,3.47512
149.785,5.52395
149.844,6.32617
149.897,6.59937
149.9,6.60001
149.951,6.37097
150.007,5.65047
150.097,3.94236
150.172,2.48807
150.217,1.79313
150.254,1.32325
150.287,0.991501
150.317,0.754874
150.346,0.578899
150.373,0.452192
150.4,0.354707
150.427,0.280644
150.452,0.227941
150.482,0.180989
150.512,0.147171
150.547,0.119324
150.588,0.0976524
150.631,0.0817907
150.678,0.0700047
150.745,0.0585445
150.812,0.0506471
150.906,0.0429483
151.024,0.0365629
151.141,0.0323612
151.302,0.0288055
151.473,0.0268704
151.644,0.0263077
151.846,0.0271562
152.048,0.0297447
152.234,0.0341503
152.389,0.0400393
152.513,0.0470171
152.63,0.056543
152.733,0.0687913
152.819,0.0836703
152.891,0.102067
152.939,0.119714
152.988,0.145037
153.029,0.177069
153.063,0.21557
153.093,0.262545
153.123,0.327277
153.153,0.413679
153.18,0.523461
153.208,0.669233
153.235,0.860606
153.265,1.12941
153.295,1.48626
153.326,1.93987
153.36,2.58717
153.401,3.5596
153.455,5.11951
153.582,9.23747
153.642,10.6164
153.697,11.087
153.7,11.0881
153.752,10.6935
153.81,9.45447
153.908,6.32642
153.979,4.07623
154.025,2.91375
154.063,2.13431
154.097,1.58829
154.128,1.20169
154.158,0.916155
154.185,0.711871
154.213,0.555619
154.24,0.437539
154.268,0.349077
154.298,0.277865
154.328,0.226196
154.363,0.183944
154.4,0.151406
154.437,0.129228
154.485,0.108076
154.545,0.0896805
154.622,0.0733337
154.719,0.0593228
154.822,0.0488131
154.946,0.0398961
155.091,0.0326241
155.242,0.0272525
155.435,0.0224745
155.669,0.0185706
155.91,0.0158703
156.151,0.0140164
156.454,0.0124803
156.787,0.0115048
157.12,0.0110919
157.231,0.0110689
157.609,0.0114423
157.987,0.01269
158.239,0.0142596
158.477,0.0166404
158.681,0.0198372
158.845,0.0236854
158.988,0.0286218
159.11,0.034782
159.218,0.0426273
159.294,0.0505903
159.367,0.0614276
159.427,0.0744743
159.475,0.0899304
159.516,0.109835
159.55,0.13319
159.585,0.166288
159.614,0.20676
159.644,0.26221
159.674,0.337831
159.703,0.436624
159.734,0.57608
159.764,0.760148
159.797,1.01298
159.832,1.374
159.873,1.90302
159.922,2.7036
160.004,4.33533
160.083,5.89936
160.146,6.75188
160.2,7.00744
160.253,6.7599
160.31,6.00732
160.403,4.18427
160.479,2.674
160.528,1.89011
160.568,1.36846
160.603,1.0182
160.636,0.759855
160.666,0.576051
160.697,0.436699
160.726,0.337898
160.756,0.262209
160.786,0.206659
160.815,0.166076
160.85,0.13286
160.884,0.108913
160.925,0.0894045
160.966,0.0757483
161.017,0.063663
161.085,0.0525153
161.167,0.043279
161.256,0.0361723
161.358,0.0302384
161.48,0.025126
161.616,0.0210701
161.78,0.01762
161.943,0.0151562
162.151,0.012926
162.406,0.0110473
162.713,0.00955776
163.081,0.00843267
163.523,0.00764821
164.054,0.00721841
164.34,0.00715442
164.894,0.00732971
165.448,0.00792345
165.95,0.00895439
166.346,0.0103
166.677,0.012018
166.944,0.014066
167.188,0.0167553
167.396,0.0200839
167.577,0.0242209
167.747,0.0298724
167.89,0.0367714
168.012,0.0452867
168.113,0.0554219
168.196,0.0674423
168.266,0.0819818
168.321,0.0990715
168.368,0.120298
168.405,0.143996
168.441,0.17759
168.472,0.218012
168.501,0.268406
168.532,0.340881
168.562,0.439499
168.592,0.572377
168.623,0.748961
168.654,0.984142
168.686,1.30372
168.722,1.75069
168.761,2.37223
168.808,3.3144
168.883,5.14824
168.98,7.57405
169.042,8.62273
169.1,8.97928
169.153,8.6813
169.211,7.74022
169.304,5.48427
169.386,3.43216
169.437,2.41897
169.476,1.77911
169.514,1.3036
169.545,0.995259
169.576,0.755743
169.608,0.57358
169.635,0.450692
169.665,0.351955
169.695,0.276807
169.726,0.221812
169.756,0.181578
169.791,0.148434
169.832,0.121308
169.868,0.10413
169.917,0.0876966
169.978,0.0733967
170.06,0.0602392
170.147,0.0504929
170.251,0.0421731
170.366,0.0356597
170.512,0.0298608
170.658,0.0258336
170.852,0.0221907
171.047,0.0198155
171.339,0.0177361
171.603,0.0168792
171.77,0.0167188
172.07,0.0170696
172.445,0.0186552
172.745,0.0210538
173.04,0.0248096
173.285,0.0295458
173.494,0.0354554
173.692,0.0435351
173.855,0.0531217
174.007,0.0659013
174.129,0.08063
174.24,0.0995048
174.327,0.120513
174.4,0.145021
174.461,0.174302
174.514,0.21086
174.554,0.252071
174.589,0.301917
174.623,0.368938
174.653,0.454198
174.684,0.572117
174.71,0.708585
174.736,0.888171
174.763,1.12288
174.792,1.46549
174.821,1.91541
174.85,2.49629
174.884,3.35726
174.916,4.40296
174.955,6.01408
175.003,8.48408
175.076,13.1228
175.174,19.5313
175.238,22.4876
175.297,23.5108
175.3,23.5133
175.358,22.5839
175.418,19.9662
175.521,13.2568
175.595,8.58566
175.645,6.03251
175.684,4.39891
175.719,3.27195
175.75,2.49637
175.779,1.91635
175.808,1.46683
175.837,1.12429
175.864,0.88945
175.89,0.709632
175.92,0.553552
175.951,0.440661
175.982,0.358931
176.016,0.292216
176.057,0.238347
176.104,0.19647
176.162,0.161174
176.229,0.133456
176.316,0.108384
176.418,0.0879885
176.541,0.0708532
176.681,0.0571918
176.838,0.0464365
177.024,0.0375592
177.211,0.031292
177.455,0.0255225
177.688,0.0216801
177.98,0.018295
178.329,0.0155488
178.765,0.0133562
179.171,0.0120995
179.78,0.0111479
180.186,0.0109235
180.773,0.0111437
181.361,0.0120887
181.876,0.0137929
182.247,0.0158353
182.556,0.0184079
182.809,0.0214696
183.045,0.0255959
183.247,0.0307136
183.416,0.0367937
183.573,0.0449096
183.708,0.0549519
183.826,0.0676607
183.925,0.0830823
183.995,0.0989073
184.058,0.119561
184.107,0.143324
184.145,0.169618
184.185,0.208782
184.219,0.258307
184.249,0.317396
184.278,0.397956
184.306,0.498563
184.335,0.643549
184.365,0.837612
184.394,1.09395
184.424,1.42726
184.456,1.89882
184.49,2.53005
184.527,3.42495
184.57,4.70828
184.626,6.75004
184.771,12.8753
184.831,14.7258
184.891,15.5059
184.9,15.5193
184.956,14.9735
185.012,13.4601
185.102,9.81889
185.194,5.96984
185.245,4.22695
185.288,3.03709
185.322,2.30247
185.357,1.70094
185.388,1.28394
185.42,0.965416
185.448,0.74994
185.477,0.581935
185.506,0.453392
185.536,0.358562
185.565,0.288928
185.6,0.230699
185.634,0.190471
185.669,0.160527
185.711,0.135119
185.76,0.114473
185.83,0.0944671
185.912,0.0787633
186.013,0.0652715
186.114,0.0556884
186.238,0.0472632
186.392,0.03994
186.578,0.0340492
186.811,0.0293267
187.081,0.0260955
187.418,0.0240767
187.733,0.0235092
188.096,0.024038
188.551,0.0263104
189.005,0.0306003
189.388,0.0364242
189.689,0.0431567
189.99,0.052861
190.249,0.064883
190.474,0.0798697
190.657,0.0968303
190.833,0.119542
190.98,0.146075
191.106,0.17718
191.224,0.217632
191.324,0.265316
191.41,0.32209
191.487,0.394359
191.55,0.48014
191.6,0.580197
191.642,0.697804
191.679,0.84936
191.712,1.0291
191.744,1.27446
191.776,1.61052
191.808,2.06972
191.841,2.69248
191.873,3.52716
191.905,4.6286
191.94,6.17281
191.976,8.2903
192.015,11.1375
192.06,15.3375
192.12,22.3117
192.261,40.9976
192.331,47.8009
192.391,50.2015
192.4,50.2386
192.454,48.6721
192.515,43.6999
192.604,32.4952
192.7,19.7971
192.751,14.1619
192.794,10.3769
192.833,7.68345
192.87,5.70664
192.902,4.35919
192.934,3.32299
192.967,2.54022
192.996,1.99954
193.028,1.56967
193.059,1.25226
193.09,1.01833
193.128,0.81646
193.166,0.673949
193.203,0.57105
193.257,0.467586
193.322,0.383374
193.402,0.311464
193.499,0.251781
193.601,0.206952
193.727,0.167412
193.877,0.133983
194.028,0.110152
194.211,0.0893541
194.404,0.0735864
194.63,0.0603618
194.881,0.0498607
195.161,0.0415203
195.516,0.0341722
195.893,0.0288661
196.344,0.0246287
196.809,0.0218556
197.297,0.0201413
197.786,0.0193581
197.949,0.0193073
198.499,0.020054
198.865,0.0216262
199.139,0.0237794
199.368,0.0267017
199.597,0.0313786
199.951,0.0414672
200.0,0.0426432
200.0,2.51517
239.106,2.41267
250.0,2.38412
298.883,2.29719
300.0,2.29521
350.0,2.20985
400.0,2.14485
478.212,2.06711
500.0,2.04545
597.765,1.9569
600.0,1.95488
700.0,1.88662
800.0,1.83473
956.424,1.76407
1000.0,1.74439
1195.53,1.66897
1250.0,1.64796
1494.41,1.58432
1500.0,1.58286
1750.0,1.52484
2000.0,1.4813
2391.06,1.41839
2500.0,1.40086
2988.82,1.34918
3000.0,1.348
3500.0,1.30017
4000.0,1.26515
4782.12,1.18015
5000.0,1.15648
5977.65,1.07262
6000.0,1.0707
7000.0,0.999897
8000.0,0.936013
10000.0,0.830716
10000.0,0.830698
14346.4,0.729745
20000.0,0.647002
27444.1,0.58238
40000.0,0.524243
60000.0,0.482779
90000.0,0.45281
100000.0,0.450001
200000.0,0.471302
597765.0,0.59462
950000.0,0.680422
1300000.0,0.716303
1600000.0,0.72
2000000.0,0.698
2744410.0,0.620981
3250000.0,0.59
4000000.0,0.570129
4500000.0,0.570227
5000000.0,0.569977
5500000.0,0.575121
6000000.0,0.599098
6625000.0,0.743651
7125000.0,0.869049
7750000.0,0.968298
8250000.0,1.01365
1.05E7,1.09702
1.1E7,1.10922
1.15E7,1.16361
1.25E7,1.36984
1.325E7,1.51379
1.45E7,1.62389
1.55E7,1.6461
1.85E7,1.58989
2.0E7,1.55749
2.25E7,1.64055
2.5E7,1.7202
3.0E7,1.80692
