92-U-233(n,&gamma;) ENDF/B-VII.1
1.0E-5,2233.23
1.31241E-5,1949.4
1.70876E-5,1708.42
2.2426E-5,1491.3
2.91987E-5,1306.95
3.83206E-5,1140.84
4.98935E-5,999.821
6.54808E-5,872.754
8.52562E-5,764.892
1.11891E-4,667.686
1.45682E-4,585.159
1.91195E-4,510.816
2.48937E-4,447.69
3.26707E-4,390.796
4.25373E-4,342.511
5.58264E-4,298.999
7.26861E-4,262.081
9.53941E-4,228.803
0.00124203,200.548
0.00163006,175.103
0.00212234,153.509
0.00278538,134.057
0.00362657,117.572
0.00475955,102.898
0.00619694,90.2727
0.00813293,78.8942
0.0105891,69.3618
0.0138972,60.6349
0.0180942,53.3079
0.0234661,47.1021
0.0253,45.3734
0.033204,39.8878
0.0432317,35.3811
0.0567377,31.5402
0.0738726,28.672
0.0969512,26.9631
0.105586,26.8257
0.133859,27.9192
0.154751,28.7679
0.170978,27.7369
0.206443,22.5438
0.240528,19.3201
0.265289,16.3475
0.291225,14.6697
0.317161,13.6929
0.379175,12.4591
0.474444,11.7225
0.70529,11.4041
0.823723,11.7722
0.94182,13.0165
1.03545,14.7878
1.12464,17.386
1.20268,20.7217
1.28072,25.5502
1.35504,32.1119
1.41926,39.8472
1.48585,50.537
1.53788,61.7829
1.58247,75.1333
1.6241,93.0213
1.66572,118.278
1.72365,160.388
1.74791,172.476
1.76732,175.78
1.7843,173.168
1.81463,157.37
1.88817,101.118
1.92501,80.1026
1.95533,67.8205
1.98566,59.321
2.02205,53.2044
2.05162,51.1292
2.06147,51.0125
2.09028,52.5091
2.11909,57.4456
2.14156,64.772
2.16028,74.4398
2.17901,89.1759
2.1951,108.133
2.20889,131.357
2.22269,163.7
2.23648,207.805
2.25395,281.619
2.28108,405.972
2.29488,441.936
2.30085,446.276
2.31235,433.521
2.32476,392.617
2.36091,220.961
2.37528,167.382
2.38879,129.753
2.40258,101.786
2.41638,81.5896
2.43046,66.5732
2.44615,54.3825
2.46546,43.701
2.48687,35.3923
2.51039,28.9542
2.53782,23.6994
2.56722,19.737
2.60249,16.3628
2.64169,13.7446
2.69068,11.5041
2.74947,9.72731
2.81217,8.49611
2.88272,7.62722
2.97678,7.03768
3.03949,6.92615
3.13669,7.17018
3.20959,7.72711
3.27857,8.64756
3.33814,9.87996
3.39223,11.5559
3.43142,13.3541
3.46277,15.4476
3.49287,18.4778
3.51357,21.5747
3.53363,25.8497
3.5537,31.8876
3.57722,41.5327
3.61307,57.7676
3.63224,62.4497
3.6394,62.7881
3.65608,60.3664
3.67814,51.79
3.7161,33.8197
3.73721,26.2773
3.75614,21.3733
3.77543,17.7814
3.79855,14.765
3.8263,12.3153
3.85886,10.3844
3.89771,8.84696
3.94433,7.64223
4.01018,6.59783
4.08566,5.93145
4.16113,5.60431
4.24401,5.50334
4.38608,5.7492
4.64655,6.61854
4.71759,6.68651
4.85966,6.41516
5.10237,5.43216
5.22668,5.1398
5.28588,5.11127
5.38523,5.28405
5.48459,5.84732
5.55083,6.58202
5.60755,7.56194
5.67161,9.18999
5.80315,13.507
5.854,14.2194
5.85987,14.2276
5.9117,13.6877
6.03004,10.9341
6.09849,9.97234
6.16214,9.72592
6.21572,9.96126
6.2827,10.8193
6.34967,12.3999
6.40474,14.4284
6.4613,17.5205
6.50447,20.9145
6.54167,24.9451
6.57888,30.5604
6.60865,36.8363
6.63604,44.8192
6.66104,54.9593
6.6853,68.7247
6.70875,87.2711
6.73293,113.318
6.76576,159.359
6.79809,205.589
6.8207,225.881
6.83578,229.499
6.85387,222.152
6.87837,195.291
6.93264,114.939
6.95619,87.5761
6.97786,68.6309
7.00047,54.1432
7.02261,43.8351
7.049,35.0126
7.07576,28.6349
7.10528,23.5653
7.13903,19.4223
7.177,16.1367
7.21498,13.8295
7.25578,12.1249
7.29798,11.0251
7.3444,10.5221
7.35284,10.5106
7.40319,10.9256
7.47566,11.948
7.48197,11.9577
7.50897,11.7138
7.54217,10.7937
7.63191,7.23079
7.67355,6.04869
7.72278,5.11147
7.77905,4.42858
7.83532,3.98242
7.91971,3.55716
8.04474,3.21745
8.19394,3.068
8.22127,3.06354
8.36335,3.15839
8.47264,3.43437
8.54805,3.86827
8.59996,4.42009
8.70368,6.07069
8.73879,6.32285
8.78485,6.15654
8.84899,5.67397
8.87038,5.61782
8.90738,5.71953
8.95364,6.22924
8.99065,6.98637
9.02869,8.16512
9.07495,10.2376
9.15285,14.5448
9.18642,15.747
9.20678,16.0018
9.24183,15.5254
9.29576,13.2508
9.36047,10.2893
9.41103,8.72069
9.46159,7.79441
9.4953,7.44109
9.56271,7.17549
9.6436,7.41804
9.72343,8.16222
9.79392,9.28016
9.86879,11.1036
9.93559,13.5495
9.99093,16.4771
10.0444,20.4973
10.0883,25.1121
10.1283,30.8244
10.1718,39.282
10.2131,50.1087
10.2665,68.5497
10.3276,91.7671
10.3665,102.084
10.3947,104.662
10.4253,101.957
10.4711,89.0187
10.5627,54.2857
10.6045,41.9802
10.6426,33.4559
10.6831,26.7281
10.7276,21.3858
10.771,17.6105
10.8259,14.2295
10.8807,11.9
10.9403,10.1817
10.9999,9.06933
11.0714,8.34625
11.1316,8.17032
11.2319,8.53307
11.3172,8.94421
11.3423,8.96583
11.3925,8.7992
11.595,6.94901
11.7033,6.54925
11.8612,6.21371
12.0046,5.80698
12.0382,5.78804
12.1375,6.03175
12.2037,6.49255
12.2864,7.51166
12.3564,8.91884
12.4188,10.8169
12.4711,13.1296
12.5224,16.3496
12.5686,20.4078
12.6147,25.9462
12.6643,33.7994
12.7583,50.9095
12.7985,55.4106
12.825,56.216
12.8634,54.0011
12.9066,47.7162
13.0021,30.2385
13.0502,23.4632
13.0969,18.6819
13.145,15.2833
13.1917,13.1077
13.2437,11.6953
13.2994,11.1713
13.303,11.1696
13.3614,11.6182
13.5632,15.0596
13.6418,17.6172
13.6945,19.2029
13.7158,19.3678
13.7505,18.7676
13.7913,16.7956
13.8856,10.6344
13.9309,8.39143
13.9734,6.88004
14.0159,5.80794
14.0668,4.91743
14.1197,4.29013
14.1952,3.71362
14.2896,3.30736
14.4028,3.09829
14.4481,3.07806
14.5634,3.17473
14.6499,3.40227
14.7422,3.84718
14.8162,4.4343
14.8847,5.27638
14.9338,6.16423
14.9828,7.43777
15.0256,9.05727
15.0636,11.1272
15.0979,13.8122
15.1261,16.8985
15.1555,21.3511
15.1843,27.3662
15.2149,35.9741
15.2548,50.406
15.3077,70.3706
15.3361,77.4852
15.3655,80.191
15.393,78.7593
15.4618,67.5292
15.5104,55.7
15.5878,30.2599
15.6131,23.6606
15.6359,19.2114
15.6559,16.3794
15.6788,14.083
15.7016,12.4998
15.7388,10.8779
15.7759,9.95917
15.8316,9.36198
15.8502,9.31683
15.9076,9.57982
15.9651,10.412
16.0359,12.2043
16.2027,17.9413
16.2776,19.2117
16.3599,20.0501
16.4079,21.7377
16.4483,24.7094
16.5069,31.5033
16.5563,36.8682
16.5835,38.0882
16.5921,38.0987
16.6268,36.2088
16.667,30.9147
16.7378,19.663
16.7709,15.5187
16.8016,12.5918
16.8323,10.4074
16.8655,8.67591
16.9023,7.2869
16.9465,6.11304
16.9932,5.25127
17.0546,4.48396
17.116,3.97692
17.1651,3.69568
17.2633,3.36078
17.3615,3.25334
17.4583,3.35048
17.5379,3.6171
17.5997,3.9995
17.655,4.55079
17.6992,5.22291
17.7434,6.22643
17.7852,7.6436
17.822,9.4244
17.8674,12.4073
17.9392,17.8604
17.9667,19.3785
18.0026,20.1566
18.0379,19.416
18.0849,16.7316
18.153,12.2942
18.1883,10.662
18.2235,9.61436
18.2635,9.04477
18.2799,8.97251
18.3328,9.28633
18.3819,10.254
18.4451,12.3205
18.5535,16.4137
18.6555,19.2884
18.7065,21.8666
18.7501,25.6455
18.8,32.0264
18.8957,46.679
18.9426,50.6441
18.9595,50.9461
19.0011,48.9441
19.053,42.1115
19.1481,26.578
19.198,20.2681
19.2399,16.2934
19.2878,12.9526
19.3398,10.3839
19.3957,8.44341
19.4516,7.06955
19.5215,5.87039
19.5914,5.04849
19.6785,4.36648
19.7887,3.86428
19.8744,3.6736
19.9345,3.62956
20.0289,3.71249
20.1275,4.04498
20.1919,4.45886
20.2562,5.11621
20.312,5.98696
20.3635,7.16152
20.4149,8.82666
20.4741,11.4428
20.5728,16.3774
20.614,17.6101
20.6414,17.85
20.686,17.1644
20.7409,14.935
20.8332,10.4815
20.8889,8.4822
20.9426,7.17857
21.0069,6.22839
21.0734,5.72883
21.1442,5.56496
21.2134,5.68803
21.3003,6.21369
21.3708,6.99617
21.442,8.24618
21.4972,9.69459
21.5523,11.8058
21.5965,14.233
21.6416,17.7449
21.683,22.2899
21.7243,28.4825
21.7786,39.1949
21.8562,55.5501
21.8915,60.232
21.9254,61.6372
21.9676,59.18
22.0752,45.6665
22.1107,43.63
22.1225,43.4518
22.1675,45.0742
22.2151,50.1464
22.3065,62.0141
22.3547,63.9045
22.4027,60.5686
22.4586,51.6079
22.5519,34.4463
22.5982,27.8587
22.6459,22.7863
22.6946,19.0523
22.7434,16.3874
22.8078,13.9742
22.8801,12.2296
22.9893,10.667
23.3435,7.60197
23.4412,7.18616
23.4651,7.17255
23.5499,7.45652
23.7307,9.05648
23.7872,9.22847
23.8494,8.97779
24.0692,6.63893
24.1632,6.04464
24.4013,4.94685
24.5807,4.0099
24.6888,3.72411
24.7428,3.69348
24.8094,3.77567
24.876,4.02698
24.9426,4.53618
24.9925,5.20205
25.0354,6.09943
25.0749,7.32403
25.1143,9.06154
25.1642,12.0467
25.2407,17.0875
25.2814,18.6186
25.2998,18.7941
25.3333,18.209
25.3767,16.0119
25.4675,9.89187
25.5074,7.81883
25.5453,6.3829
25.5831,5.36642
25.6315,4.49243
25.6841,3.87852
25.7577,3.34205
25.8523,2.93618
25.947,2.7007
26.0605,2.5714
26.111,2.56812
26.1867,2.64643
26.2624,2.87908
26.3192,3.23208
26.3665,3.73095
26.4044,4.34236
26.4444,5.28407
26.485,6.63759
26.5402,9.07547
26.6021,11.8589
26.6421,12.8832
26.6625,13.0004
26.7005,12.4297
26.7451,10.7081
26.8301,6.64155
26.8705,5.148
26.9019,4.2731
26.9356,3.57361
26.9777,2.95959
27.0198,2.54306
27.07,2.20919
27.1255,1.96675
27.1922,1.78337
27.2589,1.67426
27.3478,1.60481
27.3922,1.59491
27.5215,1.64254
27.6724,1.82897
27.8098,2.12214
27.9364,2.52167
28.0173,2.91026
28.0711,3.31431
28.1183,3.86205
28.1587,4.56154
28.2058,5.7177
28.3252,9.38344
28.3778,10.3851
28.4274,10.7159
28.4793,10.3947
28.5333,9.28209
28.6234,6.69625
28.6635,5.90633
28.6962,5.5545
28.7282,5.44561
28.7731,5.60856
28.8243,6.14337
28.8883,7.23027
29.0507,10.9295
29.106,11.6607
29.1347,11.7641
29.1921,11.3652
29.274,9.79477
29.3703,7.82188
29.4226,7.20741
29.4574,7.08331
29.5015,7.30734
29.5548,8.10276
29.626,9.3353
29.6557,9.52061
29.6927,9.24363
29.7335,8.28767
29.8337,4.87178
29.8701,3.91082
29.9048,3.24674
29.9338,2.85849
29.9686,2.54422
30.0033,2.34816
30.0589,2.19218
30.0914,2.16142
30.1503,2.18718
30.2266,2.36049
30.2902,2.64639
30.3411,3.00939
30.3919,3.55529
30.4365,4.25224
30.48,5.19522
30.5288,6.60168
30.6091,9.55128
30.6996,12.9381
30.747,14.1635
30.7914,14.5892
30.8355,14.1487
30.8878,12.6367
30.9895,8.71282
31.0367,7.31854
31.0839,6.38397
31.1277,5.87206
31.2007,5.50682
31.3535,5.14042
31.5142,4.4937
31.585,4.41255
31.6482,4.57699
31.7114,5.06519
31.7608,5.78094
31.8043,6.77403
31.8479,8.24428
31.8922,10.369
31.9418,13.5411
32.0272,19.6678
32.0741,21.7875
32.1005,22.1309
32.1318,21.6346
32.1715,19.7499
32.2951,10.7774
32.3392,8.33048
32.3811,6.64602
32.4206,5.52501
32.4635,4.68767
32.5063,4.12646
32.5636,3.6636
32.6038,3.47357
32.6841,3.31153
32.7154,3.30482
32.8486,3.47426
33.017,3.71711
33.0444,3.72065
33.1541,3.59852
33.4325,2.89345
33.5331,2.7458
33.6306,2.69604
33.8257,2.79087
34.1243,3.04644
34.2401,3.2654
34.3329,3.6415
34.4102,4.1802
34.5756,5.85342
34.6444,6.21973
34.6635,6.22311
34.725,5.91635
34.8029,5.01282
34.9109,3.62106
34.9849,2.91892
35.0548,2.46539
35.1438,2.0928
35.2506,1.82383
35.3752,1.63902
35.5532,1.49741
35.7045,1.44829
35.7668,1.44601
35.8825,1.47689
35.9982,1.57719
36.085,1.73657
36.1573,1.97814
36.2007,2.21216
36.2452,2.5803
36.2841,3.08937
36.3153,3.70895
36.3425,4.48943
36.3676,5.47971
36.3943,6.9103
36.421,8.80237
36.4554,11.9691
36.5437,21.7383
36.5811,24.4631
36.6079,25.0991
36.6377,24.3449
36.6736,21.6546
36.7671,11.4089
36.7983,8.66352
36.825,6.84902
36.8512,5.51381
36.8796,4.47456
36.908,3.75758
36.9434,3.17567
36.986,2.7715
37.0286,2.56399
37.0822,2.48166
37.1376,2.55517
37.204,2.84318
37.2596,3.26894
37.3277,4.03471
37.4594,5.83031
37.5071,6.22098
37.5366,6.30166
37.5933,6.07053
37.6614,5.25271
37.7835,3.43037
37.8488,2.69146
37.9083,2.20776
37.9682,1.86737
38.0369,1.6037
38.1228,1.39827
38.2086,1.28132
38.3162,1.2176
38.352,1.2124
38.4632,1.2406
38.5743,1.33476
38.6938,1.51612
38.8301,1.83415
39.1055,2.65182
39.2317,2.8535
39.2699,2.87082
39.3942,2.81192
39.5997,2.63291
39.6328,2.62572
39.87,2.69761
40.1284,2.59499
40.2603,2.68837
40.5939,3.28215
40.7287,3.48202
40.784,3.71232
40.8301,4.10948
40.8732,4.77964
40.912,5.73749
40.9508,7.0942
41.0609,12.0429
41.1007,13.1477
41.1244,13.3479
41.1586,12.9633
41.1942,11.8074
41.3061,6.3532
41.3433,4.91467
41.3785,3.89332
41.4131,3.17494
41.4476,2.67384
41.4908,2.25966
41.5421,1.95952
41.5935,1.7815
41.6705,1.64059
41.7831,1.57191
41.8304,1.56798
42.0042,1.62302
42.0832,1.70124
42.1622,1.85717
42.2185,2.05419
42.2747,2.37619
42.3202,2.78697
42.3596,3.3206
42.3991,4.10505
42.4347,5.11829
42.4683,6.42786
42.5077,8.48715
42.5573,11.8267
42.6315,17.2261
42.6677,19.0933
42.7027,19.8729
42.7097,19.8879
42.7402,19.3965
42.7802,17.5353
42.8994,9.06862
42.9387,6.87543
42.9745,5.37666
43.0066,4.38523
43.039,3.66282
43.0716,3.14616
43.1042,2.78902
43.1416,2.52661
43.1815,2.38433
43.2081,2.3589
43.248,2.42475
43.2879,2.62774
43.3278,2.98871
43.3726,3.59911
43.4464,4.97644
43.5069,6.05075
43.554,6.48435
43.5718,6.50913
43.6099,6.28918
43.6614,5.49647
43.7672,3.31075
43.8148,2.54242
43.854,2.07308
43.8985,1.69264
43.9431,1.43447
43.9987,1.2254
44.0667,1.07468
44.1373,0.991186
44.2313,0.953193
44.322,0.977681
44.4127,1.05831
44.5269,1.2336
44.672,1.47909
44.758,1.53403
44.8333,1.48908
44.9851,1.23417
45.1017,1.05139
45.1826,0.972795
45.2866,0.927907
45.3097,0.92546
45.4136,0.945476
45.5257,1.03068
45.61,1.16253
45.6677,1.31421
45.7111,1.48573
45.7544,1.74116
45.7897,2.05147
45.8222,2.46402
45.8547,3.05978
45.884,3.81718
45.9132,4.85118
45.9435,6.2777
45.9796,8.48488
46.0431,13.3645
46.0853,16.5093
46.1241,18.5167
46.1567,19.1164
46.1946,18.4026
46.2325,16.383
46.3367,8.59677
46.3727,6.45699
46.4025,5.09336
46.4329,4.05811
46.4612,3.35296
46.4942,2.77311
46.5254,2.39762
46.569,2.05839
46.6126,1.85553
46.678,1.70271
46.7264,1.6663
46.8087,1.71535
46.891,1.89716
46.9636,2.18933
47.0363,2.64416
47.1128,3.33743
47.2745,5.18238
47.3404,5.62585
47.3745,5.68494
47.4175,5.58136
47.4828,5.11345
47.643,3.53187
47.7152,3.02125
47.7771,2.72774
47.8488,2.53141
47.9206,2.46681
47.9924,2.52327
48.0641,2.70743
48.1359,3.0486
48.1897,3.44504
48.2525,4.13513
48.3063,5.03253
48.3512,6.13225
48.3915,7.55892
48.4252,9.22737
48.4588,11.5263
48.49,14.4245
48.5212,18.2677
48.5573,24.1164
48.5978,32.539
48.6988,57.1583
48.7379,63.8644
48.7787,66.4725
48.8142,64.5198
48.8573,57.5552
48.9705,30.7672
49.0088,23.4674
49.0453,18.172
49.0807,14.4221
49.115,11.8238
49.1536,9.77904
49.1965,8.21801
49.25,6.8692
49.3274,5.46346
49.4143,4.24524
49.4948,3.36887
49.5701,2.75891
49.6562,2.27182
49.7375,1.96454
49.8188,1.76142
49.9407,1.59098
50.0627,1.53255
50.2151,1.56518
50.5078,1.7072
50.5403,1.71033
50.8871,1.6394
50.9447,1.64057
51.0667,1.60036
51.1771,1.45535
51.3708,1.11465
51.4784,0.99578
51.606,0.934756
51.6485,0.931304
51.7413,0.952199
51.8804,1.05627
52.0845,1.25614
52.3308,1.33952
52.4297,1.44606
52.5528,1.69114
52.6339,1.93728
52.6917,2.20452
52.7444,2.57721
52.7906,3.06107
52.8402,3.8034
52.8961,4.94823
53.0155,7.87764
53.064,8.68669
53.1136,8.95984
53.1596,8.69037
53.2477,7.32088
53.3353,5.9573
53.4113,5.23467
53.5078,4.7821
53.6068,4.63049
53.6741,4.74391
53.7323,5.06277
53.7905,5.6517
53.861,6.76034
54.0091,9.64081
54.0731,10.2732
54.0906,10.311
54.1527,9.95444
54.2303,8.68889
54.3457,6.51807
54.4114,5.73275
54.4605,5.49028
54.4687,5.48308
54.5186,5.67835
54.5566,6.15278
54.601,7.15782
54.6459,8.75954
54.6972,11.3335
54.7997,17.4098
54.8449,19.1827
54.8818,19.6579
54.9228,19.0148
54.9767,16.5911
55.0888,9.72669
55.1371,7.42484
55.1734,6.13857
55.2156,5.06254
55.2577,4.3389
55.3083,3.79606
55.359,3.48769
55.4096,3.33262
55.4614,3.28441
55.552,3.39598
55.6607,3.7953
55.7732,4.48678
55.9171,5.72896
56.1502,8.17522
56.245,9.55097
56.4177,13.1831
56.4889,14.003
56.5053,14.0217
56.5591,13.5757
56.6369,11.8106
56.7564,8.43952
56.8301,6.89858
56.9038,5.89112
56.9923,5.20631
57.0866,4.88883
57.1485,4.83887
57.3005,5.05713
57.5291,5.57356
57.571,5.58952
57.6801,5.42498
57.8478,4.69588
57.9821,4.03077
58.0848,3.67899
58.1619,3.57626
58.2359,3.65782
58.3083,3.96559
58.3808,4.56157
58.4543,5.49116
58.616,8.00215
58.6705,8.50297
58.7089,8.60127
58.7633,8.31615
58.8245,7.42706
58.9856,3.91919
59.0312,3.13631
59.0812,2.49891
59.1312,2.06138
59.1813,1.76712
59.237,1.5444
59.3286,1.30595
59.4329,1.13021
59.5793,0.975044
59.7257,0.88487
59.9248,0.829595
60.0068,0.824739
60.1591,0.841742
60.3114,0.895763
60.487,1.01804
60.6335,1.19164
60.7506,1.40132
60.8736,1.7229
60.9813,2.1319
61.0797,2.6658
61.1617,3.29227
61.2465,4.19161
61.3561,5.75631
61.4546,7.16949
61.5252,7.72618
61.5478,7.76984
61.6092,7.52575
61.6885,6.56807
61.8344,4.32271
61.9012,3.55876
61.957,3.10855
62.0015,2.85991
62.061,2.66421
62.1204,2.61238
62.1873,2.74093
62.2319,2.97421
62.2765,3.39299
62.3136,3.96751
62.3434,4.65543
62.3731,5.63859
62.4028,7.02933
62.4313,8.86721
62.4586,11.1993
62.4904,14.7404
62.527,19.9584
62.5984,32.5654
62.6473,40.6912
62.687,45.033
62.7201,46.2629
62.7544,44.9695
62.7997,39.744
62.9156,19.6064
62.9522,14.4267
62.9848,10.841
63.0133,8.45026
63.042,6.64286
63.0728,5.23791
63.1036,4.24553
63.137,3.49696
63.1686,3.00202
63.2108,2.55059
63.2635,2.19053
63.3268,1.93092
63.369,1.82355
63.4534,1.71471
63.4908,1.70243
63.5752,1.74623
63.6596,1.89393
63.7299,2.11546
63.8002,2.45965
63.8644,2.92228
63.9337,3.63407
64.0045,4.62606
64.1114,6.55129
64.2361,9.16599
64.3021,11.0323
64.3637,13.5176
64.4792,19.4486
64.536,21.2795
64.5592,21.487
64.5977,21.0206
64.6517,18.8064
64.7848,10.4759
64.8281,8.39973
64.8659,7.10734
64.8982,6.38062
64.9305,5.97641
64.9599,5.86295
64.9991,6.04396
65.0486,6.70757
65.1598,8.78939
65.2155,9.27412
65.2245,9.2804
65.2696,8.98397
65.3169,8.1526
65.451,4.84016
65.5058,3.81356
65.5594,3.11681
65.614,2.65026
65.6743,2.31521
65.7709,1.97687
65.8869,1.70868
66.0125,1.51208
66.0996,1.42631
66.2486,1.365
66.2752,1.36331
66.5254,1.39204
66.6637,1.36266
66.8633,1.21112
67.0985,0.990361
67.2532,0.88979
67.4079,0.844494
67.4594,0.844328
67.5832,0.887902
67.6657,0.972843
67.7276,1.09017
67.7895,1.28293
67.8457,1.55144
67.9019,1.92722
68.0469,3.16016
68.1044,3.47539
68.1398,3.53857
68.194,3.4208
68.263,2.97144
68.3791,2.0258
68.4275,1.72482
68.4784,1.4983
68.5347,1.34503
68.591,1.27157
68.6351,1.2575
68.7112,1.30813
68.7874,1.4535
68.8474,1.64824
68.9166,1.98394
68.9961,2.53494
69.1758,4.07806
69.2451,4.4548
69.313,4.56861
69.3956,4.41004
69.5952,3.63116
69.7123,3.32428
69.8357,3.19706
69.9173,3.26273
70.001,3.50324
70.0868,3.96453
70.2832,5.45925
70.3699,5.78793
70.3817,5.79426
70.4629,5.56259
70.554,4.82975
70.7234,3.12908
70.8101,2.46003
70.8871,2.0239
70.9737,1.67795
71.0604,1.44317
71.1469,1.28595
71.2622,1.16033
71.3703,1.10964
71.4207,1.1069
71.5088,1.13913
71.5802,1.20875
71.6642,1.35419
71.8707,1.88668
71.9547,1.98199
71.9614,1.98281
72.0469,1.91224
72.2414,1.57491
72.3554,1.50808
72.4879,1.56335
72.6367,1.74116
72.7762,2.01999
72.8843,2.35699
72.975,2.79533
73.0355,3.23541
73.0884,3.79702
73.1296,4.42796
73.1668,5.22841
73.204,6.36214
73.2366,7.74734
73.2715,9.79067
73.3064,12.5801
73.3412,16.2643
73.3821,21.8009
73.4474,32.8367
73.5104,43.6167
73.5559,49.1806
73.5999,51.3619
73.6052,51.3808
73.6477,49.6665
73.7015,43.5743
73.8062,27.8621
73.8544,22.3691
73.8877,19.6918
73.9245,17.7389
73.9713,16.4508
74.0279,16.0077
74.0611,16.0019
74.0848,16.0171
74.1713,15.6561
74.2555,14.2203
74.4772,8.12089
74.5516,6.58647
74.6182,5.61356
74.6716,5.09567
74.7427,4.75784
74.7605,4.74015
74.8109,4.85496
74.8553,5.18592
74.8997,5.75963
74.9599,6.91951
75.0996,10.2038
75.1667,11.1077
75.3183,11.659
75.3694,12.4736
75.422,14.1373
75.4906,17.4701
75.5862,22.537
75.6404,24.2094
75.6723,24.4464
75.7202,23.6503
75.7832,20.7777
75.9323,11.2637
75.9862,8.54964
76.0356,6.6585
76.0849,5.26421
76.1352,4.24274
76.1854,3.51215
76.2457,2.89776
76.3084,2.45954
76.3868,2.09567
76.4652,1.86481
76.5609,1.69965
76.7538,1.55478
76.9596,1.38582
77.1943,1.14964
77.3005,1.0925
77.3873,1.07845
77.4946,1.10445
77.602,1.18626
77.7069,1.33906
77.7902,1.53515
77.8735,1.82771
77.9572,2.25401
78.0424,2.85002
78.237,4.51174
78.3135,4.91952
78.3609,4.99934
78.4427,4.79692
78.5381,4.14842
78.6922,2.8997
78.78,2.35778
78.8592,2.01077
78.9583,1.73427
79.0375,1.60894
79.1587,1.54295
79.2583,1.59107
79.3489,1.72543
79.4395,1.97682
79.5187,2.33661
79.5923,2.83732
79.6687,3.57526
79.757,4.70976
79.8947,6.59382
79.9696,7.16958
80.0002,7.2313
80.0384,7.1519
80.1008,6.67535
80.2015,5.3199
80.3146,3.70531
80.3863,2.906
80.4516,2.36105
80.5185,1.95598
80.5965,1.62881
80.6761,1.40576
80.7558,1.25712
80.8513,1.14454
80.9576,1.07795
81.0639,1.05824
81.1854,1.08727
81.3069,1.17784
81.4081,1.31509
81.5262,1.5708
81.6646,2.00727
81.8199,2.51466
81.9225,2.71568
82.1417,2.91932
82.2321,3.13488
82.3281,3.54799
82.4156,4.13858
82.4784,4.78233
82.5287,5.58168
82.5664,6.50619
82.5978,7.63757
82.6305,9.34562
82.6613,11.66
82.6921,14.8937
82.7229,19.2811
82.7549,25.2739
82.7951,34.9504
82.8567,53.3751
82.9233,73.1535
82.9639,81.4049
83.006,84.5861
83.0452,81.9387
83.0849,74.2797
83.1453,56.5347
83.2151,34.843
83.2524,25.3383
83.2822,19.2458
83.3105,14.6624
83.3388,11.1475
83.3643,8.7555
83.3898,6.95365
83.4161,5.57376
83.4447,4.49258
83.4769,3.64105
83.5127,2.99537
83.5492,2.54147
83.5949,2.1505
83.6498,1.83179
83.7138,1.57947
83.7942,1.37082
83.9112,1.18809
84.0906,1.01652
84.2117,0.963552
84.3264,0.986552
84.4411,1.07226
84.6906,1.29957
84.9111,1.43615
84.9999,1.56024
85.0986,1.80827
85.2138,2.25538
85.3364,2.78486
85.4267,3.02513
85.4692,3.05369
85.5552,2.93089
85.6876,2.43255
85.8114,1.95682
85.9296,1.64915
86.2413,1.11419
86.3786,0.925831
86.4611,0.845878
86.5767,0.778434
86.6924,0.760846
86.7899,0.789876
86.855,0.842105
86.92,0.938536
86.9726,1.06904
87.0228,1.26078
87.073,1.54342
87.1251,1.95547
87.1912,2.64801
87.3029,3.92194
87.3534,4.28862
87.3957,4.39186
87.4495,4.22379
87.5082,3.72187
87.643,2.19568
87.6971,1.73043
87.7451,1.43572
87.7932,1.24134
87.8476,1.1176
87.9112,1.0694
87.9746,1.09779
88.0628,1.2236
88.2173,1.48262
88.4049,1.65403
88.4755,1.80312
88.5438,2.07209
88.6035,2.45115
88.6596,2.97709
88.7157,3.72336
88.7736,4.7843
88.8391,6.36661
88.9856,10.5804
89.0455,11.7828
89.0993,12.1958
89.1562,11.8428
89.2309,10.3568
89.3742,6.56114
89.4377,5.28768
89.4955,4.46977
89.5613,3.8723
89.6369,3.48112
89.7338,3.23455
89.8242,3.16947
89.9022,3.25408
89.9801,3.51021
90.0451,3.89237
90.1101,4.48518
90.1673,5.26813
90.2158,6.23628
90.2643,7.65037
90.3065,9.44378
90.3464,11.8488
90.383,14.9032
90.4209,19.1801
90.461,25.2058
90.5043,33.657
90.5627,47.9963
90.6645,74.848
90.7182,84.3236
90.7633,87.0697
90.8057,84.6774
90.8584,75.7471
90.9482,52.2992
91.0145,35.3785
91.0589,26.2965
91.1002,19.7438
91.1339,15.6574
91.1706,12.2761
91.2074,9.78397
91.2441,7.95727
91.2808,6.61178
91.3268,5.39694
91.3795,4.41988
91.4426,3.61325
91.5183,2.95279
91.5943,2.49246
91.6895,2.09016
91.7846,1.81291
91.9152,1.56525
92.024,1.44302
92.1382,1.38271
92.198,1.37883
92.3041,1.42645
92.3938,1.53729
92.4754,1.71726
92.5679,2.046
92.6658,2.56464
92.8442,3.72235
92.9297,4.0759
92.9878,4.14794
93.053,4.06829
93.2895,3.33116
93.3966,3.22114
93.4721,3.30086
93.5153,3.45934
93.5634,3.83393
93.6021,4.39605
93.6343,5.14149
93.6665,6.23986
93.6987,7.79503
93.7308,9.90347
93.7689,13.1953
93.8133,18.104
93.9211,31.9502
93.9667,36.2524
94.0121,38.1323
94.0183,38.1688
94.0645,36.7378
94.1154,32.1476
94.2421,15.7542
94.2837,11.3473
94.3189,8.42078
94.3497,6.45169
94.3806,4.96744
94.408,3.98565
94.4386,3.18469
94.4688,2.62624
94.504,2.18128
94.5392,1.88761
94.5794,1.67135
94.6278,1.51621
94.6853,1.42374
94.7428,1.40099
94.8034,1.44656
94.8641,1.58304
94.9096,1.77673
94.9475,2.03144
94.9855,2.41134
95.0214,2.93344
95.0573,3.66726
95.0932,4.66849
95.1323,6.11673
95.1786,8.33996
95.2609,13.2774
95.3287,17.1564
95.3814,19.0218
95.4159,19.3971
95.4631,18.7198
95.5059,17.0552
95.5882,12.2805
95.6587,8.17268
95.7055,6.01291
95.7455,4.60875
95.7782,3.74018
95.8155,3.00917
95.8564,2.4536
95.8973,2.08426
95.9382,1.84215
95.9872,1.66134
96.0363,1.55753
96.1126,1.49108
96.1435,1.48758
96.2362,1.53829
96.3598,1.7202
96.5982,2.19334
96.7116,2.28721
96.7262,2.28864
96.9123,2.17145
97.0577,2.10975
97.1594,2.1922
97.2612,2.42731
97.3484,2.80217
97.4211,3.31508
97.4793,3.96117
97.5211,4.65435
97.5574,5.51343
97.5938,6.74112
97.6256,8.2609
97.6574,10.3697
97.6865,12.9887
97.7156,16.4533
97.7483,21.5918
97.7828,28.68
97.821,38.6619
97.8725,55.3959
97.9655,88.6069
98.0156,101.868
98.0614,107.366
98.0714,107.563
98.1174,103.747
98.1625,93.3757
98.2451,65.0398
98.3102,42.9883
98.3527,31.5049
98.3877,24.2094
98.4178,19.4576
98.4478,15.9434
98.4779,13.4878
98.5079,11.9087
98.5379,11.0409
98.573,10.7387
98.618,11.1866
98.6781,12.6858
98.7661,15.1659
98.8269,15.954
98.8344,15.9639
98.8917,15.3473
98.9489,13.6539
99.0934,7.83304
99.1491,6.13905
99.1925,5.19706
99.2359,4.56026
99.2902,4.10907
99.3469,3.92805
99.3753,3.91219
99.6445,4.29788
99.8043,4.39424
99.9079,4.74225
100.106,5.88727
100.159,5.99686
100.222,5.874
100.296,5.37367
100.519,2.9933
100.603,2.30368
100.676,1.85911
100.75,1.53949
100.833,1.28673
100.927,1.08931
101.045,0.924037
101.182,0.798515
101.354,0.700108
101.57,0.63129
101.828,0.600648
101.849,0.600324
102.032,0.612707
102.194,0.652795
102.328,0.721213
102.436,0.817868
102.517,0.934995
102.584,1.08367
102.646,1.28818
102.695,1.52502
102.743,1.83374
102.79,2.25099
102.845,2.9096
102.905,3.86162
103.06,6.81991
103.117,7.59796
103.177,7.90241
103.225,7.70979
103.292,6.85406
103.461,3.68498
103.521,2.8049
103.569,2.26655
103.619,1.85328
103.669,1.55755
103.73,1.31113
103.785,1.16758
103.84,1.07252
103.926,0.988252
104.013,0.959435
104.119,0.985725
104.21,1.06856
104.28,1.18583
104.361,1.39609
104.441,1.70658
104.51,2.07522
104.565,2.49756
104.61,2.98941
104.653,3.66716
104.694,4.5905
104.733,5.7958
104.776,7.5589
104.842,10.9148
104.923,15.191
104.976,17.087
105.017,17.5734
105.064,16.9873
105.113,15.2579
105.253,7.95021
105.3,6.03772
105.342,4.75569
105.379,3.94097
105.416,3.38012
105.463,2.95098
105.519,2.71536
105.549,2.68049
105.605,2.75689
105.66,3.03188
105.707,3.46597
105.744,4.00493
105.786,4.8941
105.823,6.01432
105.864,7.68317
105.905,9.88286
105.957,13.4856
106.09,24.3007
106.147,27.511
106.199,28.5486
106.25,27.6158
106.316,24.0991
106.439,15.5619
106.497,12.5381
106.553,10.6333
106.611,9.51858
106.675,8.97005
106.752,8.80065
106.862,9.08566
106.922,9.69402
106.976,10.7907
107.039,12.8852
107.128,17.1476
107.199,20.5783
107.257,22.1939
107.282,22.3753
107.338,21.5152
107.399,18.7956
107.541,10.0657
107.591,7.63589
107.635,6.07925
107.672,5.12529
107.715,4.39565
107.752,4.04009
107.8,3.86878
107.805,3.86621
107.861,3.99834
107.943,4.56263
108.06,5.54766
108.135,5.87789
108.152,5.8934
108.217,5.73715
108.307,5.0618
108.477,3.39786
108.559,2.79408
108.632,2.40863
108.721,2.11382
108.809,1.96624
108.868,1.93782
108.959,2.00025
109.027,2.14204
109.108,2.44853
109.178,2.87926
109.244,3.48379
109.309,4.30941
109.392,5.69936
109.562,9.03451
109.631,9.88352
109.679,10.0814
109.735,9.8783
109.813,8.93226
109.964,6.39226
110.025,5.62605
110.086,5.15911
110.143,4.98151
110.171,4.96623
110.369,5.23984
110.488,5.05285
110.591,4.88175
110.665,5.05486
110.732,5.59125
110.799,6.5541
110.882,8.31906
111.026,11.8974
111.096,13.0629
111.151,13.3679
111.21,13.0142
111.289,11.5572
111.484,6.42661
111.556,4.94118
111.619,3.95034
111.678,3.26711
111.749,2.68237
111.826,2.25793
111.908,1.9671
111.991,1.79581
112.074,1.71317
112.115,1.69959
112.235,1.75174
112.37,1.94773
112.625,2.47425
112.776,2.62994
112.908,2.59093
113.248,2.251
113.365,2.21585
113.524,2.27316
114.204,3.0023
114.31,3.23034
114.414,3.67181
114.492,4.22692
114.602,5.35625
114.757,7.14663
114.843,7.66023
114.867,7.68699
114.918,7.56135
114.998,6.90793
115.235,3.7316
115.312,2.93393
115.384,2.38981
115.456,2.00846
115.528,1.76403
115.602,1.64828
115.617,1.64279
115.665,1.67595
115.712,1.79782
115.76,2.02654
115.815,2.44695
115.882,3.17122
115.996,4.51906
116.055,4.93651
116.09,5.01123
116.134,4.89429
116.184,4.51426
116.274,3.39878
116.357,2.36863
116.411,1.8501
116.453,1.55082
116.501,1.3099
116.543,1.16857
116.605,1.05202
116.669,0.999707
116.736,0.98728
116.912,1.03906
117.126,1.16768
117.271,1.32978
117.375,1.52784
117.46,1.77496
117.546,2.14165
117.621,2.62311
117.683,3.19223
117.735,3.84489
117.791,4.80978
117.844,6.05616
117.899,7.77373
117.964,10.3971
118.155,19.7937
118.223,21.886
118.269,22.3305
118.322,21.7725
118.393,19.4769
118.579,10.3579
118.643,7.83235
118.698,6.2051
118.751,5.0038
118.805,4.12372
118.861,3.46148
118.929,2.91141
118.988,2.60105
119.061,2.37034
119.135,2.30159
119.2,2.41176
119.248,2.6517
119.289,3.00513
119.329,3.55204
119.37,4.35168
119.41,5.46204
119.454,7.0748
119.507,9.5567
119.64,16.8824
119.696,19.0948
119.753,19.9922
119.758,19.9992
119.806,19.4694
119.87,17.3985
120.034,9.85427
120.102,7.34477
120.165,5.51182
120.229,4.03992
120.285,3.05363
120.336,2.35961
120.379,1.92104
120.425,1.56893
120.476,1.29606
120.528,1.11496
120.589,0.977766
120.651,0.894342
120.733,0.830819
120.844,0.795399
120.881,0.793147
120.986,0.811463
121.091,0.873721
121.184,0.985748
121.268,1.15762
121.339,1.38485
121.413,1.71644
121.516,2.33931
121.644,3.15842
121.726,3.47921
121.787,3.54401
121.942,3.37955
121.988,3.47752
122.034,3.79868
122.075,4.34857
122.116,5.19923
122.162,6.54869
122.223,8.91467
122.323,13.1257
122.378,14.7064
122.426,15.2119
122.475,14.7429
122.527,13.2931
122.676,7.06817
122.722,5.55177
122.763,4.55304
122.803,3.92027
122.832,3.63542
122.876,3.44667
122.889,3.43424
122.958,3.59008
123.075,4.0482
123.125,4.1045
123.2,3.93846
123.301,3.34521
123.424,2.54317
123.487,2.26583
123.558,2.09697
123.593,2.07259
123.656,2.1244
123.724,2.32424
123.781,2.62876
123.838,3.10861
123.883,3.67585
123.929,4.47939
123.974,5.61359
124.015,7.01361
124.055,8.81068
124.103,11.6423
124.156,15.76
124.229,22.7594
124.332,33.0975
124.39,37.1514
124.45,38.6954
124.503,37.4767
124.56,33.7643
124.668,23.1608
124.745,15.7086
124.8,11.505
124.844,8.90983
124.887,6.92281
124.926,5.59031
124.97,4.46686
125.013,3.6478
125.065,2.96195
125.114,2.4864
125.177,2.06558
125.239,1.7681
125.316,1.5084
125.412,1.28683
125.508,1.13946
125.608,1.04108
125.732,0.98436
125.794,0.983293
125.887,1.02443
125.977,1.13229
126.054,1.30959
126.122,1.55534
126.19,1.90542
126.283,2.54939
126.415,3.5294
126.477,3.82854
126.533,3.91995
126.605,3.75894
126.682,3.28622
126.85,1.94106
126.92,1.5017
126.981,1.21973
127.028,1.06293
127.086,0.936811
127.145,0.876292
127.169,0.869981
127.222,0.897487
127.275,0.987114
127.328,1.14663
127.385,1.39893
127.494,2.03781
127.579,2.49793
127.646,2.67882
127.669,2.69138
127.731,2.60109
127.9,1.94184
127.968,1.79467
127.998,1.77702
128.053,1.81251
128.227,2.15407
128.299,2.20103
128.369,2.1362
128.487,1.84684
128.66,1.35345
128.769,1.12783
128.916,0.913701
129.106,0.713034
129.306,0.555241
129.489,0.453653
129.646,0.39586
129.781,0.364359
129.947,0.346275
129.988,0.345442
130.091,0.351585
130.184,0.371937
130.277,0.418141
130.339,0.473278
130.401,0.556328
130.479,0.705396
130.64,1.0974
130.72,1.22796
130.779,1.2604
130.861,1.21793
131.333,0.598155
131.422,0.516645
131.491,0.480277
131.565,0.465551
131.589,0.465239
131.687,0.482064
131.81,0.537049
131.91,0.611876
132.016,0.733484
132.096,0.867688
132.171,1.04282
132.251,1.29612
132.346,1.70337
132.557,2.78002
132.659,3.12028
132.761,3.22842
132.879,3.19953
132.962,3.265
133.038,3.53913
133.099,3.98873
133.159,4.70485
133.228,5.89467
133.423,10.2345
133.495,11.1987
133.537,11.3644
133.585,11.1523
133.659,10.0831
133.853,5.73906
133.92,4.58444
133.986,3.7407
134.042,3.23591
134.11,2.81454
134.211,2.42645
134.331,2.15564
134.51,1.89318
134.666,1.74458
134.809,1.69342
134.906,1.73159
134.991,1.84123
135.075,2.06113
135.15,2.39372
135.213,2.83383
135.277,3.4718
135.341,4.35937
135.415,5.74512
135.61,10.2748
135.676,11.3418
135.741,11.7339
135.816,11.2777
135.894,9.92574
136.068,5.90114
136.14,4.57274
136.208,3.65046
136.265,3.10339
136.328,2.67992
136.413,2.32761
136.489,2.14063
136.642,1.9388
136.859,1.70359
137.253,1.06523
137.468,0.798025
137.667,0.608934
137.825,0.499878
137.962,0.434337
138.145,0.377979
138.369,0.340582
138.599,0.326191
138.649,0.325611
138.874,0.333969
139.098,0.363045
139.273,0.405234
139.448,0.470612
139.897,0.707221
140.077,0.759813
140.384,0.795012
140.556,0.858625
140.743,0.998212
141.113,1.35367
141.371,1.47688
141.511,1.54994
141.604,1.65087
141.72,1.88406
141.822,2.21615
142.086,3.38461
142.197,3.66618
142.23,3.69103
142.333,3.58434
142.546,2.9631
142.6,2.89989
142.655,2.97866
142.698,3.20252
142.74,3.62493
142.774,4.19237
142.809,5.01928
142.844,6.17292
142.879,7.72096
142.921,10.179
142.968,13.7958
143.028,19.6247
143.147,32.0285
143.207,36.2272
143.261,37.5668
143.307,36.5703
143.358,33.3651
143.436,25.6847
143.533,15.4767
143.583,11.1236
143.624,8.36166
143.663,6.29234
143.698,4.87714
143.734,3.79202
143.767,3.05829
143.8,2.51768
143.839,2.06801
143.883,1.72077
143.93,1.47864
143.99,1.28373
144.062,1.14353
144.159,1.03659
144.293,0.965865
144.512,0.936237
144.696,0.965763
144.851,1.05097
144.961,1.17894
145.035,1.32256
145.103,1.53089
145.157,1.791
145.204,2.12661
145.243,2.53273
145.282,3.112
145.318,3.84433
145.354,4.88164
145.386,6.12566
145.423,8.01272
145.459,10.4987
145.497,13.7818
145.543,18.7973
145.611,28.0113
145.725,44.3905
145.789,50.4956
145.837,52.0717
145.889,50.5228
145.949,44.9459
146.049,30.809
146.124,20.3413
146.174,14.6378
146.216,10.7989
146.252,8.31186
146.288,6.39405
146.324,4.95086
146.359,3.8848
146.395,3.10662
146.435,2.48731
146.478,2.02383
146.521,1.70112
146.57,1.44319
146.625,1.24041
146.7,1.05604
146.794,0.909493
146.907,0.804736
147.034,0.743365
147.145,0.726396
147.234,0.744001
147.311,0.805858
147.366,0.899275
147.419,1.04575
147.472,1.27324
147.529,1.61135
147.691,2.82044
147.756,3.13242
147.798,3.19483
147.858,3.07545
147.918,2.75634
148.055,1.78216
148.105,1.51634
148.151,1.36202
148.198,1.29197
148.221,1.28558
148.259,1.31039
148.351,1.48581
148.463,1.71724
148.538,1.77223
148.629,1.69889
148.832,1.33495
148.896,1.28204
148.923,1.27728
149.004,1.32724
149.084,1.47468
149.166,1.72677
149.26,2.13955
149.524,3.63027
149.61,3.91952
149.669,3.97398
149.75,3.84022
149.861,3.33508
150.064,2.11028
150.157,1.66277
150.244,1.34918
150.33,1.12352
150.422,0.957698
150.515,0.846506
150.637,0.75596
150.76,0.710502
150.865,0.698274
150.988,0.711272
151.147,0.775754
151.255,0.860539
151.363,0.993605
151.46,1.16884
151.574,1.46209
151.717,1.9576
151.891,2.57459
152.009,2.80765
152.073,2.83449
152.246,2.71804
152.32,2.77105
152.369,2.92428
152.431,3.30477
152.496,3.96619
152.601,5.4648
152.695,6.74862
152.774,7.37628
152.829,7.48622
152.943,7.13863
153.153,6.07289
153.237,5.29304
153.383,3.3708
153.457,2.4596
153.51,1.96793
153.548,1.71167
153.591,1.52214
153.627,1.44635
153.645,1.43546
153.691,1.48844
153.737,1.65576
153.789,1.97961
153.854,2.55561
154.009,4.20844
154.08,4.68805
154.133,4.80024
154.188,4.6818
154.267,4.17699
154.432,2.76793
154.529,2.12791
154.62,1.67487
154.722,1.27917
154.812,1.01494
154.886,0.849357
154.955,0.739174
155.026,0.662769
155.097,0.618422
155.173,0.600668
155.255,0.612557
155.337,0.659152
155.412,0.74045
155.467,0.835241
155.534,1.00183
155.592,1.20848
155.656,1.52081
155.726,1.97709
155.822,2.78907
155.956,3.94916
156.03,4.3546
156.082,4.45291
156.15,4.32325
156.231,3.84732
156.419,2.32149
156.493,1.8701
156.547,1.63976
156.598,1.49797
156.648,1.42434
156.681,1.41089
156.726,1.43406
156.787,1.54242
156.847,1.74506
156.916,2.10333
156.99,2.65561
157.075,3.51613
157.269,5.78042
157.344,6.33037
157.393,6.44804
157.467,6.21297
157.552,5.39542
157.744,2.76569
157.811,2.0304
157.867,1.56533
157.914,1.26614
157.966,1.0178
158.017,0.842652
158.076,0.701861
158.135,0.609089
158.201,0.544591
158.247,0.516658
158.339,0.490472
158.387,0.488206
158.7,0.523655
159.061,0.480406
159.113,0.47971
159.256,0.481918
159.682,0.465313
159.82,0.426604
160.05,0.329068
160.142,0.3048
160.244,0.292483
160.282,0.291275
160.434,0.299565
160.633,0.33378
160.797,0.382095
160.961,0.455583
161.126,0.562751
161.317,0.736065
161.466,0.912298
161.586,1.11292
161.667,1.31088
161.741,1.57376
161.805,1.89495
161.874,2.37035
161.942,3.00478
162.03,4.04064
162.206,6.32295
162.295,7.06258
162.365,7.25409
162.446,7.07398
162.66,5.83843
162.949,4.84944
163.084,4.06063
163.272,2.79111
163.374,2.28133
163.472,1.96612
163.585,1.75866
164.172,1.18057
164.28,1.11855
164.316,1.11082
164.389,1.12157
164.476,1.19941
164.542,1.32746
164.608,1.54369
164.674,1.87919
164.74,2.36068
164.815,3.10134
165.044,5.79598
165.21,7.40711
165.28,8.53083
165.338,10.0726
165.396,12.3764
165.459,15.8711
165.629,27.1464
165.701,30.0288
165.739,30.4917
165.798,29.5629
165.869,26.1317
166.051,13.0643
166.112,9.52551
166.162,7.23907
166.212,5.53804
166.252,4.48659
166.295,3.6366
166.338,3.00115
166.39,2.44771
166.44,2.06244
166.501,1.73934
166.569,1.49653
166.622,1.36937
166.693,1.26515
166.772,1.22633
166.851,1.26305
166.961,1.41532
167.138,1.69384
167.324,1.88316
167.39,2.03675
167.456,2.30857
167.52,2.72339
167.588,3.34297
167.662,4.25122
167.738,5.48548
167.81,7.04056
167.873,8.87645
167.947,11.7165
168.139,20.8155
168.211,22.7728
168.245,23.0145
168.31,22.1375
168.386,19.2023
168.519,12.3988
168.567,10.5118
168.614,9.2663
168.659,8.77315
168.67,8.7533
168.704,8.95486
168.739,9.54486
168.789,10.9493
168.96,17.7415
169.027,19.2938
169.065,19.5379
169.134,18.6906
169.216,15.9726
169.35,10.5683
169.417,8.55906
169.47,7.4708
169.529,6.71793
169.618,6.15484
169.825,5.22588
170.127,3.59707
170.446,1.90143
170.55,1.46987
170.635,1.21979
170.706,1.07988
170.787,0.986317
170.869,0.957109
170.957,0.999046
171.032,1.10757
171.1,1.28327
171.168,1.5513
171.243,1.96999
171.454,3.45419
171.513,3.74218
171.569,3.87071
171.644,3.79828
171.725,3.44126
171.954,1.92596
172.034,1.51692
172.112,1.22227
172.19,1.01278
172.266,0.870596
172.369,0.738915
172.494,0.642316
172.608,0.590016
172.754,0.556724
172.843,0.550455
173.005,0.561345
173.258,0.622444
173.518,0.726374
173.949,0.9533
174.241,1.06803
174.526,1.24924
174.775,1.30982
174.901,1.43015
175.028,1.66004
175.372,2.50506
175.52,2.70287
175.71,2.81833
175.772,2.97728
175.829,3.28007
175.885,3.80621
175.944,4.64804
176.008,5.92319
176.16,9.50334
176.229,10.5497
176.277,10.7635
176.337,10.3697
176.407,9.08464
176.578,4.54506
176.636,3.31144
176.683,2.53045
176.725,2.00342
176.769,1.59796
176.81,1.32684
176.855,1.12213
176.904,0.975799
176.973,0.844584
177.099,0.701539
177.301,0.525178
177.432,0.442344
177.546,0.397737
177.668,0.373943
177.755,0.368881
177.886,0.37619
178.043,0.406538
178.215,0.468031
178.417,0.578138
178.696,0.751011
178.888,0.823682
179.061,0.874617
179.187,0.958588
179.45,1.25247
179.513,1.27761
179.597,1.24083
179.69,1.1085
179.916,0.639534
179.997,0.509458
180.074,0.418648
180.151,0.355712
180.244,0.30703
180.365,0.271323
180.485,0.254252
180.602,0.249541
180.736,0.256465
180.87,0.278076
180.983,0.311416
181.076,0.355784
181.146,0.407425
181.209,0.478538
181.264,0.574723
181.309,0.687027
181.35,0.829635
181.397,1.04596
181.44,1.30692
181.493,1.73155
181.563,2.43621
181.712,4.11476
181.773,4.59111
181.837,4.77795
181.891,4.65468
181.947,4.2709
182.038,3.30781
182.141,2.12271
182.2,1.56555
182.249,1.20548
182.297,0.946308
182.344,0.761375
182.384,0.651713
182.425,0.57811
182.465,0.533419
182.52,0.508786
182.527,0.5083
182.577,0.521004
182.633,0.571943
182.676,0.64108
182.719,0.74495
182.762,0.898087
182.806,1.1126
182.849,1.40385
182.899,1.84952
182.949,2.43349
183.018,3.44864
183.16,5.84699
183.231,6.72305
183.293,7.06583
183.306,7.07607
183.372,6.79681
183.441,5.98409
183.623,2.98581
183.685,2.16001
183.735,1.6367
183.777,1.30176
183.824,1.02603
183.866,0.844877
183.915,0.698486
183.957,0.615115
184.013,0.547658
184.072,0.51528
184.117,0.509993
184.208,0.536691
184.355,0.641763
184.526,0.759117
184.652,0.831992
184.725,0.915921
184.791,1.05244
184.858,1.27401
184.942,1.66497
185.064,2.29001
185.138,2.53275
185.189,2.5862
185.25,2.51296
185.32,2.26829
185.5,1.39351
185.575,1.11862
185.641,0.953005
185.699,0.862417
185.768,0.802566
185.836,0.779727
185.881,0.777768
186.224,0.843576
186.364,0.819351
186.742,0.627476
186.909,0.57686
187.007,0.56775
187.141,0.579976
187.274,0.621263
187.41,0.697305
187.552,0.821445
187.693,1.00298
187.858,1.28996
188.088,1.73245
188.21,1.88397
188.294,1.92041
188.394,1.88348
188.528,1.72579
188.78,1.35391
188.916,1.2393
188.976,1.22531
189.043,1.24915
189.118,1.35261
189.18,1.5398
189.23,1.78913
189.28,2.15668
189.336,2.74067
189.398,3.61481
189.518,5.75507
189.599,7.09422
189.67,7.78184
189.707,7.88367
189.77,7.62652
189.849,6.6672
190.015,3.90929
190.083,3.01488
190.144,2.43372
190.201,2.05175
190.258,1.79122
190.324,1.59174
190.412,1.43361
190.544,1.31526
190.632,1.29381
190.741,1.34518
190.812,1.4491
190.883,1.63901
190.942,1.88997
191.002,2.25257
191.061,2.75134
191.136,3.59572
191.241,5.13566
191.391,7.42782
191.483,8.32546
191.558,8.53879
191.641,8.23607
191.738,7.33022
192.029,3.56392
192.125,2.55012
192.199,1.93865
192.263,1.54063
192.324,1.25595
192.386,1.05102
192.462,0.879238
192.545,0.765764
192.612,0.708811
192.702,0.664772
192.836,0.645511
192.961,0.670184
193.077,0.730788
193.314,0.915928
193.4,0.956068
193.443,0.960955
193.553,0.919262
193.697,0.7732
193.859,0.593345
193.966,0.512423
194.046,0.475083
194.15,0.450046
194.253,0.443183
194.458,0.457473
194.897,0.51842
195.483,0.542249
195.67,0.582881
195.836,0.659577
196.034,0.807123
196.531,1.27286
196.68,1.47787
196.807,1.74554
197.097,2.58667
197.245,2.86114
197.426,3.04499
197.502,3.28733
197.561,3.67961
197.611,4.22507
197.667,5.14286
197.724,6.43999
197.785,8.29595
197.891,12.3672
197.984,15.9163
198.051,17.7758
198.124,18.5777
198.129,18.5793
198.2,17.8541
198.283,15.5647
198.461,8.97006
198.534,6.84428
198.595,5.52236
198.654,4.61126
198.714,3.96885
198.789,3.46282
198.853,3.21562
198.929,3.1054
198.999,3.16621
199.076,3.41641
199.178,4.0248
199.353,5.22614
199.445,5.50715
199.46,5.51372
199.549,5.3114
199.659,4.63424
199.822,3.47304
199.928,2.95999
200.013,2.71214
200.123,2.57456
200.146,2.57269
200.227,2.66018
200.304,2.92718
200.379,3.41765
200.459,4.22607
200.667,6.92494
200.74,7.49306
200.787,7.60424
200.854,7.37702
200.922,6.74353
201.152,3.56557
201.231,2.71952
201.296,2.2057
201.354,1.86628
201.42,1.59524
201.483,1.43178
201.542,1.34594
201.606,1.31801
201.686,1.37116
201.755,1.49732
201.831,1.73724
201.907,2.10204
201.985,2.62128
202.083,3.49428
202.292,5.66379
202.377,6.2448
202.448,6.409
202.528,6.20389
202.611,5.60173
202.856,3.02961
202.939,2.32716
203.013,1.84957
203.087,1.49722
203.163,1.24058
203.241,1.05926
203.335,0.916815
203.423,0.83408
203.497,0.7908
203.63,0.758596
203.751,0.775874
203.842,0.82481
203.933,0.919884
204.003,1.04297
204.056,1.18084
204.117,1.4178
204.168,1.70708
204.22,2.11469
204.271,2.67982
204.319,3.3933
204.37,4.37323
204.434,5.95606
204.537,9.10447
204.648,12.441
204.718,13.7936
204.774,14.1507
204.836,13.7082
204.907,12.2305
205.099,6.31671
205.162,4.74907
205.214,3.79894
205.257,3.24623
205.294,2.94387
205.337,2.75385
205.366,2.72174
205.41,2.79937
205.461,3.05933
205.529,3.63803
205.63,4.82531
205.822,7.28791
205.945,8.42834
206.065,8.96936
206.082,8.98677
206.191,8.66769
206.302,7.62289
206.428,6.18457
206.491,5.70664
206.55,5.54194
206.609,5.67486
206.691,6.26505
206.838,7.67494
206.926,8.07621
206.94,8.08204
207.022,7.77298
207.107,6.88921
207.32,3.82556
207.397,2.94019
207.461,2.37277
207.525,1.95819
207.587,1.68018
207.656,1.48261
207.716,1.3801
207.795,1.31665
207.832,1.30838
207.905,1.32222
208.052,1.44289
208.215,1.68974
208.662,2.59991
208.865,2.82541
209.148,2.96848
209.303,3.23294
209.506,3.72921
209.592,3.81649
209.708,3.68398
209.832,3.25384
210.051,2.34167
210.178,1.97221
210.291,1.76685
210.368,1.70622
210.44,1.73271
210.513,1.87243
210.58,2.13479
210.648,2.54199
210.736,3.26712
210.889,4.68431
210.978,5.18867
211.032,5.27116
211.104,5.09592
211.198,4.46846
211.365,3.092
211.443,2.63912
211.505,2.41403
211.568,2.29188
211.822,2.15079
211.934,1.96249
212.128,1.42686
212.256,1.08991
212.356,0.895236
212.455,0.764789
212.561,0.686086
212.666,0.655443
212.704,0.654209
212.817,0.677988
212.93,0.74208
213.062,0.869654
213.231,1.11185
213.465,1.47804
213.586,1.58629
213.65,1.60183
213.767,1.55022
213.917,1.36632
214.175,0.990326
214.284,0.876496
214.412,0.797185
214.54,0.778822
214.638,0.807598
214.76,0.893801
215.043,1.19206
215.178,1.26188
215.289,1.24325
215.482,1.09493
215.669,0.938628
215.813,0.867096
215.994,0.839553
216.203,0.869759
216.412,0.957367
216.563,1.07403
216.671,1.20974
216.761,1.38634
216.844,1.64044
216.912,1.97188
216.969,2.38526
217.019,2.89867
217.069,3.60831
217.119,4.57513
217.173,5.95447
217.231,7.96198
217.301,11.055
217.49,21.2386
217.565,24.1894
217.633,25.3067
217.649,25.3216
217.722,24.1923
217.803,21.0688
217.957,13.5616
218.016,11.3181
218.067,10.0435
218.116,9.37606
218.148,9.24593
218.197,9.49073
218.251,10.295
218.323,12.0326
218.5,17.3146
218.586,19.0467
218.655,19.4978
218.738,18.752
218.828,16.4669
219.049,8.48596
219.116,6.55399
219.176,5.26181
219.229,4.46021
219.282,3.97743
219.337,3.79003
219.341,3.7883
219.386,3.87816
219.441,4.23403
219.505,4.99529
219.581,6.31141
219.785,10.6785
219.864,11.784
219.924,12.0771
219.998,11.7189
220.085,10.3858
220.306,5.54918
220.382,4.22209
220.449,3.34338
220.511,2.73743
220.573,2.29812
220.642,1.94301
220.731,1.63927
220.832,1.40696
220.983,1.17855
221.176,0.98093
221.385,0.836051
221.607,0.744015
221.775,0.716946
221.83,0.716355
221.998,0.743609
222.123,0.799746
222.248,0.900645
222.353,1.03649
222.457,1.24404
222.551,1.5163
222.641,1.88301
222.733,2.38503
222.824,3.04149
222.905,3.81352
222.973,4.67575
223.038,5.76431
223.104,7.31934
223.16,9.08009
223.224,11.7451
223.3,15.7709
223.49,27.8104
223.56,30.9593
223.634,32.2452
223.638,32.2462
223.709,31.0792
223.792,27.1983
224.001,13.3461
224.067,9.77153
224.125,7.36746
224.171,5.8664
224.217,4.70885
224.27,3.73625
224.32,3.08215
224.378,2.56059
224.445,2.18378
224.523,1.92639
224.624,1.75199
224.908,1.43763
225.283,0.837841
225.415,0.67797
225.54,0.570326
225.691,0.486747
225.828,0.440719
226.012,0.408099
226.608,0.364194
226.946,0.323356
227.164,0.312915
227.471,0.320672
227.679,0.30901
228.026,0.265756
228.193,0.258406
228.406,0.26745
228.614,0.295332
228.786,0.335886
228.957,0.400243
229.112,0.488411
229.266,0.615011
229.424,0.790212
229.582,1.01991
229.716,1.28248
229.845,1.63097
230.12,2.53573
230.218,2.71339
230.268,2.73751
230.361,2.6516
230.48,2.34188
230.675,1.70951
230.772,1.47426
230.873,1.32793
230.95,1.29174
231.024,1.32849
231.098,1.44818
231.175,1.67535
231.264,2.07254
231.44,3.00844
231.526,3.28364
231.572,3.32179
231.642,3.21692
231.72,2.88676
231.935,1.55907
232.01,1.1987
232.076,0.963355
232.14,0.809192
232.205,0.712438
232.285,0.650766
232.356,0.634764
232.427,0.645304
232.53,0.701391
232.614,0.786668
232.697,0.921079
232.772,1.10228
232.848,1.36427
232.917,1.7037
232.986,2.15126
233.054,2.73494
233.134,3.61838
233.228,4.93641
233.337,6.85893
233.498,10.3161
233.675,14.2403
233.767,15.6993
233.858,16.2508
233.953,15.6387
234.052,13.7698
234.292,7.28347
234.381,5.35625
234.453,4.15994
234.525,3.27679
234.594,2.65525
234.649,2.31106
234.709,2.05379
234.773,1.90702
234.839,1.87727
234.924,1.99454
235.04,2.35393
235.199,2.9094
235.298,3.08604
235.325,3.09653
235.424,2.99348
235.659,2.30264
235.728,2.18191
235.763,2.17051
235.814,2.24102
235.862,2.43303
235.909,2.77196
235.956,3.30499
236.001,4.053
236.046,5.06765
236.098,6.58984
236.162,9.04148
236.28,14.6133
236.378,18.9637
236.447,20.9683
236.508,21.5332
236.581,20.6229
236.662,17.9202
236.841,9.95446
236.908,7.58303
236.957,6.30468
237.003,5.40359
237.062,4.66973
237.132,4.22044
237.22,4.03681
237.38,3.89583
237.493,3.56308
237.658,2.73909
237.813,1.93096
237.924,1.47851
238.02,1.19561
238.114,0.99953
238.206,0.865944
238.299,0.776621
238.422,0.708723
238.545,0.692951
238.622,0.716395
238.698,0.779794
238.762,0.87896
238.822,1.02599
238.885,1.26074
238.949,1.59228
239.022,2.09324
239.154,3.2607
239.251,4.07126
239.328,4.4821
239.386,4.58531
239.459,4.43374
239.543,3.9286
239.742,2.25425
239.812,1.8103
239.858,1.60344
239.914,1.45752
239.952,1.42486
240.007,1.4764
240.063,1.65362
240.116,1.9389
240.176,2.41409
240.253,3.23219
240.456,5.79527
240.531,6.41851
240.601,6.63834
240.683,6.39763
240.784,5.53049
240.964,3.56812
241.051,2.84796
241.129,2.38389
241.238,1.92776
241.406,1.41528
241.53,1.11636
241.623,0.953394
241.715,0.848294
241.806,0.795196
241.895,0.779518
242.045,0.805419
242.286,0.914363
242.512,1.05872
242.657,1.21004
242.76,1.39213
242.875,1.70387
243.085,2.42467
243.182,2.62577
243.229,2.64982
243.298,2.58574
243.387,2.34515
243.621,1.40118
243.7,1.15449
243.78,0.988015
243.833,0.922486
243.893,0.890594
243.916,0.889618
243.988,0.926738
244.072,1.04616
244.146,1.22204
244.251,1.56789
244.509,2.5927
244.625,2.8754
244.686,2.92434
244.783,2.83307
244.881,2.53463
245.047,1.75925
245.157,1.25858
245.242,0.956906
245.313,0.7682
245.376,0.647643
245.448,0.549969
245.533,0.473283
245.645,0.412103
245.78,0.370869
245.959,0.344433
246.094,0.338151
246.327,0.348586
246.551,0.385522
246.72,0.439709
246.839,0.503704
246.942,0.58958
247.023,0.691384
247.106,0.838379
247.187,1.03959
247.265,1.30254
247.362,1.72936
247.501,2.50538
247.706,3.71859
247.813,4.15773
247.919,4.35135
247.946,4.35854
248.058,4.22843
248.443,3.06982
248.658,2.69406
248.925,2.26827
249.168,1.77775
249.258,1.66058
249.329,1.62749
249.416,1.69011
249.486,1.85323
249.557,2.15215
249.618,2.55745
249.682,3.15148
249.751,4.02897
249.832,5.39795
249.952,7.96659
250.111,11.5121
250.202,12.9315
250.308,13.6517
250.329,13.6719
250.444,13.1963
250.629,11.2005
250.89,7.3675
251.045,5.12654
251.141,4.07722
251.217,3.48015
251.288,3.13368
251.359,2.98432
251.382,2.9787
251.455,3.10659
251.528,3.46998
251.599,4.0744
251.68,5.09649
251.771,6.65955
251.997,11.2347
252.082,12.3271
252.153,12.6479
252.232,12.2752
252.315,11.1629
252.58,5.80986
252.664,4.48252
252.733,3.63772
252.803,3.00917
252.872,2.55704
252.959,2.17423
253.046,1.92665
253.184,1.68901
253.387,1.49307
253.554,1.40502
253.651,1.39201
253.763,1.43624
253.857,1.55041
253.951,1.76784
254.037,2.08752
254.135,2.59267
254.391,4.25045
254.491,4.65375
254.552,4.73505
254.64,4.62171
254.746,4.18458
255.031,2.54076
255.163,1.93049
255.286,1.49653
255.413,1.15737
255.528,0.932754
255.648,0.767494
255.751,0.671206
255.876,0.598285
256.001,0.565298
256.061,0.562401
256.149,0.573196
256.285,0.626379
256.444,0.742778
256.711,0.977214
256.839,1.0274
256.862,1.02836
256.973,0.996395
257.133,0.866107
257.369,0.635015
257.466,0.569624
257.581,0.525878
257.654,0.518027
257.783,0.536345
258.096,0.640195
258.274,0.655683
258.315,0.655653
258.493,0.674971
258.643,0.74308
258.841,0.859085
258.938,0.880108
259.041,0.854744
259.171,0.758555
259.419,0.518578
259.516,0.450369
259.611,0.407399
259.702,0.386685
259.786,0.382123
259.925,0.39754
260.34,0.494797
260.503,0.508687
260.689,0.492364
261.039,0.429972
261.11,0.42776
261.214,0.44131
261.3,0.475466
261.386,0.541997
261.461,0.639143
261.528,0.765713
261.604,0.968355
261.68,1.23936
261.787,1.72931
261.987,2.72015
262.123,3.21147
262.29,3.55825
262.51,3.76889
262.534,3.77037
262.71,3.62194
262.98,3.29775
263.169,3.13212
263.315,2.80088
263.661,1.54636
263.773,1.23082
263.887,0.997464
264.002,0.836529
264.111,0.740161
264.229,0.692881
264.266,0.689574
264.382,0.714106
264.501,0.789642
264.795,1.06066
264.924,1.10766
265.037,1.07343
265.193,0.931016
265.392,0.711888
265.51,0.618256
265.625,0.568682
265.68,0.559966
265.806,0.576756
265.931,0.643958
266.063,0.767886
266.386,1.17394
266.512,1.25702
266.549,1.26249
266.672,1.21457
266.815,1.05543
267.062,0.718294
267.181,0.600298
267.287,0.531235
267.394,0.496719
267.447,0.492526
267.524,0.503973
267.613,0.55088
267.687,0.630964
267.746,0.734738
267.806,0.887016
267.865,1.10133
267.924,1.3898
267.996,1.84823
268.093,2.63707
268.247,3.9967
268.342,4.58744
268.424,4.77943
268.431,4.7798
268.506,4.63229
268.599,4.12176
268.842,2.202
268.925,1.67993
268.997,1.33452
269.061,1.11051
269.125,0.961802
269.19,0.883172
269.233,0.867894
269.293,0.895111
269.357,0.986184
269.437,1.17815
269.555,1.58134
269.682,2.00358
269.77,2.16591
269.808,2.1824
269.891,2.09753
269.974,1.86739
270.199,0.98384
270.28,0.7315
270.351,0.565883
270.415,0.457315
270.477,0.383765
270.549,0.326778
270.622,0.291513
270.73,0.263382
270.849,0.251756
270.888,0.25073
271.046,0.258313
271.151,0.2756
271.256,0.309244
271.334,0.351917
271.408,0.4163
271.469,0.495854
271.531,0.607452
271.597,0.770868
271.671,1.01791
271.761,1.40895
271.952,2.34227
272.039,2.62869
272.113,2.71839
272.201,2.6169
272.291,2.31156
272.499,1.35954
272.585,1.05157
272.661,0.861481
272.72,0.762937
272.78,0.703368
272.856,0.675016
272.933,0.693038
273.009,0.754805
273.085,0.86543
273.156,1.02189
273.226,1.24717
273.296,1.56116
273.367,1.98346
273.447,2.61414
273.56,3.7381
273.729,5.54117
273.815,6.19178
273.906,6.45381
273.97,6.34599
274.074,5.70856
274.308,3.51711
274.389,2.95415
274.437,2.7269
274.503,2.57269
274.537,2.56534
274.603,2.70019
274.67,3.04231
274.735,3.58605
274.82,4.57152
275.059,8.09879
275.149,8.89692
275.206,9.03403
275.289,8.66016
275.386,7.48289
275.582,4.31062
275.649,3.42853
275.717,2.76336
275.784,2.31239
275.851,2.04632
275.905,1.94129
275.959,1.91357
276.045,2.00397
276.126,2.23505
276.196,2.57172
276.27,3.10099
276.34,3.80705
276.42,4.8867
276.662,8.92222
276.748,9.82226
276.813,10.0418
276.893,9.72284
277.0,8.52062
277.14,6.72708
277.214,6.1778
277.264,6.06599
277.312,6.16609
277.389,6.7112
277.59,8.92727
277.684,9.37575
277.692,9.37929
277.78,9.03118
277.888,7.82877
278.04,5.78391
278.109,5.14063
278.18,4.83002
278.202,4.8088
278.247,4.87494
278.315,5.22862
278.466,6.61726
278.579,7.51139
278.657,7.73386
278.733,7.53977
278.83,6.73674
279.091,3.4238
279.174,2.59462
279.245,2.04826
279.317,1.65705
279.381,1.42045
279.445,1.26789
279.521,1.17053
279.593,1.14247
279.695,1.17323
280.162,1.56553
280.259,1.73759
280.34,2.00115
280.409,2.35095
280.489,2.93659
280.58,3.83299
280.774,6.08761
280.87,6.90634
280.966,7.23652
280.981,7.23853
281.085,6.92211
281.362,5.01898
281.482,4.53467
281.714,3.88125
281.859,3.18833
282.073,1.97537
282.172,1.53429
282.259,1.26179
282.325,1.11998
282.393,1.03004
282.477,0.987232
282.485,0.987001
282.549,1.00922
282.605,1.06951
282.677,1.21305
282.736,1.41184
282.796,1.71557
282.849,2.09339
282.902,2.60358
282.962,3.38094
283.022,4.38999
283.104,6.13823
283.312,11.2318
283.398,12.6156
283.473,13.013
283.546,12.5809
283.641,11.0076
283.844,6.35193
283.913,5.09105
283.97,4.32388
284.029,3.76965
284.089,3.44655
284.163,3.30688
284.171,3.30607
284.26,3.43297
284.534,4.31881
284.623,4.42195
284.737,4.26865
284.858,3.7858
285.116,2.38004
285.219,1.95179
285.321,1.65619
285.432,1.46374
285.586,1.32681
285.855,1.12719
286.163,0.830126
286.302,0.745905
286.407,0.724166
286.49,0.737722
286.586,0.794674
286.665,0.881055
286.757,1.03635
286.849,1.25832
286.965,1.63303
287.196,2.47307
287.297,2.71163
287.38,2.77659
287.468,2.70005
287.566,2.46053
287.851,1.43694
287.958,1.13763
288.05,0.955281
288.135,0.843317
288.218,0.780955
288.3,0.75736
288.394,0.774654
288.489,0.841094
288.583,0.964073
288.677,1.15465
288.772,1.42241
288.898,1.89632
289.123,2.84756
289.242,3.15965
289.317,3.21494
289.403,3.12552
289.523,2.7672
289.81,1.53049
289.912,1.18042
290.012,0.924741
290.111,0.741416
290.206,0.618849
290.325,0.515869
290.443,0.450016
290.589,0.401092
290.688,0.381578
290.885,0.364528
290.938,0.363721
291.249,0.378862
292.037,0.445696
292.219,0.481463
292.401,0.550774
292.547,0.643997
292.696,0.783266
293.068,1.23813
293.22,1.34839
293.297,1.36338
293.4,1.3403
293.751,1.10485
293.892,1.06653
293.996,1.09217
294.125,1.20574
294.233,1.38811
294.329,1.63892
294.433,2.03405
294.528,2.53557
294.616,3.15248
294.722,4.11967
294.836,5.45941
295.11,9.31138
295.223,10.3167
295.285,10.4863
295.372,10.1714
295.47,9.11342
295.639,6.27927
295.76,4.32392
295.838,3.30405
295.91,2.57037
295.977,2.06282
296.043,1.6918
296.12,1.39745
296.187,1.22602
296.277,1.08434
296.367,1.00921
296.476,0.97553
296.521,0.97515
296.657,1.012
296.792,1.10293
296.935,1.26862
297.055,1.48644
297.15,1.7415
297.251,2.13196
297.341,2.6341
297.426,3.29912
297.508,4.15937
297.603,5.47458
297.712,7.41223
298.182,17.5816
298.48,25.5644
298.579,26.7947
298.59,26.8106
298.679,25.8962
298.773,22.9636
298.926,15.6798
299.035,10.6314
299.111,7.84748
299.175,6.08457
299.226,5.01817
299.277,4.22863
299.328,3.67246
299.389,3.25054
299.459,3.01861
299.517,2.96623
299.654,3.10605
299.795,3.25019
299.897,3.15201
299.998,2.84759
300.269,1.63267
300.364,1.31556
300.445,1.12703
300.526,1.00541
300.624,0.92508
300.743,0.888404
300.797,0.885621
300.981,0.917472
301.095,0.972042
301.209,1.07806
301.29,1.2123
301.372,1.42837
301.445,1.72537
301.518,2.15241
301.591,2.73593
301.678,3.64677
301.931,6.86963
302.033,7.72258
302.111,7.93992
302.199,7.71075
302.317,6.78299
302.561,4.34168
302.69,3.34138
302.832,2.49208
302.966,1.859
303.089,1.39988
303.191,1.10933
303.292,0.893561
303.382,0.755881
303.492,0.635033
303.608,0.548552
303.78,0.464166
303.993,0.396689
304.269,0.33744
304.514,0.307149
304.729,0.299318
304.947,0.30101
305.121,0.295583
305.305,0.274286
305.638,0.218466
305.761,0.205069
305.894,0.200004
306.053,0.206734
306.323,0.225751
306.356,0.226166
306.482,0.221428
306.829,0.18828
306.919,0.18581
307.044,0.190352
307.196,0.208967
307.401,0.253787
307.592,0.298824
307.733,0.314796
307.761,0.315038
307.861,0.307407
308.026,0.271326
308.275,0.205016
308.425,0.178872
308.581,0.163869
308.768,0.156013
308.943,0.153882
309.27,0.157995
309.536,0.169335
309.77,0.1881
309.965,0.214065
310.118,0.246101
310.231,0.282757
310.323,0.327334
310.405,0.389175
310.48,0.473514
310.545,0.580755
310.61,0.73042
310.677,0.940914
310.747,1.22518
310.84,1.70289
311.034,2.8087
311.134,3.20714
311.23,3.35999
311.244,3.36296
311.334,3.2795
311.512,2.79897
311.86,1.75751
312.036,1.32359
312.163,1.09999
312.264,0.982981
312.408,0.888762
312.568,0.842292
312.692,0.831249
312.852,0.85739
312.967,0.922864
313.093,1.06168
313.219,1.28012
313.382,1.67621
313.8,2.86746
314.458,4.26857
314.546,4.34535
314.675,4.19805
314.802,3.71343
315.073,2.25939
315.186,1.80228
315.281,1.54382
315.375,1.39659
315.429,1.36431
315.511,1.40143
315.566,1.4962
315.635,1.71966
315.691,2.0032
315.761,2.51047
315.839,3.28605
315.945,4.67036
316.115,7.04416
316.199,7.80721
316.276,8.04326
316.36,7.72083
316.443,6.88065
316.68,3.43135
316.757,2.51894
316.819,1.93746
316.872,1.56423
316.93,1.2582
316.988,1.04866
317.035,0.937793
317.082,0.868142
317.152,0.826586
317.222,0.847326
317.292,0.921873
317.382,1.0898
317.499,1.40315
317.688,1.9573
317.775,2.11426
317.84,2.15274
317.937,2.07413
318.052,1.80228
318.25,1.19402
318.348,0.96443
318.421,0.852839
318.501,0.790741
318.541,0.783716
318.61,0.807999
318.674,0.873073
318.753,1.00964
318.842,1.24304
318.956,1.65064
319.167,2.49088
319.282,2.78523
319.39,2.86645
319.717,2.59689
319.732,2.59493
319.88,2.68252
320.066,2.99908
320.208,3.42069
320.357,4.12527
320.541,5.05
320.653,5.26958
320.66,5.27
320.769,5.08409
320.972,4.42334
321.026,4.37938
321.084,4.44851
321.189,4.87022
321.383,5.94149
321.465,6.11048
321.561,5.8956
321.654,5.29244
321.913,2.85202
321.999,2.20556
322.072,1.79145
322.153,1.46182
322.239,1.22453
322.32,1.08
322.428,0.963235
322.524,0.908353
322.591,0.893402
322.722,0.916665
322.85,1.0037
323.102,1.2429
323.217,1.28665
323.315,1.25694
323.456,1.12188
323.663,0.882482
323.779,0.807649
323.835,0.79512
323.947,0.81496
324.087,0.912678
324.273,1.13274
324.635,1.62917
324.845,1.82954
325.222,2.11144
325.394,2.38296
325.501,2.68292
325.611,3.17169
325.711,3.8534
325.803,4.74529
325.913,6.17875
326.163,9.96069
326.264,10.9387
326.351,11.2458
326.466,10.9287
326.745,8.65478
326.999,6.28547
327.227,3.91912
327.329,3.08523
327.417,2.57703
327.491,2.30058
327.578,2.13451
327.634,2.0966
327.746,2.13086
327.958,2.29778
328.014,2.31075
328.155,2.228
328.319,1.93937
328.522,1.50542
328.621,1.35751
328.72,1.30269
328.793,1.34602
328.864,1.47754
328.934,1.72121
329.004,2.10193
329.077,2.65367
329.158,3.47506
329.4,6.50684
329.487,7.29269
329.579,7.61814
329.586,7.61865
329.668,7.37595
329.773,6.49118
330.013,3.6856
330.106,2.84605
330.179,2.35711
330.251,2.00114
330.339,1.71247
330.434,1.52253
330.561,1.38743
330.861,1.25661
331.573,0.976906
331.932,0.776473
332.074,0.727799
332.149,0.71781
332.287,0.734656
332.391,0.785245
332.494,0.882753
332.58,1.01641
332.667,1.21789
332.752,1.50657
332.842,1.92401
332.94,2.52467
333.101,3.77874
333.307,5.40014
333.459,6.28148
333.629,6.86644
333.719,6.97365
333.857,6.74166
333.985,6.01128
334.285,3.3541
334.383,2.69423
334.465,2.31827
334.546,2.097
334.603,2.0104
334.717,1.94184
334.898,1.86626
335.026,1.70014
335.212,1.30243
335.38,0.928514
335.497,0.728069
335.588,0.613364
335.692,0.521374
335.796,0.46209
335.931,0.419762
336.076,0.405466
336.216,0.418292
336.346,0.458375
336.444,0.513661
336.541,0.599094
336.638,0.722822
336.752,0.92125
337.063,1.59987
337.173,1.7442
337.246,1.77495
337.368,1.70678
337.554,1.41716
337.715,1.17661
337.817,1.0943
337.887,1.07891
338.005,1.1282
338.123,1.26113
338.299,1.57175
338.559,2.06451
338.876,2.44318
338.968,2.66644
339.037,2.98794
339.095,3.41697
339.155,4.07827
339.215,4.99851
339.284,6.41994
339.37,8.7561
339.6,16.3043
339.697,18.3784
339.769,18.8893
339.85,18.2667
339.947,16.0565
340.193,7.76314
340.272,5.59816
340.337,4.19875
340.396,3.22135
340.456,2.48988
340.507,2.02057
340.562,1.65023
340.617,1.38705
340.68,1.18154
340.744,1.04704
340.819,0.947771
340.92,0.880677
341.088,0.853744
341.274,0.85954
341.49,0.826201
341.805,0.711424
341.897,0.701194
341.995,0.721858
342.099,0.7924
342.177,0.88688
342.268,1.05065
342.37,1.31049
342.497,1.73336
342.713,2.52386
342.847,2.8544
342.955,2.93923
343.076,2.83514
343.406,2.10824
343.536,1.93614
343.62,1.9034
343.736,1.96186
343.832,2.10134
343.94,2.37452
344.05,2.80879
344.164,3.46377
344.406,5.11494
344.504,5.4728
344.544,5.50486
344.631,5.32449
344.719,4.83668
344.936,3.19071
345.017,2.75332
345.098,2.51996
345.159,2.47994
345.229,2.55303
345.488,3.17756
345.555,3.23108
345.649,3.14254
345.762,2.79298
346.055,1.4311
346.154,1.0685
346.239,0.830734
346.316,0.672545
346.401,0.546268
346.488,0.457906
346.558,0.408962
346.667,0.359778
346.784,0.333591
346.862,0.329067
346.94,0.335379
347.039,0.361989
347.138,0.41454
347.226,0.487505
347.332,0.60809
347.576,0.940691
347.683,1.03649
347.76,1.05936
347.844,1.03525
347.972,0.917049
348.177,0.660584
348.247,0.597586
348.318,0.564394
348.353,0.56159
348.417,0.583366
348.482,0.644533
348.552,0.758691
348.633,0.948462
348.874,1.67809
348.971,1.87222
349.043,1.92144
349.131,1.86118
349.225,1.67405
349.449,1.07059
349.544,0.888227
349.622,0.792843
349.7,0.744249
349.785,0.73139
350.074,0.777252
350.211,0.754971
350.561,0.603453
350.693,0.585605
350.82,0.605172
350.962,0.665604
351.133,0.788317
351.262,0.931792
351.368,1.10655
351.463,1.33129
351.564,1.65353
351.705,2.24571
351.91,3.16152
352.025,3.47803
352.093,3.5407
352.191,3.442
352.31,3.05095
352.611,1.53171
352.697,1.1835
352.973,0.60724
353.036,0.576977
353.072,0.574195
353.142,0.600268
353.211,0.670342
353.28,0.791928
353.349,0.97326
353.427,1.25532
353.524,1.7174
353.725,2.80889
353.827,3.17938
353.909,3.2801
353.994,3.17317
354.106,2.76428
354.305,1.80211
354.382,1.52942
354.446,1.38925
354.507,1.34046
354.573,1.38573
354.64,1.53427
354.714,1.81373
354.822,2.38915
354.982,3.33006
355.076,3.7071
355.158,3.82502
355.245,3.69585
355.329,3.3427
355.478,2.40607
355.607,1.59492
355.684,1.19706
355.751,0.928501
355.813,0.734495
355.874,0.594119
355.935,0.492089
355.996,0.41984
356.057,0.369827
356.122,0.334019
356.196,0.309131
356.314,0.292828
356.352,0.292178
356.474,0.30289
356.584,0.329058
356.696,0.372301
356.834,0.450749
356.965,0.555514
357.099,0.701826
357.268,0.94727
357.49,1.30102
357.607,1.42034
357.7,1.45012
357.817,1.40107
358.079,1.14483
358.177,1.11267
358.25,1.14429
358.336,1.25058
358.433,1.45685
358.679,2.11005
358.808,2.31108
358.908,2.35636
359.095,2.33337
359.292,2.43932
359.454,2.54376
359.569,2.46154
359.668,2.23492
359.798,1.76667
359.968,1.08767
360.053,0.808544
360.126,0.620394
360.192,0.490276
360.26,0.392476
360.327,0.323229
360.402,0.271003
360.475,0.238122
360.548,0.216432
360.644,0.198178
360.741,0.187028
360.935,0.175541
361.128,0.171863
361.452,0.176751
361.777,0.194539
362.004,0.218084
362.174,0.247328
362.31,0.284424
362.441,0.340523
362.563,0.418001
362.684,0.525592
362.839,0.704103
363.009,0.947414
363.158,1.21902
363.278,1.52499
363.386,1.90723
363.531,2.59037
363.718,3.50793
363.823,3.82611
363.895,3.88847
363.994,3.75049
364.109,3.3138
364.361,2.03412
364.464,1.64549
364.539,1.44474
364.615,1.3167
364.688,1.25625
364.736,1.24731
364.832,1.29847
364.927,1.44615
364.999,1.63197
365.085,1.96708
365.164,2.40257
365.243,2.99165
365.331,3.86482
365.449,5.35387
365.657,8.29044
365.753,9.28599
365.854,9.74033
365.864,9.74498
365.957,9.43539
366.072,8.30278
366.303,5.13179
366.391,4.23252
366.456,3.78506
366.511,3.57411
366.565,3.5081
366.647,3.66453
366.738,4.15726
366.859,5.18561
367.074,7.29349
367.19,8.06144
367.292,8.28647
367.396,8.01939
367.503,7.27432
367.742,4.7776
367.872,3.50773
367.975,2.70868
368.064,2.1807
368.155,1.78155
368.263,1.44117
368.372,1.20333
368.511,0.989541
368.686,0.806365
368.86,0.681606
369.055,0.590507
369.264,0.53386
369.473,0.507881
369.599,0.50441
369.808,0.518244
370.017,0.560707
370.209,0.635309
370.362,0.733606
370.497,0.865261
370.612,1.0323
370.718,1.25711
370.805,1.51888
370.892,1.88576
370.973,2.3617
371.049,2.97648
371.121,3.76206
371.204,4.9545
371.294,6.6517
371.41,9.4101
371.624,14.9044
371.733,16.7889
371.84,17.501
371.943,17.1214
372.311,12.868
372.68,9.90842
372.845,7.83832
373.067,4.5975
373.16,3.48871
373.243,2.72885
373.316,2.25865
373.385,1.96921
373.454,1.81543
373.502,1.78154
373.574,1.83654
373.646,2.02025
373.719,2.35071
373.792,2.84594
373.868,3.56677
373.962,4.73894
374.094,6.86892
374.274,9.84827
374.369,10.9293
374.474,11.3469
374.579,10.8822
374.691,9.58563
374.963,5.41457
375.073,4.10592
375.168,3.2785
375.237,2.85644
375.291,2.61165
375.37,2.39042
375.448,2.30953
375.525,2.3515
375.627,2.57194
375.735,2.98212
375.896,3.85826
376.148,5.40793
376.258,5.80627
376.318,5.86203
376.423,5.62078
376.526,4.98832
376.718,3.24867
376.832,2.26059
376.911,1.70682
376.983,1.32122
377.055,1.03579
377.121,0.848852
377.189,0.715407
377.268,0.616074
377.358,0.553767
377.471,0.524594
377.505,0.523079
377.629,0.537057
378.061,0.664304
378.154,0.67241
378.324,0.645857
378.537,0.55075
378.788,0.42225
378.895,0.383574
379.027,0.358567
379.067,0.3568
379.16,0.363128
379.336,0.407285
379.54,0.468057
379.673,0.481923
379.859,0.46069
380.142,0.416801
380.728,0.377558
380.878,0.392059
380.979,0.419377
381.104,0.478538
381.235,0.575547
381.376,0.727125
381.533,0.954694
381.863,1.51238
382.014,1.68287
382.135,1.7402
382.189,1.74372
382.442,1.68714
382.588,1.72932
382.713,1.89473
382.849,2.2338
383.181,3.3916
383.314,3.64268
383.356,3.66188
383.483,3.52596
383.606,3.14991
383.92,1.81611
384.036,1.44027
384.136,1.22099
384.207,1.12367
384.282,1.0709
384.319,1.06308
384.397,1.08429
384.501,1.18758
384.6,1.3653
384.723,1.68823
384.868,2.20858
385.176,3.54068
385.283,3.86153
385.38,3.96954
385.488,3.84252
385.611,3.40403
385.932,1.71576
386.041,1.25749
386.132,0.963034
386.214,0.763129
386.299,0.608537
386.384,0.500203
386.47,0.428437
386.556,0.385833
386.638,0.368263
386.665,0.367213
386.747,0.378804
386.835,0.417538
386.928,0.492036
387.032,0.61689
387.31,1.04607
387.408,1.14432
387.491,1.17154
387.588,1.13475
387.71,1.00549
387.899,0.760655
387.983,0.685483
388.075,0.647475
388.092,0.645782
388.161,0.656107
388.264,0.718312
388.395,0.856835
388.907,1.54783
389.249,2.11343
389.396,2.22396
389.416,2.22441
389.55,2.13223
389.848,1.67386
389.959,1.61101
390.053,1.65581
390.176,1.84094
390.471,2.48977
390.612,2.63095
390.642,2.63361
390.789,2.51934
391.018,2.19141
391.076,2.1631
391.169,2.22934
391.24,2.39871
391.325,2.73998
391.454,3.50345
391.62,4.53066
391.722,4.87936
391.769,4.92044
391.866,4.74953
391.97,4.24584
392.211,2.71113
392.297,2.30499
392.371,2.06766
392.449,1.93125
392.509,1.90138
392.578,1.94376
392.676,2.14568
392.769,2.49707
392.871,3.07219
393.004,4.07032
393.195,5.61875
393.281,6.1056
393.389,6.33858
393.486,6.12459
393.604,5.39079
393.891,2.86288
393.993,2.15404
394.082,1.69246
394.17,1.36268
394.259,1.13985
394.348,0.99833
394.451,0.910723
394.521,0.891866
394.59,0.90553
394.673,0.97489
394.747,1.09964
394.821,1.30509
394.883,1.5553
394.957,1.97067
395.038,2.58686
395.134,3.53889
395.389,6.48371
395.506,7.40343
395.61,7.69709
395.619,7.69823
395.732,7.42355
395.925,6.19508
396.158,4.64812
396.37,3.5972
396.819,1.75283
396.964,1.24965
397.075,0.948724
397.168,0.752397
397.262,0.606069
397.345,0.512041
397.436,0.436165
397.542,0.376097
397.669,0.330048
397.833,0.296789
397.993,0.283456
398.073,0.282735
398.22,0.293209
398.331,0.315053
398.428,0.349714
398.527,0.408702
398.607,0.479686
398.687,0.577468
398.78,0.730299
398.924,1.03463
399.095,1.41378
399.198,1.56287
399.283,1.60436
399.368,1.56136
399.469,1.41199
399.657,0.978149
399.791,0.682212
399.883,0.522593
399.96,0.420969
400.045,0.338648
400.131,0.281842
400.228,0.239164
400.326,0.211999
400.47,0.188274
400.614,0.17532
400.83,0.167194
400.902,0.16683
401.1,0.172717
401.249,0.187331
401.379,0.211967
401.512,0.252152
401.847,0.382571
401.995,0.413798
402.136,0.420592
402.223,0.420189
402.388,0.429854
402.538,0.467222
402.655,0.523617
402.753,0.598453
402.851,0.715094
402.93,0.856317
403.001,1.03562
403.079,1.30898
403.166,1.7122
403.278,2.38022
403.468,3.58597
403.566,3.98401
403.643,4.08722
403.734,3.94625
403.841,3.46751
404.076,2.02493
404.164,1.60524
404.242,1.3405
404.319,1.17582
404.383,1.10529
404.458,1.07986
404.567,1.11304
404.773,1.20949
404.807,1.21248
404.931,1.17032
405.062,1.04159
405.323,0.704587
405.436,0.599732
405.529,0.544377
405.629,0.514959
405.729,0.509453
405.928,0.539145
406.194,0.58522
406.282,0.589067
406.553,0.563069
406.72,0.545664
406.907,0.557358
407.384,0.670016
407.745,0.700345
407.982,0.678434
408.461,0.548421
408.608,0.53378
408.783,0.549546
408.965,0.607147
409.345,0.813215
409.504,0.853502
409.516,0.853504
409.655,0.818186
409.818,0.706111
410.082,0.48015
410.203,0.40556
410.315,0.361089
410.426,0.338378
410.58,0.330375
410.825,0.334636
411.126,0.32284
411.598,0.297396
411.736,0.29586
412.029,0.306015
412.344,0.323387
412.515,0.316461
412.707,0.286446
413.083,0.202081
413.232,0.177594
413.368,0.162744
413.55,0.152737
413.668,0.151074
413.895,0.156536
414.135,0.174344
414.331,0.200643
414.497,0.235215
414.639,0.278655
414.77,0.335216
414.898,0.413078
415.019,0.514044
415.147,0.657411
415.28,0.851509
415.438,1.14825
415.589,1.5107
415.728,1.95573
415.845,2.4637
415.989,3.28423
416.195,4.56439
416.318,5.03466
416.381,5.10276
416.49,4.90422
416.603,4.34745
416.847,2.77856
416.955,2.25764
417.064,1.90669
417.188,1.65359
417.742,0.870767
417.906,0.688525
418.088,0.538718
418.273,0.425118
418.421,0.356671
418.57,0.311742
418.683,0.294908
418.723,0.292803
418.821,0.296377
418.919,0.313708
419.017,0.34721
419.131,0.410744
419.245,0.503418
419.561,0.837527
419.681,0.916866
419.759,0.930763
419.876,0.890822
420.011,0.772512
420.235,0.537607
420.338,0.457859
420.442,0.408071
420.552,0.387252
420.568,0.38683
420.659,0.395952
420.772,0.434353
420.875,0.498363
420.978,0.595415
421.081,0.731007
421.222,0.977682
421.429,1.3814
421.525,1.51911
421.637,1.5836
421.723,1.54938
421.839,1.39701
422.143,0.786862
422.224,0.661745
422.306,0.571515
422.384,0.523942
422.451,0.514392
422.514,0.53433
422.576,0.586207
422.641,0.679563
422.711,0.832435
422.78,1.04849
422.854,1.35491
422.943,1.82432
423.193,3.36458
423.305,3.83335
423.396,3.96664
423.503,3.814
423.62,3.35197
423.816,2.39507
423.91,2.04448
424.004,1.80991
424.096,1.68024
424.241,1.59923
424.456,1.52047
424.626,1.37285
424.908,1.03602
425.023,0.944238
425.099,0.923656
425.176,0.94688
425.253,1.02108
425.345,1.18065
425.485,1.53959
425.648,1.97367
425.755,2.1348
425.801,2.15353
425.894,2.08879
425.997,1.87682
426.249,1.14256
426.329,0.973044
426.397,0.879632
426.472,0.836452
426.484,0.835271
426.535,0.84686
426.612,0.910676
426.723,1.07412
426.929,1.42839
427.056,1.56298
427.151,1.59185
427.294,1.5392
427.551,1.39068
427.615,1.38147
427.778,1.42973
428.055,1.60889
428.152,1.62885
428.29,1.56499
428.438,1.37574
428.759,0.820031
428.895,0.640235
429.024,0.517299
429.156,0.427851
429.304,0.355398
429.499,0.287334
429.699,0.239546
429.855,0.216879
430.01,0.208351
430.114,0.212315
430.24,0.230377
430.366,0.266086
430.491,0.320568
430.819,0.496605
430.957,0.536365
431.009,0.540093
431.145,0.520807
431.363,0.434861
431.56,0.35725
431.779,0.298387
432.212,0.210651
432.394,0.185141
432.579,0.172168
432.674,0.170435
432.873,0.175693
433.127,0.196537
433.707,0.265339
433.999,0.279132
434.392,0.283955
434.583,0.299526
434.746,0.330152
434.869,0.372008
434.968,0.425672
435.056,0.498616
435.138,0.600929
435.206,0.72377
435.273,0.890792
435.335,1.09902
435.398,1.3712
435.468,1.76877
435.547,2.34861
435.652,3.32147
435.877,5.71321
435.966,6.45263
436.073,6.90629
436.108,6.93283
436.198,6.71689
436.311,5.94286
436.588,3.2761
436.679,2.58977
436.757,2.15031
436.83,1.85513
436.903,1.65637
436.996,1.51152
437.115,1.44337
437.154,1.43962
437.487,1.50284
437.619,1.47159
437.776,1.33755
438.154,0.800858
438.253,0.700758
438.353,0.645662
438.42,0.637651
438.51,0.666108
438.585,0.725121
438.696,0.868788
438.882,1.21057
439.021,1.45648
439.135,1.57752
439.197,1.59698
439.287,1.56279
439.4,1.42704
439.703,0.874121
439.814,0.719795
439.915,0.625623
439.995,0.581536
440.096,0.555405
440.172,0.551666
440.474,0.574446
440.651,0.555356
440.856,0.485402
441.159,0.357112
441.291,0.318334
441.415,0.300771
441.451,0.299989
441.521,0.305687
441.61,0.330647
441.676,0.367559
441.742,0.426183
441.809,0.513543
441.875,0.637553
441.939,0.800871
442.017,1.05997
442.106,1.44287
442.266,2.30335
442.389,2.94997
442.499,3.34194
442.586,3.44863
442.683,3.33024
442.795,2.92729
443.078,1.45933
443.171,1.07623
443.243,0.845074
443.316,0.669365
443.386,0.544337
443.456,0.457893
443.526,0.400239
443.598,0.363215
443.67,0.34267
443.812,0.331134
444.106,0.339345
444.346,0.333659
444.508,0.339038
444.63,0.360158
444.786,0.41458
445.006,0.530004
445.297,0.717371
445.437,0.845297
445.54,0.985017
445.628,1.15647
445.723,1.42144
445.817,1.78499
445.926,2.34864
446.077,3.35409
446.284,4.78783
446.423,5.43432
446.551,5.63765
446.671,5.48938
446.838,4.86766
447.111,3.35035
447.305,2.25823
447.423,1.73409
447.516,1.42471
447.592,1.24695
447.668,1.13125
447.769,1.05784
447.832,1.04743
448.144,1.11465
448.275,1.08599
448.438,0.966223
448.696,0.714164
448.785,0.65938
448.875,0.641409
448.958,0.665667
449.045,0.737513
449.134,0.862714
449.255,1.10368
449.483,1.62253
449.609,1.81345
449.712,1.86228
449.841,1.78175
449.999,1.53412
450.292,0.998639
450.486,0.714295
450.644,0.52762
450.759,0.419875
450.842,0.36283
450.931,0.324899
451.0,0.316941
451.07,0.333494
451.126,0.369835
451.18,0.429435
451.233,0.515986
451.286,0.635339
451.35,0.827887
451.414,1.07854
451.499,1.50115
451.743,2.95948
451.844,3.39095
451.939,3.54783
451.944,3.54818
452.028,3.43663
452.126,3.05453
452.279,2.14357
452.406,1.38436
452.488,0.984095
452.556,0.72632
452.617,0.545664
452.671,0.42379
452.725,0.332454
452.779,0.266007
452.833,0.219032
452.887,0.186762
452.949,0.16289
453.011,0.148665
453.105,0.138849
453.166,0.137476
453.291,0.143177
453.407,0.157205
453.543,0.183885
453.882,0.275071
454.033,0.298842
454.084,0.301347
454.191,0.297189
454.429,0.258841
454.582,0.233639
454.758,0.219501
454.817,0.218792
455.013,0.228324
455.273,0.260707
455.642,0.329943
456.101,0.424533
456.4,0.459448
456.772,0.48647
456.942,0.518763
457.134,0.588938
457.32,0.699195
457.577,0.912518
457.912,1.25879
458.05,1.46279
458.146,1.67976
458.236,1.99453
458.314,2.39269
458.391,2.9421
458.471,3.7081
458.57,4.96789
458.86,9.49284
458.97,10.5866
459.047,10.8287
459.139,10.4765
459.246,9.26481
459.433,6.07251
459.556,4.05613
459.639,2.96851
459.705,2.27733
459.769,1.7651
459.833,1.38161
459.889,1.13198
459.948,0.943118
460.018,0.787757
460.093,0.68247
460.144,0.63488
460.247,0.577583
460.419,0.53823
460.897,0.483007
461.271,0.4185
461.432,0.407593
461.564,0.415531
461.772,0.459755
462.081,0.541881
462.219,0.553398
462.398,0.529554
462.621,0.450723
462.867,0.352067
462.993,0.316658
463.131,0.297844
463.144,0.297312
463.266,0.303145
463.389,0.329859
463.517,0.380947
463.671,0.47181
464.22,0.883406
464.743,1.22002
464.947,1.28488
464.985,1.28607
465.189,1.24118
465.486,1.15168
465.505,1.15022
465.714,1.17996
466.318,1.40545
466.453,1.53108
466.545,1.6903
466.653,1.99408
466.748,2.40064
466.852,3.01439
467.007,4.21754
467.182,5.58136
467.293,6.09835
467.356,6.1828
467.456,5.96869
467.561,5.33067
467.763,3.48079
467.885,2.42726
467.969,1.86009
468.035,1.51681
468.1,1.26891
468.165,1.10141
468.223,1.01152
468.292,0.96956
468.301,0.968545
468.36,0.986086
468.438,1.06641
468.543,1.26112
468.703,1.68933
468.883,2.17108
469.005,2.35916
469.066,2.38442
469.167,2.318
469.287,2.08879
469.572,1.32984
469.695,1.08177
469.817,0.916053
469.938,0.813816
470.132,0.717261
470.642,0.520208
470.815,0.475285
470.921,0.465494
471.018,0.473781
471.12,0.505723
471.227,0.571751
471.334,0.678621
471.44,0.832048
471.578,1.09857
471.876,1.77115
471.996,1.94828
472.09,1.99767
472.213,1.92334
472.335,1.71054
472.656,0.92933
472.76,0.733029
472.855,0.601165
472.949,0.511193
473.026,0.464111
473.13,0.428275
473.259,0.415222
473.446,0.432478
473.597,0.470661
473.733,0.529253
473.853,0.611914
473.962,0.722352
474.072,0.876506
474.196,1.11396
474.364,1.53485
474.662,2.36589
474.874,2.79122
475.117,3.06858
475.315,3.16095
475.509,3.04604
475.707,2.68948
476.014,2.02699
476.256,1.64783
476.398,1.49849
476.543,1.44317
476.629,1.47991
476.755,1.64408
476.897,1.97133
477.118,2.53517
477.258,2.72267
477.309,2.73534
477.454,2.61261
477.712,2.06749
477.928,1.63989
478.167,1.30199
478.367,1.08917
478.48,1.01168
478.594,0.986225
478.702,1.02185
478.826,1.13447
479.136,1.54111
479.27,1.61642
479.284,1.6172
479.422,1.55311
479.737,1.16657
479.854,1.08231
479.906,1.07349
480.009,1.11711
480.113,1.24777
480.216,1.46449
480.354,1.86532
480.638,2.81342
480.776,3.1082
480.874,3.17556
481.008,3.05783
481.158,2.6926
481.49,1.63694
481.634,1.2894
481.76,1.07526
481.883,0.9401
481.983,0.880253
482.05,0.866474
482.154,0.896766
482.241,0.990273
482.317,1.14421
482.381,1.34147
482.45,1.64495
482.52,2.0652
482.604,2.72683
482.717,3.84435
482.908,5.8889
483.015,6.68937
483.115,6.96131
483.213,6.71343
483.324,5.90896
483.571,3.42081
483.671,2.61989
483.754,2.14623
483.836,1.83367
483.906,1.67368
484.012,1.55797
484.139,1.53042
484.33,1.54142
484.608,1.49398
485.013,1.36871
485.06,1.3661
485.246,1.40737
485.567,1.57021
485.633,1.57796
485.779,1.5229
485.966,1.32071
486.174,1.06222
486.28,0.982898
486.359,0.961237
486.439,0.972473
486.617,1.08104
486.8,1.19592
486.878,1.20968
487.019,1.16236
487.371,0.867494
487.478,0.823703
487.532,0.819043
487.638,0.847092
487.745,0.928817
487.852,1.07459
487.941,1.26011
488.03,1.52285
488.128,1.92501
488.236,2.51905
488.403,3.71513
488.569,4.88716
488.689,5.4
488.758,5.48394
488.849,5.33065
488.968,4.72771
489.27,2.43297
489.375,1.79706
489.46,1.40058
489.547,1.09941
489.634,0.884182
489.73,0.719087
489.817,0.616257
489.933,0.521889
490.078,0.444925
490.249,0.388602
490.411,0.357979
490.573,0.345502
490.628,0.344917
490.834,0.356448
491.718,0.478104
491.903,0.509726
492.071,0.567595
492.252,0.675576
492.589,0.918495
492.755,0.97618
492.795,0.979038
492.962,0.947421
493.383,0.745933
493.553,0.712403
493.653,0.731099
493.743,0.790406
493.823,0.897588
493.884,1.0292
493.943,1.21374
494.012,1.51815
494.076,1.90863
494.14,2.42086
494.217,3.21278
494.31,4.42643
494.604,9.01263
494.719,10.1868
494.812,10.4906
494.911,10.1195
495.01,9.11129
495.182,6.49644
495.325,4.3182
495.417,3.16485
495.495,2.3929
495.566,1.85452
495.627,1.49529
495.695,1.198
495.762,0.985702
495.83,0.838689
495.891,0.749549
495.953,0.693385
496.036,0.662527
496.118,0.674251
496.216,0.736083
496.326,0.861053
496.516,1.17162
496.682,1.43287
496.812,1.54196
496.854,1.54983
496.973,1.49351
497.094,1.33407
497.402,0.769436
497.513,0.608894
497.606,0.508925
497.7,0.439369
497.793,0.395025
497.898,0.367509
498.003,0.355338
498.452,0.344916
498.675,0.321989
499.186,0.245692
499.425,0.226589
499.537,0.223747
499.752,0.229383
499.968,0.249924
500.194,0.289007
500.392,0.340834
500.575,0.410445
500.719,0.493218
500.84,0.598093
500.943,0.730663
501.045,0.917342
501.142,1.15752
501.265,1.55817
501.464,2.36957
501.849,4.06478
501.974,4.83273
502.098,5.93416
502.252,7.79968
502.479,10.7991
502.582,11.6394
502.655,11.8503
502.769,11.4396
502.874,10.3159
503.067,7.22813
503.205,5.02878
503.306,3.76598
503.385,3.01828
503.457,2.51062
503.542,2.09981
503.614,1.87775
503.724,1.68928
503.892,1.58111
504.378,1.38366
504.866,1.21004
505.31,1.15054
505.597,1.13777
505.959,1.18204
506.783,1.45224
506.913,1.46136
507.097,1.45653
507.324,1.50369
507.664,1.66364
507.696,1.66664
507.864,1.60877
508.069,1.39212
508.36,1.03067
508.527,0.882516
508.715,0.778651
509.236,0.59874
509.567,0.456317
509.698,0.422242
509.779,0.415083
509.901,0.431752
509.982,0.466406
510.081,0.542402
510.164,0.6412
510.256,0.798856
510.357,1.03353
510.469,1.37392
510.785,2.50512
510.917,2.8076
511.02,2.8744
511.142,2.74647
511.282,2.37838
511.532,1.55866
511.648,1.26748
511.735,1.11132
511.827,0.998728
511.974,0.899199
512.398,0.765499
512.568,0.745785
512.737,0.776457
512.918,0.866959
513.123,1.02559
513.316,1.23761
513.495,1.51951
513.837,2.17126
513.992,2.31242
514.022,2.3163
514.165,2.23002
514.567,1.60302
514.769,1.42833
515.022,1.23814
515.234,0.978392
515.45,0.701672
515.573,0.58512
515.697,0.507011
515.837,0.455789
516.025,0.423381
516.248,0.410461
516.458,0.42305
516.605,0.457947
516.727,0.51324
516.849,0.601103
516.975,0.734488
517.101,0.918317
517.24,1.18469
517.394,1.56123
517.574,2.11478
518.071,3.95515
518.238,4.35927
518.395,4.5
518.571,4.34611
518.74,3.89001
519.173,2.14146
519.323,1.67169
519.433,1.42441
519.532,1.27384
519.631,1.18934
519.698,1.1686
519.805,1.19317
519.928,1.30318
520.091,1.55375
520.312,1.93816
520.501,2.15037
520.735,2.30371
520.849,2.5014
520.946,2.84875
521.035,3.36852
521.129,4.15831
521.262,5.63733
521.448,7.85549
521.568,8.82884
521.669,9.10144
521.771,8.80342
521.885,7.88488
522.188,4.52623
522.294,3.60623
522.409,2.88279
522.537,2.31771
522.693,1.82181
522.865,1.40503
522.977,1.20428
523.068,1.09402
523.174,1.03214
523.209,1.02703
523.315,1.05357
523.475,1.18196
523.712,1.40274
523.854,1.44948
524.008,1.38888
524.3,1.1267
524.43,1.06589
524.481,1.06167
524.582,1.08426
524.894,1.24873
525.003,1.26645
525.179,1.21025
525.655,0.854365
525.902,0.723795
526.13,0.649784
526.221,0.638258
526.36,0.650383
526.491,0.703222
526.622,0.801669
526.802,1.00458
527.157,1.46921
527.327,1.6138
527.488,1.67067
527.543,1.67303
527.791,1.59704
528.286,1.26784
528.426,1.23235
528.561,1.26575
528.685,1.36362
529.026,1.80718
529.186,1.91672
529.222,1.92046
529.398,1.84146
529.584,1.7075
529.633,1.69114
529.752,1.71913
529.888,1.88192
530.216,2.52325
530.361,2.63859
530.368,2.63877
530.497,2.54923
530.677,2.19346
530.87,1.75623
530.992,1.58125
531.077,1.53794
531.162,1.56312
531.288,1.71238
531.583,2.24625
531.723,2.36503
531.747,2.36756
531.877,2.28292
532.027,2.00699
532.383,1.09883
532.518,0.829596
532.627,0.670668
532.723,0.569945
532.842,0.488846
532.979,0.438315
533.154,0.41314
533.396,0.405857
533.629,0.418383
533.744,0.442771
533.86,0.490478
533.978,0.574409
534.097,0.703675
534.216,0.8843
534.592,1.59995
534.729,1.76199
534.826,1.79829
534.971,1.73045
535.19,1.44773
535.431,1.11622
535.623,0.933292
535.838,0.808365
536.038,0.748932
536.162,0.737879
536.306,0.751301
536.471,0.800641
536.713,0.929669
536.932,1.10285
537.136,1.33697
537.392,1.76044
537.627,2.14167
537.781,2.24872
537.792,2.24979
537.921,2.18929
538.074,1.96338
538.43,1.22559
538.559,1.03232
538.664,0.9317
538.769,0.880597
538.83,0.871299
538.951,0.888913
539.35,1.06035
539.445,1.07318
539.604,1.0428
539.83,0.910936
540.047,0.76892
540.194,0.71072
540.294,0.69931
540.437,0.730289
540.572,0.816855
540.719,0.977149
540.921,1.29456
541.137,1.63761
541.256,1.74013
541.304,1.75272
541.43,1.69622
541.562,1.51039
541.888,0.859688
542.003,0.682016
542.11,0.565319
542.222,0.48818
542.339,0.445419
542.488,0.429132
542.881,0.453081
543.062,0.437456
543.312,0.373746
543.522,0.323021
543.664,0.310873
543.797,0.321947
543.944,0.359924
544.121,0.435589
544.764,0.79475
544.96,0.950222
545.162,1.1825
545.839,2.12143
545.988,2.4523
546.136,2.96225
546.498,4.57839
546.619,4.88128
546.687,4.93507
546.837,4.75159
547.096,3.86093
547.292,3.21555
547.543,2.65265
547.749,2.31445
547.896,2.16766
548.019,2.14302
548.21,2.26927
548.431,2.44088
548.471,2.44726
548.617,2.36589
548.782,2.09384
549.052,1.54346
549.184,1.37047
549.31,1.28959
549.728,1.22357
549.95,1.09025
550.256,0.864691
550.443,0.781281
550.615,0.755925
550.794,0.774215
551.25,0.881977
551.375,0.890052
551.652,0.858694
552.147,0.726239
552.19,0.723551
552.3,0.745506
552.387,0.808578
552.453,0.894798
552.531,1.05479
552.606,1.28313
552.682,1.59279
552.784,2.14104
552.958,3.32196
553.106,4.28095
553.216,4.73883
553.296,4.84626
553.405,4.65559
553.511,4.13543
553.701,2.77235
553.833,1.83891
553.919,1.34879
553.996,1.00102
554.064,0.764452
554.128,0.598089
554.192,0.477156
554.256,0.3932
554.321,0.338463
554.385,0.30654
554.46,0.291797
554.474,0.291375
554.541,0.298243
554.623,0.324878
554.718,0.380294
554.826,0.474997
554.976,0.652494
555.177,0.904478
555.305,1.00855
555.396,1.03226
555.508,0.998233
555.65,0.875335
555.88,0.634331
555.992,0.557315
556.103,0.523667
556.14,0.52197
556.239,0.53729
556.422,0.617132
556.657,0.727375
556.816,0.755888
556.982,0.729965
557.444,0.533655
557.591,0.501029
557.675,0.494905
557.844,0.506571
558.209,0.588003
558.502,0.680456
558.696,0.78619
558.86,0.926416
559.12,1.23674
559.375,1.53921
559.551,1.65726
559.651,1.67556
559.865,1.60459
560.244,1.3639
560.363,1.33666
560.501,1.36517
560.667,1.49649
561.008,1.95825
561.155,2.06328
561.194,2.06486
561.329,1.96835
561.451,1.75678
561.802,0.892649
561.909,0.680979
562.005,0.534555
562.1,0.426586
562.181,0.361093
562.267,0.311761
562.374,0.272943
562.46,0.255499
562.596,0.246356
562.713,0.253596
562.823,0.272237
562.977,0.316247
563.466,0.505499
563.769,0.606844
563.941,0.704494
564.113,0.858974
564.36,1.16183
564.673,1.62759
564.871,2.03156
565.208,2.88527
565.346,3.07574
565.385,3.09027
565.515,2.99496
565.64,2.71903
565.968,1.71369
566.094,1.4309
566.231,1.23754
566.366,1.14947
566.432,1.13779
566.559,1.16758
566.716,1.2987
566.862,1.51688
567.048,1.92147
567.403,2.79375
567.576,3.03261
567.655,3.06095
567.807,2.9658
568.109,2.51032
568.178,2.47571
568.28,2.56986
568.37,2.84578
568.465,3.37009
568.579,4.28872
568.847,6.87811
568.958,7.53326
569.034,7.67006
569.142,7.37907
569.236,6.71697
569.411,4.87063
569.57,3.17377
569.667,2.34403
569.751,1.78535
569.824,1.42575
569.897,1.16132
569.969,0.974293
570.044,0.841262
570.142,0.73221
570.27,0.652923
570.491,0.583527
570.799,0.53022
570.919,0.523335
571.101,0.539551
571.224,0.579136
571.317,0.633835
571.409,0.722685
571.486,0.836274
571.567,1.0124
571.637,1.22709
571.706,1.5184
571.773,1.88897
571.852,2.45259
571.946,3.33021
572.078,4.87614
572.31,7.79458
572.439,8.90293
572.551,9.26386
572.563,9.26668
572.662,9.04715
572.827,7.95292
573.086,5.83409
573.247,4.90576
573.396,4.37922
573.604,3.98519
573.908,3.74707
574.338,3.61397
574.54,3.31643
574.897,2.52517
575.361,1.85573
575.578,1.38134
575.79,0.889259
575.914,0.655298
576.017,0.509092
576.115,0.405253
576.213,0.331705
576.311,0.281455
576.409,0.247945
576.507,0.225917
576.664,0.205579
576.821,0.196009
577.032,0.192638
577.35,0.199296
578.496,0.251307
578.779,0.278297
578.998,0.315766
579.191,0.367323
579.354,0.434194
579.471,0.506216
579.583,0.604657
579.7,0.753707
579.817,0.960839
579.958,1.29425
580.24,2.06143
580.371,2.30381
580.477,2.37203
580.584,2.30823
580.718,2.06342
581.071,1.10677
581.186,0.8652
581.278,0.720647
581.37,0.616728
581.455,0.55174
581.571,0.500155
581.708,0.479643
581.731,0.479457
581.891,0.498943
582.028,0.54475
582.142,0.612338
582.233,0.698862
582.324,0.831397
582.401,0.999904
582.479,1.23929
582.556,1.57005
582.634,2.01035
582.722,2.66069
582.842,3.77022
583.09,6.31399
583.208,7.12973
583.318,7.39502
583.418,7.17011
583.544,6.34918
583.872,3.25223
583.981,2.43242
584.079,1.86866
584.173,1.46461
584.263,1.18771
584.355,0.984515
584.461,0.824814
584.571,0.717073
584.683,0.650586
584.808,0.61431
584.876,0.610249
584.985,0.627586
585.093,0.677165
585.222,0.781679
585.375,0.96797
585.802,1.63355
585.951,1.78209
586.07,1.82518
586.236,1.75918
586.422,1.54457
586.728,1.1107
586.875,0.970879
586.986,0.917397
587.044,0.908799
587.161,0.936891
587.249,1.00521
587.337,1.1288
587.424,1.33251
587.5,1.60191
587.574,1.98559
587.639,2.44988
587.713,3.16633
587.79,4.16119
587.87,5.49415
587.967,7.52068
588.237,14.2201
588.354,16.3224
588.462,17.1087
588.474,17.1162
588.579,16.4795
588.686,14.7001
588.889,9.73154
589.024,6.54591
589.119,4.76008
589.199,3.60835
589.268,2.86016
589.339,2.29268
589.413,1.88804
589.479,1.64792
589.558,1.47505
589.628,1.40033
589.708,1.37799
589.845,1.43772
590.149,1.66317
590.267,1.68903
590.422,1.63903
590.849,1.29611
590.941,1.26929
591.04,1.30154
591.114,1.38572
591.197,1.56415
591.276,1.83721
591.355,2.23302
591.437,2.78567
591.532,3.62532
591.667,5.14081
591.901,7.97209
592.034,9.14121
592.162,9.63966
592.187,9.66171
592.314,9.42786
592.529,8.19513
593.167,3.60923
593.302,2.82911
593.401,2.40506
593.506,2.10815
593.616,1.94522
593.793,1.88108
593.993,1.83077
594.123,1.70225
594.299,1.3937
594.576,0.820725
594.703,0.613244
594.803,0.489132
594.912,0.389697
595.006,0.328448
595.121,0.277396
595.266,0.236445
595.441,0.207405
595.642,0.18806
595.926,0.174687
596.097,0.172598
596.358,0.177957
596.591,0.19341
596.785,0.216645
596.979,0.25175
597.221,0.313192
597.568,0.425388
597.771,0.512043
597.882,0.587345
597.983,0.696652
598.055,0.813222
598.132,0.989422
598.208,1.23618
598.287,1.58026
598.363,2.01917
598.46,2.7314
598.577,3.82663
598.897,7.2923
599.03,8.27559
599.156,8.59119
599.281,8.23172
599.417,7.18098
599.725,3.91016
599.837,2.96451
599.928,2.39034
599.988,2.10674
600.0,2.05835
600.0,2.5056
682.5,2.91225
765.0,2.25687
872.5,2.60347
990.0,1.79146
1125.0,1.93016
1250.0,1.64736
1340.0,2.01525
1410.0,1.51725
1470.0,1.76741
1585.0,1.54241
1735.0,1.51225
1880.0,1.55157
2107.5,1.32309
2519.58,1.32491
2522.5,1.32492
3015.72,1.16373
3120.0,1.12965
3730.05,1.04003
4459.39,0.932875
4475.0,0.930581
5350.0,0.853145
6250.0,0.773495
7275.0,0.740396
7775.0,0.62564
8350.0,0.671137
9350.0,0.625868
11000.0,0.554831
13150.8,0.520076
13500.0,0.514434
16139.7,0.487366
17500.0,0.473417
20921.8,0.457604
22500.0,0.45031
26899.4,0.428935
27500.0,0.426017
32500.0,0.377917
40000.0,0.384504
40000.0,0.384491
62500.0,0.327276
97500.0,0.277665
137221.0,0.247831
210000.0,0.211875
318352.0,0.178317
430000.0,0.151624
700000.0,0.107702
850000.0,0.0908554
1050000.0,0.0756904
1250000.0,0.0648751
1550000.0,0.0537086
2000000.0,0.039806
2450000.0,0.0284931
2750000.0,0.0224606
3050000.0,0.0177563
3300000.0,0.0147043
3650000.0,0.0113376
3950000.0,0.00917129
4300000.0,0.00726961
4650000.0,0.00584611
5000000.0,0.00477751
5400000.0,0.00389621
5900000.0,0.00312386
6300000.0,0.00268006
6800000.0,0.00231505
7500000.0,0.00203305
8700000.0,0.00176805
1.16E7,0.00144703
1.42E7,0.00124523
1.6E7,0.00111599
2.0E7,6.26951E-4
2.15E7,4.78462E-4
2.275E7,3.77578E-4
2.425E7,2.83706E-4
2.525E7,2.34785E-4
2.625E7,1.94786E-4
2.725E7,1.62167E-4
2.825E7,1.35585E-4
2.925E7,1.1391E-4
3.0E7,1.00001E-4
