92-U-237(n,&gamma;) ENDF/B-VII.1
1.0E-5,24108.8
1.31241E-5,21044.4
1.70876E-5,18442.7
2.2426E-5,16098.6
2.91987E-5,14108.3
3.83206E-5,12314.8
4.98935E-5,10792.3
6.54808E-5,9420.24
8.52562E-5,8255.53
1.11891E-4,7205.82
1.45682E-4,6314.54
1.91195E-4,5511.56
2.48937E-4,4829.63
3.26707E-4,4214.9
4.25373E-4,3693.06
5.58264E-4,3222.63
7.26861E-4,2823.33
9.53941E-4,2463.19
0.00124203,2157.18
0.00163006,1881.32
0.00212234,1646.93
0.00278538,1435.42
0.00362657,1255.77
0.00475955,1095.44
0.00619694,956.947
0.00813293,831.527
0.0105891,725.757
0.0145161,613.529
0.0180942,545.107
0.0234661,473.893
0.0253,454.082
0.033204,388.891
0.0432317,334.872
0.0567377,283.261
0.0738726,239.208
0.0969512,199.36
0.126231,164.945
0.15829,139.446
0.18924,120.554
0.236786,99.7654
0.29569,81.7363
0.368577,66.671
0.440644,56.4707
0.526803,48.1681
0.609168,42.9569
0.716067,39.1695
0.796242,38.2537
0.894234,39.6128
0.974409,43.3361
1.03231,48.2926
1.07908,54.4012
1.12585,63.3843
1.17039,76.1371
1.20937,92.7587
1.24299,113.776
1.27106,138.971
1.29466,168.934
1.31649,207.849
1.33564,255.94
1.35346,319.282
1.36816,392.887
1.38063,479.096
1.3931,599.678
1.40379,746.482
1.41314,927.808
1.42116,1145.37
1.42784,1393.85
1.43408,1707.11
1.44031,2132.48
1.44655,2712.99
1.45279,3497.8
1.45902,4530.59
1.46704,6243.97
1.4845,10664.6
1.49216,12057.3
1.49961,12550.3
1.5057,12215.4
1.51283,11072.9
1.52695,7571.67
1.53586,5430.7
1.54321,4019.17
1.54922,3130.53
1.55534,2443.65
1.56158,1925.8
1.56837,1516.6
1.57539,1213.16
1.5824,992.135
1.59042,806.997
1.59977,650.795
1.61046,522.951
1.62293,416.978
1.63496,343.016
1.65055,273.497
1.66659,222.165
1.68529,178.871
1.70667,143.49
1.72939,116.501
1.75589,93.8822
1.78507,75.9992
1.81625,62.1296
1.85522,49.7283
1.89419,40.8618
1.94319,32.8876
1.99775,26.6424
2.05232,22.1612
2.12247,18.0445
2.20264,14.7361
2.27948,12.4645
2.39083,10.1424
2.50219,8.54022
2.64917,7.09265
2.7828,6.19777
2.94315,5.45723
3.15217,4.87034
3.32115,4.63728
3.43828,4.58455
3.61397,4.68461
3.78967,5.04236
3.93608,5.62987
4.05321,6.38926
4.17034,7.55909
4.27282,9.13253
4.36067,11.1604
4.4351,13.6912
4.49488,16.6173
4.54857,20.3217
4.59249,24.5329
4.63397,30.0246
4.67302,37.2861
4.70718,46.2582
4.73646,57.0313
4.76208,70.1555
4.78624,87.5447
4.80674,108.367
4.82479,134.118
4.83944,163.1
4.85359,202.217
4.8653,247.801
4.87506,300.162
4.88434,368.208
4.89312,456.663
4.9019,578.232
4.90996,729.127
4.9185,942.611
4.92777,1250.66
4.93753,1671.83
4.94998,2347.46
4.97657,3952.92
4.98829,4435.59
4.99959,4604.57
5.01054,4450.49
5.02147,4020.19
5.04246,2778.5
5.05783,1882.58
5.06857,1379.62
5.07735,1057.52
5.08528,831.203
5.09334,654.86
5.10139,521.957
5.11054,411.022
5.11908,335.546
5.12933,269.76
5.14055,218.468
5.15227,179.89
5.16642,146.191
5.1835,117.291
5.20302,93.9821
5.22352,76.4689
5.24695,61.9945
5.2733,50.2503
5.30454,40.287
5.33675,32.8846
5.37579,26.4168
5.42093,21.1297
5.46974,17.0836
5.5222,13.9642
5.58198,11.4083
5.64909,9.35999
5.7223,7.75115
5.8077,6.40887
5.90531,5.32927
6.02488,4.42131
6.13225,3.85534
6.28842,3.30056
6.47387,2.90991
6.67885,2.69844
6.80484,2.66296
6.96628,2.71246
7.16809,2.94596
7.32953,3.3227
7.45061,3.7722
7.57422,4.46109
7.68017,5.34396
7.7672,6.39276
7.84666,7.7516
7.91477,9.39745
7.97531,11.4534
8.02828,13.9643
8.07369,16.9349
8.11783,20.95
8.15693,25.9582
8.19225,32.3466
8.221,39.6228
8.24573,48.223
8.27045,60.2687
8.28911,72.9948
8.30728,90.2742
8.32241,110.672
8.33502,134.401
8.34764,167.793
8.35899,210.464
8.36807,257.073
8.3769,316.876
8.38573,395.171
8.39519,504.815
8.4049,650.826
8.41663,878.926
8.43025,1217.11
8.47023,2413.68
8.48628,2739.68
8.49964,2832.93
8.5113,2762.92
8.52381,2544.32
8.5444,1971.66
8.56861,1236.82
8.58198,901.739
8.59334,675.928
8.60393,512.869
8.61301,405.386
8.62209,322.663
8.63193,255.278
8.64215,203.86
8.65236,166.193
8.66397,135.068
8.67658,110.719
8.69171,89.8793
8.70786,73.9827
8.72602,60.9742
8.74721,49.9236
8.77294,40.2772
8.80019,32.9254
8.83298,26.5435
8.86829,21.6006
8.90992,17.4146
8.95406,14.2245
9.00451,11.5908
9.06632,9.30328
9.12812,7.67782
9.19623,6.37832
9.28452,5.18044
9.3829,4.25896
9.48884,3.57192
9.59479,3.08842
9.73101,2.66136
9.88236,2.35778
10.0337,2.17578
10.229,2.07269
10.2941,2.06792
10.4769,2.13125
10.6596,2.32135
10.7967,2.57817
10.9338,2.97948
11.0557,3.52223
11.1623,4.22618
11.2537,5.1021
11.34,6.2998
11.4111,7.72312
11.4694,9.36771
11.5227,11.4551
11.5723,14.1779
11.6167,17.6441
11.6548,21.8457
11.6893,27.2361
11.7195,33.9601
11.7451,42.0941
11.7665,51.6808
11.7837,62.5386
11.7989,75.8561
11.8127,92.5795
11.8248,113.211
11.8355,137.759
11.8457,168.98
11.8558,210.442
11.8669,270.724
11.8784,355.329
11.8897,464.027
11.9023,619.421
11.9175,858.116
11.9452,1393.82
11.9675,1811.02
11.9819,2000.33
11.9978,2089.09
11.9996,2090.17
12.0154,2019.62
12.0335,1785.63
12.0825,851.546
12.0977,615.088
12.1107,457.101
12.1229,343.011
12.1339,264.755
12.1453,204.281
12.1556,163.815
12.1675,129.278
12.1802,103.075
12.1929,84.3311
12.2061,70.1428
12.2214,58.19
12.2396,47.8343
12.261,39.1667
12.2838,32.4202
12.3112,26.5098
12.3452,21.267
12.3808,17.3509
12.4252,13.8619
12.4696,11.371
12.5255,9.13249
12.5877,7.38136
12.6499,6.12774
12.726,5.02335
12.8149,4.11612
12.9063,3.45821
13.0129,2.91671
13.1373,2.48312
13.2896,2.13729
13.4419,1.92587
13.5986,1.80371
13.764,1.7588
13.9643,1.81224
14.1146,1.93587
14.2898,2.20479
14.4401,2.59419
14.5652,3.10049
14.6626,3.67838
14.76,4.5144
14.8365,5.45865
14.9047,6.64321
14.9645,8.09964
15.0201,10.0055
15.066,12.2058
15.1105,15.2019
15.1484,18.8122
15.1795,22.9612
15.2062,27.8632
15.2307,34.1103
15.2502,41.0133
15.2697,50.7412
15.2858,62.268
15.2997,76.1722
15.3136,95.5936
15.3264,120.467
15.3375,149.572
15.3487,187.728
15.3615,245.669
15.3751,327.495
15.3901,445.307
15.4082,626.757
15.4577,1232.1
15.4786,1420.19
15.4969,1489.14
15.4997,1490.44
15.5142,1456.6
15.53,1349.11
15.5534,1094.83
15.5907,634.889
15.6079,459.904
15.6221,345.136
15.6358,259.352
15.6474,202.801
15.6602,155.834
15.6714,125.197
15.6825,101.916
15.6953,81.9949
15.7092,66.328
15.7231,54.9667
15.7415,44.2854
15.7615,36.1514
15.7849,29.4493
15.8116,24.0066
15.8427,19.4762
15.8784,15.7819
15.9173,12.8787
15.966,10.2989
16.0147,8.46087
16.0759,6.81189
16.144,5.52427
16.2122,4.60414
16.2957,3.79551
16.393,3.13382
16.5015,2.62395
16.6351,2.20228
16.7908,1.88907
16.9745,1.67561
17.1581,1.57704
17.2805,1.56107
17.4483,1.60337
17.6161,1.72639
17.7741,1.94048
17.9126,2.2439
18.028,2.6235
18.1229,3.06864
18.2127,3.65944
18.3024,4.50767
18.3742,5.48046
18.4371,6.67652
18.4922,8.14252
18.5384,9.83362
18.582,12.0326
18.6204,14.7283
18.6525,17.8228
18.684,22.078
18.7087,26.7629
18.7292,32.1848
18.7482,39.2199
18.7661,48.7993
18.7805,59.6938
18.7948,74.9372
18.8077,93.7981
18.8205,119.486
18.8333,154.204
18.8461,200.435
18.8584,257.994
18.8723,340.612
18.8884,462.873
18.9102,669.288
18.9579,1171.73
18.9803,1330.0
18.9998,1377.56
19.0205,1323.22
19.0441,1148.17
19.099,573.301
19.1175,412.765
19.1336,301.632
19.147,230.251
19.1585,181.772
19.17,143.828
19.1826,112.345
19.1954,88.5174
19.2082,71.0045
19.2226,56.8109
19.238,46.0112
19.2534,38.2617
19.2708,31.8821
19.2913,26.458
19.316,21.7812
19.3437,17.9837
19.3796,14.467
19.4168,11.8672
19.4616,9.61153
19.5129,7.78092
19.5668,6.40325
19.6296,5.24631
19.7078,4.23444
19.7976,3.43419
19.8976,2.82204
20.0053,2.3683
20.113,2.05112
20.2721,1.74199
20.4567,1.53583
20.6414,1.43733
20.7656,1.41976
20.9539,1.46178
21.1422,1.59904
21.3133,1.83867
21.4503,2.1515
21.5644,2.54331
21.6713,3.08395
21.7612,3.7449
21.8382,4.55418
21.9067,5.57529
21.9666,6.83875
22.0179,8.35658
22.0607,10.1006
22.1006,12.3421
22.1349,15.0039
22.1634,18.0521
22.1885,21.737
22.2125,26.6966
22.2324,32.6137
22.2478,38.9445
22.2649,48.7505
22.2804,61.2561
22.294,76.5505
22.3077,97.1868
22.322,126.11
22.3363,164.601
22.3508,215.763
22.3668,287.733
22.3862,398.372
22.4147,599.454
22.4521,872.488
22.4749,991.999
22.4975,1040.58
22.4998,1040.97
22.5219,1001.68
22.5468,876.464
22.6084,431.202
22.6295,305.42
22.6466,225.241
22.662,169.394
22.6761,130.182
22.6897,101.55
22.704,79.0208
22.7168,63.9171
22.7316,51.015
22.7453,42.2725
22.7624,34.3195
22.7796,28.6077
22.7984,24.0115
22.8241,19.5309
22.8549,15.7875
22.8879,12.9418
22.9279,10.4875
22.9707,8.6024
23.0206,7.0177
23.0805,5.66887
23.1504,4.57054
23.2303,3.70168
23.3158,3.05286
23.4157,2.52444
23.5269,2.11907
23.641,1.83204
23.7779,1.59957
23.932,1.43575
24.0404,1.3658
24.2572,1.31129
24.4297,1.34221
24.6022,1.44447
24.7638,1.62578
24.9034,1.88136
25.0198,2.20213
25.1155,2.57937
25.206,3.0815
25.2836,3.68392
25.3599,4.51923
25.4233,5.50293
25.4802,6.7441
25.5267,8.15435
25.572,10.0651
25.6108,12.3817
25.6431,15.1008
25.669,18.1328
25.6938,22.256
25.7145,27.2184
25.7331,33.6455
25.7497,41.8028
25.7641,51.7341
25.7786,65.3441
25.7931,83.95
25.806,106.073
25.8203,137.978
25.8345,179.48
25.851,241.865
25.8694,330.468
25.8929,472.683
25.9483,855.318
25.971,971.657
25.995,1028.03
25.9998,1029.63
26.0228,991.918
26.0497,864.852
26.1172,406.151
26.1371,295.621
26.1552,215.827
26.1697,165.873
26.1841,126.926
26.1971,100.081
26.21,79.3822
26.2245,61.9893
26.2385,49.6492
26.2524,40.527
26.269,32.6906
26.2855,27.0796
26.3062,22.1011
26.331,17.9702
26.3569,14.939
26.3879,12.3184
26.4267,9.98466
26.472,8.0657
26.5173,6.68638
26.5716,5.48376
26.6349,4.48129
26.7009,3.73147
26.7785,3.09462
26.869,2.56739
26.9776,2.1295
27.0862,1.82714
27.2311,1.55734
27.3759,1.38731
27.5207,1.28538
27.738,1.22558
27.7555,1.22507
27.9736,1.27223
28.119,1.36453
28.2643,1.5226
28.3993,1.7539
28.5239,2.07802
28.6278,2.47615
28.7277,3.03663
28.8095,3.70327
28.8835,4.57052
28.9471,5.64291
29.0016,6.95334
29.047,8.48965
29.0859,10.3224
29.121,12.6363
29.1521,15.5926
29.1781,19.1933
29.2002,23.6713
29.2196,29.4241
29.2372,36.875
29.2508,44.8443
29.2664,57.2056
29.2804,72.2868
29.2944,92.2387
29.3084,118.27
29.324,155.829
29.3396,203.944
29.3588,279.273
29.3816,391.502
29.4486,776.259
29.4751,879.968
29.4996,914.222
29.5249,878.53
29.5519,771.228
29.6225,367.728
29.6454,260.411
29.6625,196.23
29.6781,149.868
29.6942,112.745
29.7098,85.6608
29.7238,67.3153
29.7378,53.4721
29.7519,43.0202
29.7674,34.6189
29.785,27.7564
29.8027,22.8868
29.8219,19.0761
29.8479,15.4669
29.8738,12.9299
29.9076,10.5708
29.9465,8.64
29.9919,7.03589
30.0451,5.7046
30.1074,4.61045
30.1749,3.77644
30.2476,3.13495
30.3359,2.58222
30.4449,2.11425
30.5669,1.76412
30.7097,1.49672
30.881,1.30151
31.0613,1.19199
31.2594,1.15335
31.4359,1.18349
31.6123,1.2808
31.7769,1.45307
31.918,1.69447
32.0356,1.99977
32.1459,2.42386
32.2385,2.94597
32.3179,3.58982
32.3885,4.40863
32.4502,5.43242
32.5031,6.67934
32.5472,8.13869
32.5884,10.0678
32.6178,11.9976
32.6472,14.7087
32.6707,17.8163
32.6913,21.6627
32.7078,25.9022
32.7263,32.5052
32.7436,41.2153
32.7595,52.1783
32.7754,66.9619
32.7913,86.6495
32.8077,113.481
32.8254,150.84
32.8442,201.716
32.8668,278.385
32.9042,433.442
32.9436,598.557
32.9682,674.23
32.9953,711.465
32.9998,712.241
33.0226,691.951
33.0517,613.634
33.097,426.401
33.1335,276.075
33.1564,199.181
33.1749,149.665
33.1926,112.667
33.2087,86.499
33.2234,68.1515
33.2387,53.5591
33.2546,42.2299
33.2705,33.8655
33.2881,27.1133
33.3075,21.8471
33.3287,17.8178
33.3499,14.9427
33.3763,12.3618
33.4057,10.3068
33.441,8.52369
33.4851,6.93164
33.5366,5.62068
33.5983,4.52106
33.6601,3.74291
33.7321,3.09103
33.8115,2.57756
33.9144,2.11268
34.0143,1.79934
34.1466,1.5165
34.3054,1.30208
34.4113,1.20974
34.5877,1.11988
34.7641,1.09286
34.9289,1.11992
35.0937,1.20187
35.2507,1.3466
35.3918,1.55842
35.5094,1.8257
35.6061,2.1414
35.6976,2.56355
35.776,3.073
35.8531,3.78512
35.9171,4.63205
35.9746,5.71467
36.0217,6.96724
36.0609,8.42077
36.0936,10.0968
36.1197,11.9359
36.1458,14.512
36.1654,17.2254
36.1864,21.3011
36.2052,26.566
36.2219,33.1283
36.2378,41.705
36.2543,53.7892
36.2708,70.1886
36.2872,92.0895
36.304,121.24
36.3223,162.462
36.3432,222.78
36.3698,319.882
36.4404,622.79
36.4707,714.827
36.4984,746.577
36.4997,746.645
36.523,726.032
36.5502,654.86
36.5899,493.147
36.6349,300.017
36.6589,215.329
36.6783,160.677
36.6965,119.965
36.7122,92.7644
36.7284,71.0482
36.7441,55.1334
36.7598,43.2039
36.776,34.0969
36.7927,27.2495
36.8095,22.2743
36.8304,17.8661
36.8502,14.9178
36.8764,12.1858
36.9077,9.9353
36.9443,8.11624
36.9901,6.53595
37.041,5.30785
37.0959,4.36729
37.16,3.58291
37.2344,2.93723
37.3259,2.38702
37.4148,2.01335
37.5246,1.6898
37.6343,1.46547
37.779,1.26765
37.9591,1.12282
38.1752,1.04759
38.2472,1.04173
38.464,1.07969
38.6086,1.15627
38.7531,1.2878
38.8883,1.48196
39.0142,1.75733
39.119,2.09714
39.2082,2.51133
39.2908,3.05821
39.3589,3.69721
39.4232,4.54938
39.4782,5.59166
39.5228,6.7788
39.5621,8.24807
39.5949,9.98316
39.6224,12.0589
39.6434,14.2692
39.6644,17.3484
39.6827,21.1258
39.7011,26.404
39.7188,33.5292
39.7345,42.1743
39.7514,54.6997
39.7672,70.1994
39.7845,92.5875
39.8013,120.682
39.8196,159.66
39.8427,221.82
39.8721,320.862
39.9371,567.835
39.9696,654.995
39.9971,683.718
39.9996,683.95
40.0252,663.233
40.0524,599.591
40.0944,449.237
40.1405,274.909
40.1668,193.955
40.1877,142.606
40.2071,105.597
40.2244,80.2041
40.2417,60.8843
40.2567,48.2042
40.2723,38.1217
40.2879,30.5545
40.3057,24.2154
40.3251,19.3224
40.3461,15.6279
40.3671,13.0198
40.3933,10.7185
40.4248,8.8025
40.4641,7.14692
40.5113,5.77411
40.5663,4.66266
40.6293,3.77834
40.7027,3.06173
40.7866,2.49549
40.8757,2.07602
40.9858,1.71865
41.1065,1.45497
41.2507,1.24883
41.3949,1.11985
41.5736,1.03225
41.7636,1.00532
41.9625,1.04263
42.1615,1.15877
42.2942,1.29643
42.4419,1.53679
42.5474,1.79522
42.6559,2.18244
42.7403,2.61858
42.8127,3.14296
42.879,3.81622
42.9423,4.73518
42.992,5.76598
43.0373,7.09937
43.0749,8.70689
43.1054,10.5861
43.131,12.8589
43.1541,15.7922
43.172,18.9644
43.191,23.566
43.21,29.9676
43.2269,37.7244
43.245,48.8945
43.2631,63.8424
43.2811,83.4571
43.2998,109.517
43.3215,148.066
43.3487,209.118
43.3897,322.632
43.4349,449.652
43.4674,514.688
43.4974,538.142
43.4998,538.271
43.5285,519.535
43.5603,460.165
43.6176,300.321
43.655,199.47
43.6794,145.83
43.702,106.476
43.7201,81.864
43.7382,62.6656
43.7556,48.4646
43.7737,37.4265
43.7918,29.2871
43.8099,23.3316
43.8289,18.7939
43.8506,15.1138
43.875,12.2465
43.8979,10.3422
43.9281,8.55208
43.9643,7.04955
44.0095,5.74208
44.0637,4.65762
44.127,3.78619
44.1994,3.1024
44.2838,2.55993
44.3835,2.13443
44.4893,1.84076
44.6162,1.62622
44.7555,1.50916
44.8524,1.485
44.9727,1.51589
45.1231,1.65962
45.2434,1.88632
45.3477,2.20511
45.4319,2.59128
45.5021,3.04905
45.5683,3.6557
45.6285,4.43832
45.6786,5.35933
45.7247,6.5617
45.7608,7.8975
45.7909,9.45215
45.8198,11.5649
45.8438,14.0648
45.8679,17.6097
45.8896,22.1242
45.91,28.0274
45.9301,35.9135
45.9501,46.5055
45.969,59.5297
45.9914,79.6774
46.0147,106.51
46.0436,148.431
46.0973,244.157
46.1358,310.174
46.1686,349.112
46.1999,362.328
46.2308,349.184
46.2626,311.776
46.3191,212.852
46.362,139.013
46.3893,101.052
46.4118,76.1996
46.433,57.7986
46.4531,44.4594
46.4731,34.3678
46.4932,26.8617
46.5144,21.0548
46.5337,17.2082
46.5578,13.7355
46.5824,11.2281
46.6063,9.46989
46.6404,7.67766
46.6745,6.40997
46.7214,5.17059
46.7695,4.2686
46.8297,3.4601
46.8999,2.7947
46.9701,2.3172
47.0543,1.90168
47.1526,1.55585
47.2669,1.2719
47.3932,1.05021
47.5396,0.868839
47.7081,0.723151
47.8765,0.620188
48.0891,0.528973
48.3498,0.454636
48.6626,0.399448
48.9274,0.371958
49.2482,0.356364
49.4086,0.355077
49.8063,0.370145
50.1045,0.402177
50.3641,0.450874
50.6043,0.522443
50.8044,0.612483
50.9817,0.729216
51.1418,0.883365
51.2791,1.07487
51.3992,1.31518
51.5079,1.62736
51.5994,2.00286
51.678,2.45816
51.748,3.02982
51.8081,3.72021
51.8567,4.49701
51.8996,5.44641
51.9353,6.55204
51.9654,7.85413
51.994,9.63028
52.0168,11.664
52.0383,14.3429
52.0576,17.6931
52.0769,22.3058
52.0962,28.6543
52.1138,36.4457
52.1324,47.3564
52.1509,61.681
52.1707,81.3814
52.1936,110.924
52.2193,153.507
52.2525,222.249
52.3302,404.653
52.3634,459.882
52.3954,482.339
52.3998,482.669
52.432,464.6
52.4652,412.854
52.5247,275.35
52.565,183.717
52.5916,133.924
52.6145,99.4966
52.6356,74.4429
52.6562,55.6834
52.6751,42.6168
52.694,32.7674
52.712,25.7417
52.73,20.5043
52.748,16.6165
52.7689,13.34
52.7917,10.8036
52.8175,8.81504
52.8461,7.27765
52.879,6.0354
52.9218,4.90405
52.9719,3.98514
53.0319,3.2131
53.102,2.58491
53.1749,2.12235
53.2607,1.73362
53.3608,1.4136
53.4809,1.14743
53.601,0.961758
53.7611,0.791534
53.9184,0.678741
54.0756,0.600579
54.3101,0.525667
54.5675,0.482242
54.8248,0.468389
55.1318,0.485107
55.3365,0.518675
55.5924,0.594514
55.8062,0.70166
55.9689,0.825945
56.1119,0.984584
56.2327,1.17571
56.3534,1.45069
56.452,1.77545
56.5383,2.18013
56.6098,2.65201
56.6788,3.29897
56.7306,3.98512
56.775,4.8014
56.8119,5.75229
56.8452,6.97383
56.8699,8.25665
56.8945,10.0677
56.9161,12.3249
56.9352,15.1055
56.9549,19.078
56.9722,23.8134
56.9894,30.1121
57.0079,39.1021
57.0264,51.0234
57.0449,66.5507
57.0634,86.3512
57.0841,114.309
57.1077,154.351
57.1378,217.444
57.2251,434.292
57.2606,498.934
57.2953,525.701
57.2996,526.065
57.3335,505.784
57.371,441.916
57.4666,206.717
57.4962,146.702
57.5199,108.295
57.5413,80.8243
57.5602,61.9073
57.579,47.224
57.5983,35.8742
57.6155,28.1966
57.6328,22.385
57.65,18.0184
57.6698,14.353
57.6901,11.6419
57.7117,9.58729
57.7363,7.92733
57.7671,6.49769
57.8029,5.36591
57.8472,4.39926
57.9015,3.58453
57.9606,2.96219
58.0296,2.44861
58.1085,2.03624
58.1973,1.71265
58.286,1.48544
58.3945,1.29424
58.5029,1.16851
58.6656,1.06547
58.805,1.03962
58.9396,1.06375
59.0741,1.14122
59.203,1.27949
59.3205,1.48396
59.4185,1.74138
59.514,2.11308
59.5875,2.52791
59.6487,3.00981
59.7074,3.65817
59.7589,4.4732
59.8017,5.4655
59.8348,6.58356
59.8592,7.75281
59.8837,9.39374
59.9052,11.424
59.9254,14.0948
59.945,17.6874
59.9645,22.6522
59.9817,28.5016
60.0003,36.9185
60.0199,48.7168
60.0395,64.2364
60.061,86.4515
60.0845,117.725
60.111,162.315
60.1472,238.427
60.2246,420.11
60.2638,484.569
60.2979,505.611
60.2998,505.67
60.3323,488.321
60.3705,429.077
60.4347,280.326
60.4763,186.668
60.5047,134.316
60.5282,99.6104
60.5495,74.75
60.5693,56.6826
60.5892,42.8106
60.6068,33.3995
60.6257,25.7763
60.6428,20.5731
60.6624,16.1615
60.682,12.9658
60.704,10.4006
60.7285,8.41735
60.753,7.02779
60.7836,5.80832
60.8191,4.82338
60.8632,3.96609
60.9183,3.21664
60.9844,2.58988
61.0615,2.08092
61.1423,1.7042
61.2305,1.4077
61.3382,1.14826
61.4557,0.947267
61.5929,0.78084
61.7496,0.646947
61.9259,0.54095
62.1512,0.448157
62.396,0.380728
62.6899,0.327368
62.9941,0.292335
63.3193,0.269723
63.7529,0.25654
63.897,0.255701
64.3534,0.264769
64.6957,0.284236
65.08,0.324333
65.4043,0.381428
65.6745,0.456609
65.8847,0.54391
66.0648,0.652059
66.2179,0.783117
66.3651,0.963911
66.4912,1.18889
66.5962,1.45741
66.6863,1.78267
66.7629,2.16998
66.8364,2.69863
66.889,3.22858
66.937,3.89751
66.9746,4.62284
67.0121,5.6552
67.0436,6.93045
67.0706,8.52166
67.0947,10.5439
67.1157,13.0054
67.1373,16.4893
67.1565,20.681
67.1757,26.2213
67.1967,34.2458
67.2178,44.8183
67.2409,60.0045
67.2658,81.2085
67.2928,110.372
67.3271,156.235
67.4231,304.953
67.4604,345.119
67.4982,360.845
67.4997,360.87
67.5324,349.953
67.5733,309.088
67.6381,209.879
67.6874,135.458
67.7198,95.7763
67.7468,69.7555
67.7693,52.8097
67.7908,40.2275
67.8123,30.6079
67.8333,23.5324
67.8543,18.2824
67.8753,14.4278
67.8963,11.6118
67.9196,9.36608
67.9459,7.58908
67.9759,6.19671
68.0059,5.22846
68.0465,4.31902
68.0915,3.61993
68.1455,3.02949
68.2176,2.4894
68.2927,2.10847
68.3827,1.80172
68.4968,1.5613
68.6229,1.42147
68.749,1.37835
68.8779,1.42314
69.0067,1.56869
69.0926,1.73999
69.1821,2.01095
69.2567,2.34432
69.3314,2.83339
69.394,3.44381
69.4388,4.07097
69.4821,4.94561
69.512,5.81254
69.5418,7.04417
69.5679,8.59874
69.5903,10.4731
69.6118,12.9546
69.6321,16.1483
69.6524,20.4521
69.6727,26.206
69.694,34.2521
69.7149,44.5832
69.7379,59.3123
69.7636,80.5623
69.7922,110.757
69.8281,157.646
69.9188,293.109
69.9558,333.151
69.9928,351.062
69.9998,351.529
70.0334,340.593
70.0681,308.806
70.123,231.434
70.183,141.773
70.2149,102.265
70.2424,74.9492
70.2675,55.4032
70.2889,42.3762
70.3095,32.6761
70.331,24.9679
70.3525,19.2326
70.374,15.0193
70.394,12.13
70.4149,9.89628
70.4388,8.04861
70.4657,6.58416
70.4925,5.5458
70.5298,4.53847
70.5746,3.71777
70.6283,3.04114
70.691,2.49132
70.7642,2.04155
70.8537,1.65961
70.9582,1.35539
71.0746,1.12471
71.2179,0.935562
71.385,0.795339
71.5229,0.721648
71.7296,0.659123
71.9363,0.640938
72.1742,0.670935
72.3725,0.74559
72.5311,0.852075
72.6699,0.99836
72.7888,1.18636
72.9004,1.44748
72.9871,1.74223
73.0615,2.09743
73.1259,2.5265
73.1854,3.08407
73.2349,3.74543
73.2795,4.60328
73.3142,5.56057
73.3455,6.77533
73.3737,8.31769
73.4005,10.3525
73.4273,13.1825
73.451,16.6085
73.4758,21.3735
73.5006,27.6732
73.5279,36.7533
73.5581,49.8608
73.594,69.8329
73.6473,106.739
73.7167,156.267
73.7564,176.15
73.7957,184.226
73.7996,184.298
73.8381,177.888
73.8813,157.162
74.0012,72.5584
74.0369,52.1794
74.0637,39.9637
74.0905,30.3048
74.1172,22.9153
74.142,17.7632
74.1668,13.9084
74.1916,11.0551
74.2174,8.87989
74.2441,7.2375
74.2739,5.92347
74.3095,4.81389
74.3452,4.02765
74.3898,3.32277
74.4444,2.714
74.5039,2.24031
74.5732,1.84159
74.6525,1.51353
74.7418,1.24772
74.8508,1.01655
74.9698,0.838425
75.1086,0.69162
75.2672,0.573893
75.4456,0.481182
75.6736,0.400537
75.9215,0.34233
76.2189,0.297019
76.5311,0.267606
76.8731,0.249314
77.3292,0.241098
77.8241,0.250231
78.1953,0.27003
78.5971,0.309108
78.9308,0.363058
79.2089,0.432603
79.4279,0.513602
79.6156,0.613357
79.7929,0.749535
79.9389,0.911964
80.0589,1.10089
80.1684,1.34411
80.2622,1.63963
80.3457,2.01313
80.4187,2.48269
80.4778,3.03007
80.5212,3.59779
80.5647,4.41317
80.5994,5.37486
80.6307,6.63968
80.6585,8.26891
80.6829,10.2778
80.7072,13.0617
80.7301,16.6533
80.752,21.2306
80.7739,27.2264
80.7969,35.3687
80.8219,46.827
80.8511,64.0685
80.8831,88.0332
80.9255,127.217
81.0152,217.431
81.0555,245.807
81.097,257.455
81.0997,257.503
81.1389,248.313
81.1793,221.813
81.2474,154.899
81.3037,99.354
81.3399,70.3755
81.3677,52.6553
81.3951,38.9666
81.4195,29.6639
81.4438,22.6023
81.4669,17.5823
81.4888,14.0246
81.5107,11.3678
81.5363,9.1186
81.5618,7.52802
81.591,6.26072
81.6214,5.35279
81.6579,4.6122
81.7066,3.97715
81.7674,3.50696
81.837,3.23373
81.9065,3.16134
81.976,3.27048
82.0456,3.592
82.1026,4.08966
82.1452,4.69638
82.1824,5.51927
82.2143,6.59536
82.2409,7.91437
82.2652,9.62867
82.2896,12.0429
82.3108,14.947
82.3321,18.8341
82.3534,23.9822
82.3765,31.3653
82.3999,41.1736
82.4233,53.7468
82.4495,71.4736
82.4823,99.5465
82.5224,141.869
82.6118,245.69
82.655,281.326
82.6951,294.87
82.6998,295.017
82.7401,283.784
82.7778,255.298
82.8435,181.624
82.9007,116.062
82.9371,81.7371
82.9651,60.738
82.9906,45.5649
83.0153,34.2062
83.0372,26.4294
83.0591,20.4631
83.0809,15.9574
83.1013,12.7976
83.1226,10.315
83.1469,8.24211
83.1682,6.9154
83.1978,5.58993
83.2244,4.75002
83.2624,3.90636
83.3081,3.22058
83.3613,2.66963
83.4251,2.20643
83.4935,1.85179
83.5847,1.51676
83.6911,1.24721
83.8188,1.02688
83.9647,0.857731
84.1107,0.742756
84.3235,0.634663
84.5363,0.571219
84.7917,0.53365
84.9806,0.527061
85.2568,0.547215
85.5329,0.607504
85.717,0.678262
85.9118,0.79427
86.0787,0.946937
86.2178,1.13609
86.3292,1.35367
86.4219,1.60713
86.5085,1.93851
86.5827,2.34127
86.6445,2.81802
86.694,3.35989
86.7404,4.10338
86.7775,4.99535
86.8053,5.9601
86.8331,7.32639
86.8579,9.04111
86.8826,11.4335
86.9042,14.2888
86.9265,18.2092
86.9488,23.4064
86.971,30.1949
86.9964,40.2822
87.0223,53.67
87.0527,73.6694
87.0867,101.896
87.1417,158.016
87.211,230.649
87.253,262.143
87.2941,275.217
87.2999,275.426
87.3396,265.824
87.3841,234.93
87.4595,156.735
87.5115,103.999
87.5473,74.3129
87.577,54.8705
87.6035,41.3611
87.627,32.0517
87.6505,24.9135
87.6738,19.5916
87.6963,15.8123
87.7216,12.7691
87.744,10.8781
87.7721,9.30203
87.8058,8.23291
87.8395,7.80745
87.8507,7.78478
87.8889,8.14536
87.9208,9.04857
87.9463,10.3076
87.9717,12.23
87.9972,15.063
88.0195,18.5419
88.0418,23.2293
88.0644,29.5243
88.0891,38.5534
88.1163,51.57
88.1446,69.09
88.1779,95.0146
88.2261,141.426
88.3099,228.393
88.3531,260.149
88.3941,272.788
88.3997,272.976
88.4395,263.499
88.4839,233.199
88.5591,156.258
88.614,101.175
88.6504,71.6182
88.6807,52.2666
88.7066,39.3095
88.7303,30.058
88.7547,22.7862
88.7763,17.89
88.7979,14.1584
88.8195,11.3429
88.8441,8.97674
88.8673,7.36664
88.8942,6.01327
88.9212,5.04896
88.9521,4.25996
88.9891,3.59087
89.0323,3.03959
89.0862,2.55082
89.1556,2.10923
89.2327,1.76319
89.3253,1.4689
89.4301,1.23383
89.5597,1.03239
89.6892,0.892779
89.8527,0.772357
90.0531,0.679237
90.2937,0.618975
90.5497,0.598918
90.8008,0.618394
91.0518,0.681621
91.2192,0.757087
91.3858,0.872056
91.5246,1.01401
91.6634,1.22329
91.7714,1.46157
91.864,1.75241
91.9426,2.1024
92.0074,2.50817
92.0614,2.98471
92.1108,3.6181
92.1478,4.31579
92.1802,5.19745
92.2079,6.27563
92.2342,7.70884
92.2588,9.59043
92.2835,12.1956
92.3051,15.272
92.3267,19.3113
92.3506,25.1966
92.3761,33.4754
92.4015,44.2421
92.4298,59.5232
92.4631,82.4278
92.5063,119.527
92.6062,216.867
92.6506,248.109
92.6941,261.075
92.7,261.265
92.742,251.632
92.7839,225.001
92.853,159.935
92.9122,103.358
92.9499,73.8554
92.9801,54.9875
93.006,42.2256
93.0319,32.3279
93.0579,24.9002
93.0795,20.2845
93.1011,16.8418
93.127,13.9604
93.1512,12.2541
93.172,11.4131
93.1998,11.0791
93.2205,11.3952
93.2463,12.5233
93.2721,14.62
93.2928,17.1702
93.3161,21.2128
93.3393,26.8086
93.3626,34.3258
93.3861,44.2706
93.4123,58.5692
93.4411,78.6934
93.4745,108.144
93.5232,161.005
93.6037,255.417
93.6466,292.807
93.6887,310.218
93.6996,311.014
93.7398,300.414
93.7837,267.221
93.8533,188.153
93.9124,120.122
93.9501,84.5947
93.9807,61.6565
94.0066,46.3582
94.0324,34.4661
94.0557,26.2763
94.0793,19.9848
94.1002,15.751
94.1224,12.3565
94.146,9.71466
94.1695,7.80023
94.193,6.41143
94.2205,5.2548
94.2493,4.40295
94.2859,3.65285
94.3278,3.0669
94.3801,2.56043
94.4507,2.09133
94.5292,1.73042
94.6207,1.4334
94.7306,1.18367
94.8404,1.00642
94.9817,0.845263
95.1517,0.713941
95.3217,0.625968
95.5201,0.559456
95.7074,0.522661
95.957,0.505064
96.2022,0.521648
96.3656,0.554816
96.5699,0.630786
96.7257,0.727518
96.8636,0.858533
96.9785,1.01984
97.0858,1.23987
97.1777,1.51629
97.2543,1.85093
97.3156,2.23638
97.3667,2.70135
97.4101,3.28671
97.4407,3.88566
97.4714,4.74153
97.4982,5.81869
97.5224,7.18836
97.5448,8.92111
97.5671,11.2718
97.5895,14.4448
97.6118,18.6878
97.6348,24.4716
97.6578,32.0375
97.6833,42.9669
97.7089,56.9881
97.7395,78.3613
97.7763,110.741
97.8294,168.2
97.9019,250.256
97.9459,287.21
97.9877,304.133
97.9996,305.046
98.0398,295.045
98.0827,264.521
98.1471,195.224
98.2155,118.579
98.2544,83.0793
98.2847,60.9197
98.3116,45.4584
98.3371,33.9741
98.3601,25.9787
98.3831,19.8359
98.4041,15.535
98.4265,12.08
98.4488,9.51153
98.4712,7.61415
98.4941,6.1807
98.521,4.98206
98.5478,4.13442
98.5823,3.37729
98.6231,2.77325
98.6742,2.2663
98.7355,1.85247
98.8019,1.5365
98.8913,1.23689
98.9806,1.02551
99.0879,0.843769
99.213,0.694103
99.3509,0.577899
99.5195,0.478902
99.7161,0.400183
99.9204,0.344572
100.125,0.306278
100.431,0.269974
100.77,0.250093
101.006,0.245942
101.399,0.256332
101.727,0.284782
101.989,0.326954
102.205,0.382455
102.386,0.451809
102.556,0.548164
102.697,0.66401
102.817,0.805834
102.917,0.971543
103.008,1.17889
103.083,1.41775
103.158,1.75488
103.218,2.14711
103.267,2.61499
103.302,3.10021
103.333,3.6989
103.364,4.55881
103.39,5.61622
103.414,6.98977
103.436,8.67158
103.458,10.9269
103.48,13.9336
103.501,17.7764
103.524,23.0877
103.547,29.9636
103.572,39.805
103.598,53.0414
103.628,72.2405
103.662,99.4732
103.711,148.008
103.803,244.948
103.852,281.659
103.896,294.576
103.9,294.658
103.944,283.468
103.99,250.921
104.07,167.167
104.128,108.529
104.162,79.306
104.194,57.7928
104.221,43.2303
104.246,32.6471
104.271,24.477
104.294,18.8503
104.317,14.4508
104.339,11.3175
104.361,8.96227
104.383,7.20321
104.405,5.85995
104.431,4.72536
104.462,3.82078
104.492,3.19002
104.527,2.66317
104.567,2.25135
104.623,1.83978
104.691,1.49844
104.765,1.23369
104.853,1.00798
104.955,0.819602
105.078,0.661211
105.209,0.542652
105.359,0.445369
105.534,0.365307
105.725,0.304008
105.971,0.249416
106.22,0.211445
106.514,0.180558
106.882,0.155209
107.324,0.137028
107.756,0.127537
108.189,0.12397
108.627,0.126413
109.066,0.135444
109.468,0.151464
109.851,0.17745
110.125,0.206285
110.396,0.24865
110.621,0.300881
110.818,0.367063
110.976,0.442749
111.127,0.545557
111.256,0.670185
111.369,0.824237
111.472,1.02449
111.562,1.27645
111.631,1.55111
111.688,1.86293
111.739,2.26116
111.78,2.72622
111.812,3.24131
111.844,3.96784
111.872,4.86673
111.901,6.1285
111.926,7.73138
111.952,9.92339
111.978,12.8983
112.002,16.6021
112.029,21.9567
112.055,28.9377
112.082,37.7615
112.115,51.9829
112.154,73.1643
112.209,109.619
112.301,173.887
112.352,198.721
112.4,206.819
112.443,200.209
112.493,177.444
112.571,123.391
112.635,79.3063
112.677,55.666
112.708,41.7067
112.737,31.2881
112.763,23.9197
112.789,18.1973
112.816,13.7995
112.841,10.5954
112.867,8.22581
112.893,6.489
112.92,5.18691
112.948,4.19446
112.98,3.39603
113.012,2.8344
113.054,2.32473
113.103,1.92053
113.161,1.58211
113.228,1.30238
113.315,1.04865
113.417,0.842528
113.528,0.684087
113.657,0.554606
113.802,0.452269
113.96,0.373537
114.147,0.308033
114.372,0.253754
114.63,0.212007
114.952,0.178371
115.339,0.154384
115.751,0.14114
116.215,0.137121
116.655,0.142801
117.095,0.159625
117.389,0.179544
117.66,0.207589
117.886,0.241662
118.112,0.291115
118.298,0.350005
118.458,0.421139
118.612,0.518855
118.743,0.636965
118.862,0.792133
118.956,0.962493
119.035,1.16387
119.113,1.4381
119.176,1.76857
119.228,2.16688
119.27,2.64763
119.303,3.1927
119.331,3.85004
119.359,4.77061
119.385,5.9649
119.408,7.42315
119.431,9.3711
119.454,11.9559
119.48,15.6874
119.504,20.3358
119.53,27.0608
119.557,35.7404
119.587,48.5101
119.619,65.3143
119.661,92.869
119.734,151.042
119.808,208.729
119.861,234.368
119.9,240.577
119.947,231.65
119.996,205.624
120.076,142.685
120.142,90.5726
120.183,63.8175
120.217,46.607
120.246,34.7536
120.272,26.3035
120.299,19.7683
120.323,15.257
120.346,11.9716
120.369,9.38517
120.392,7.4343
120.415,5.97247
120.44,4.82673
120.468,3.88716
120.496,3.21636
120.528,2.67023
120.566,2.21713
120.608,1.86621
120.668,1.51912
120.739,1.23385
120.818,1.01376
120.911,0.826696
121.02,0.670916
121.15,0.540212
121.289,0.442591
121.448,0.362687
121.635,0.297134
121.837,0.247145
122.098,0.202872
122.374,0.171133
122.646,0.149568
123.009,0.130208
123.371,0.118359
123.9,0.108086
124.401,0.105182
124.885,0.107476
125.531,0.117592
126.001,0.131975
126.464,0.155052
126.85,0.18489
127.152,0.219205
127.423,0.263131
127.677,0.322864
127.879,0.391391
128.053,0.474329
128.207,0.578234
128.342,0.706701
128.452,0.851833
128.548,1.02869
128.628,1.23171
128.699,1.47885
128.756,1.75271
128.801,2.05648
128.846,2.49054
128.881,2.98453
128.913,3.62154
128.941,4.39906
128.969,5.47249
128.995,6.81186
129.021,8.61069
129.047,11.0089
129.072,14.1707
129.099,18.3955
129.127,24.2716
129.158,32.5468
129.193,44.7321
129.234,62.4173
129.288,91.471
129.384,147.919
129.436,170.629
129.486,181.301
129.5,181.872
129.545,176.203
129.596,157.415
129.675,113.662
129.75,70.9153
129.794,49.9895
129.831,36.3906
129.861,27.4885
129.89,20.9964
129.918,16.0517
129.946,12.3233
129.974,9.56847
130.002,7.56788
130.028,6.2373
130.056,5.21427
130.09,4.34455
130.124,3.78648
130.166,3.38501
130.207,3.17707
130.25,3.10757
130.301,3.19645
130.352,3.4993
130.394,3.99091
130.428,4.6259
130.462,5.58312
130.492,6.79789
130.521,8.49923
130.548,10.6173
130.576,13.4213
130.606,17.5942
130.635,22.6652
130.668,30.3
130.706,41.4614
130.754,59.0304
130.895,119.876
130.949,135.867
131.0,141.17
131.045,136.967
131.102,120.785
131.193,81.5332
131.259,53.3137
131.303,38.0555
131.338,28.3162
131.372,21.0179
131.403,15.8054
131.432,12.1295
131.46,9.34604
131.489,7.27102
131.519,5.70494
131.546,4.61931
131.578,3.71965
131.614,3.00954
131.648,2.53495
131.688,2.13367
131.738,1.78008
131.798,1.48287
131.868,1.23657
131.951,1.02463
132.061,0.829242
132.181,0.680216
132.32,0.557497
132.48,0.458763
132.675,0.374719
132.907,0.306987
133.146,0.258978
133.425,0.220398
133.76,0.189578
134.095,0.169788
134.598,0.15377
135.021,0.149719
135.472,0.154145
135.924,0.1691
136.225,0.187243
136.553,0.218759
136.835,0.261411
137.03,0.304583
137.217,0.363507
137.378,0.435237
137.526,0.528488
137.647,0.635846
137.757,0.773474
137.848,0.930346
137.923,1.10972
137.992,1.3363
138.051,1.61182
138.098,1.92874
138.139,2.32831
138.173,2.80627
138.206,3.47001
138.236,4.28796
138.265,5.42308
138.294,6.94513
138.321,8.88254
138.347,11.4538
138.374,14.8203
138.403,19.4625
138.433,25.8001
138.468,35.3197
138.506,48.4702
138.556,69.7712
138.685,134.085
138.738,153.714
138.791,162.168
138.8,162.353
138.852,155.99
138.909,136.816
139.059,62.8687
139.103,44.9015
139.14,32.9987
139.174,24.2515
139.202,18.5665
139.229,14.3707
139.256,11.1178
139.283,8.63639
139.31,6.76819
139.335,5.45051
139.364,4.31428
139.394,3.49537
139.427,2.8309
139.464,2.32376
139.504,1.94034
139.554,1.61056
139.605,1.37838
139.672,1.15609
139.756,0.960468
139.856,0.796977
139.967,0.671882
140.108,0.563686
140.249,0.491592
140.404,0.439302
140.636,0.396199
140.869,0.383215
141.104,0.396051
141.34,0.437838
141.497,0.487367
141.658,0.565047
141.792,0.661383
141.926,0.804173
142.032,0.970575
142.122,1.17798
142.191,1.40472
142.25,1.68357
142.297,2.00804
142.338,2.42096
142.372,2.91773
142.406,3.60906
142.435,4.46039
142.465,5.63837
142.493,7.21052
142.52,9.20046
142.547,11.825
142.574,15.2381
142.602,19.9112
142.633,26.2424
142.668,35.6743
142.706,48.5893
142.756,69.3101
142.885,130.95
142.938,149.575
142.991,157.578
143.0,157.754
143.052,151.737
143.109,133.56
143.213,83.8061
143.275,55.8832
143.317,40.4305
143.354,29.5526
143.386,22.3187
143.416,16.83
143.446,12.6863
143.473,9.88788
143.5,7.75921
143.525,6.2461
143.55,5.09702
143.581,4.08157
143.611,3.35533
143.646,2.76028
143.686,2.29849
143.732,1.95023
143.792,1.64701
143.867,1.40791
143.948,1.24739
144.054,1.12567
144.159,1.0741
144.195,1.06997
144.292,1.09137
144.414,1.19396
144.512,1.3597
144.585,1.56493
144.639,1.79352
144.686,2.09156
144.726,2.47395
144.759,2.94072
144.793,3.6197
144.82,4.38853
144.848,5.50319
144.876,7.05013
144.9,8.83382
144.924,11.1603
144.952,14.64
144.979,19.0845
145.009,25.5867
145.04,34.3306
145.077,47.3628
145.116,65.1003
145.168,94.1116
145.284,164.789
145.342,189.898
145.396,199.018
145.4,199.064
145.454,191.037
145.507,169.042
145.604,111.02
145.671,71.7864
145.714,51.1078
145.751,37.0972
145.783,27.5409
145.813,20.7118
145.839,15.9929
145.866,12.2445
145.892,9.39914
145.919,7.27002
145.945,5.72821
145.974,4.51233
146.002,3.63524
146.03,3.00059
146.063,2.47246
146.1,2.05994
146.14,1.74629
146.193,1.45793
146.26,1.21268
146.349,0.992444
146.445,0.826689
146.558,0.691134
146.705,0.570454
146.853,0.48933
147.03,0.424288
147.19,0.385419
147.432,0.351971
147.673,0.341229
147.904,0.35014
148.136,0.380354
148.35,0.43475
148.531,0.511621
148.682,0.611339
148.806,0.733558
148.907,0.876419
148.991,1.04451
149.065,1.2546
149.123,1.49466
149.17,1.76931
149.212,2.11289
149.25,2.57986
149.284,3.1646
149.313,3.8791
149.342,4.8621
149.37,6.12433
149.397,7.76035
149.424,9.91805
149.451,12.729
149.481,16.9556
149.514,22.7285
149.546,30.1162
149.585,41.4163
149.632,58.5304
149.712,94.3351
149.793,129.333
149.849,145.743
149.9,150.886
149.954,145.095
150.013,127.135
150.166,59.502
150.214,41.7898
150.252,30.6038
150.286,22.8539
150.316,17.3815
150.346,13.1422
150.373,10.2432
150.402,7.83286
150.432,6.04983
150.461,4.74498
150.49,3.79564
150.521,3.08827
150.556,2.5039
150.591,2.0942
150.631,1.76343
150.678,1.49238
150.745,1.22801
150.826,1.01475
150.926,0.834439
151.047,0.689995
151.188,0.579771
151.309,0.516699
151.49,0.457461
151.671,0.42812
151.802,0.421692
151.977,0.431147
152.152,0.463437
152.316,0.521114
152.461,0.603685
152.581,0.708008
152.685,0.838259
152.778,1.00805
152.855,1.21458
152.912,1.43253
152.963,1.71833
153.005,2.05036
153.041,2.46482
153.075,3.0265
153.105,3.71524
153.136,4.66601
153.166,5.9777
153.191,7.48333
153.218,9.5141
153.246,12.2412
153.277,16.2496
153.308,21.4502
153.343,29.1838
153.382,39.7865
153.429,55.8387
153.513,90.9085
153.594,123.714
153.649,138.473
153.7,143.219
153.752,138.121
153.81,122.119
153.908,81.719
153.979,52.657
154.025,37.643
154.063,27.5762
154.097,20.5241
154.128,15.5309
154.158,11.843
154.185,9.20446
154.213,7.18629
154.24,5.66112
154.268,4.51846
154.298,3.59859
154.328,2.93112
154.363,2.38527
154.4,1.96486
154.437,1.67826
154.485,1.40486
154.545,1.16705
154.616,0.971496
154.702,0.802067
154.805,0.657995
154.918,0.545203
155.063,0.444206
155.218,0.368824
155.404,0.305922
155.621,0.255989
155.889,0.215318
156.164,0.188651
156.509,0.169123
156.885,0.160018
156.986,0.159403
157.333,0.163159
157.68,0.177279
157.994,0.202411
158.239,0.234711
158.443,0.275063
158.637,0.331582
158.804,0.40305
158.947,0.491782
159.066,0.597069
159.168,0.723794
159.26,0.884848
159.328,1.05184
159.396,1.29071
159.447,1.5545
159.493,1.90359
159.529,2.29639
159.565,2.85645
159.596,3.53295
159.626,4.46818
159.656,5.7177
159.686,7.41608
159.716,9.69881
159.746,12.7404
159.777,16.9812
159.809,22.4586
159.844,30.0038
159.887,41.8727
159.938,59.7483
160.083,117.274
160.143,133.715
160.2,139.31
160.252,134.631
160.309,119.871
160.4,84.5876
160.476,54.1083
160.526,38.1338
160.565,27.7907
160.599,20.8762
160.633,15.4892
160.663,11.772
160.694,8.91154
160.721,6.98396
160.749,5.47627
160.779,4.28995
160.809,3.42273
160.838,2.78905
160.872,2.2676
160.912,1.84879
160.952,1.54437
161.004,1.27941
161.06,1.07512
161.136,0.879174
161.228,0.715244
161.341,0.575549
161.46,0.471292
161.586,0.391731
161.753,0.316845
161.943,0.257732
162.148,0.213631
162.352,0.182034
162.604,0.154122
162.893,0.131864
163.183,0.116407
163.573,0.102573
164.048,0.0929253
164.524,0.0888655
164.682,0.0885965
165.233,0.09174
165.601,0.0977749
166.06,0.111471
166.412,0.128959
166.725,0.152751
166.986,0.18215
167.205,0.217574
167.393,0.260296
167.57,0.317248
167.716,0.383193
167.855,0.471482
167.977,0.581453
168.081,0.715563
168.172,0.882031
168.245,1.07668
168.304,1.30662
168.346,1.53759
168.387,1.86375
168.424,2.27213
168.455,2.76003
168.486,3.43124
168.517,4.32795
168.547,5.55198
168.578,7.21005
168.606,9.28508
168.638,12.2595
168.669,16.1373
168.704,21.7023
168.74,29.0841
168.784,40.3583
168.839,57.8982
168.98,109.054
169.042,124.158
169.1,129.293
169.153,125.001
169.211,111.445
169.304,78.9516
169.386,49.3937
169.437,34.8
169.476,25.5835
169.511,19.2389
169.545,14.2928
169.576,10.8427
169.608,8.21864
169.635,6.44838
169.665,5.02595
169.695,3.94326
169.726,3.15085
169.756,2.57103
169.791,2.09328
169.832,1.70214
169.879,1.39604
169.931,1.16286
169.994,0.967878
170.072,0.79713
170.166,0.653032
170.275,0.534356
170.4,0.438537
170.546,0.360007
170.713,0.297569
170.88,0.253625
171.091,0.215064
171.322,0.186678
171.52,0.170242
171.784,0.156445
172.132,0.148966
172.215,0.148713
172.497,0.152193
172.85,0.167193
173.131,0.190573
173.343,0.218116
173.547,0.257097
173.721,0.305414
173.89,0.372991
174.033,0.455873
174.15,0.55185
174.251,0.669403
174.339,0.81085
174.415,0.985908
174.473,1.18057
174.519,1.40401
174.559,1.6779
174.595,2.02416
174.631,2.51923
174.661,3.11824
174.692,3.94726
174.721,5.02976
174.75,6.4942
174.779,8.45567
174.809,11.0482
174.84,14.7093
174.872,19.5898
174.907,26.4504
174.945,35.9158
174.988,49.598
175.05,73.4779
175.174,126.131
175.237,144.974
175.295,151.811
175.3,151.845
175.358,145.843
175.417,129.353
175.516,88.1667
175.589,57.73
175.636,41.511
175.679,29.7987
175.714,22.2265
175.746,16.7697
175.777,12.6296
175.806,9.66897
175.835,7.41013
175.864,5.71172
175.891,4.53147
175.922,3.53885
175.952,2.82095
175.983,2.30107
176.018,1.87645
176.055,1.55888
176.101,1.28692
176.153,1.07359
176.219,0.888985
176.305,0.721903
176.407,0.58445
176.526,0.471893
176.648,0.389757
176.791,0.320578
176.966,0.260552
177.17,0.211788
177.38,0.176491
177.624,0.147323
177.91,0.123621
178.244,0.104692
178.662,0.0893176
179.08,0.0798254
179.482,0.0744488
180.186,0.0714793
180.773,0.0742948
181.165,0.0793589
181.654,0.0908918
182.033,0.105745
182.371,0.125984
182.652,0.151056
182.888,0.181445
183.09,0.21828
183.281,0.26754
183.439,0.324841
183.585,0.39979
183.703,0.484552
183.804,0.58447
183.891,0.702471
183.975,0.864231
184.032,1.01779
184.079,1.19949
184.124,1.44352
184.164,1.75288
184.197,2.12998
184.23,2.63605
184.259,3.27398
184.289,4.14357
184.318,5.32429
184.348,6.91472
184.378,9.0902
184.406,11.7364
184.438,15.5916
184.469,20.552
184.507,28.0381
184.546,38.0855
184.596,54.3071
184.671,83.572
184.779,127.207
184.84,144.174
184.9,149.997
184.956,144.719
185.014,129.716
185.107,92.9675
185.194,57.5619
185.243,41.3173
185.282,30.6483
185.316,23.2814
185.348,17.6488
185.38,13.3318
185.411,10.0158
185.44,7.76185
185.469,5.96045
185.499,4.616
185.528,3.62208
185.558,2.8916
185.586,2.37735
185.619,1.92842
185.659,1.5638
185.698,1.31064
185.743,1.10625
185.797,0.934469
185.867,0.775414
185.951,0.640801
186.047,0.531181
186.165,0.434036
186.294,0.358086
186.451,0.292493
186.642,0.237399
186.845,0.197151
187.081,0.164796
187.303,0.14362
187.612,0.123702
187.921,0.111264
188.229,0.104059
188.613,0.100721
188.986,0.102737
189.359,0.110448
189.732,0.125593
190.058,0.148108
190.32,0.176165
190.535,0.209947
190.729,0.253619
190.905,0.310685
191.055,0.38091
191.188,0.469295
191.296,0.57054
191.392,0.6992
191.468,0.841131
191.53,1.00901
191.579,1.19207
191.622,1.42033
191.665,1.74809
191.703,2.16202
191.735,2.65702
191.767,3.3348
191.798,4.23228
191.83,5.44247
191.861,7.05826
191.894,9.32607
191.927,12.2138
191.963,16.3689
191.998,21.6741
192.039,29.1197
192.092,41.4285
192.176,65.5736
192.277,94.2697
192.34,106.477
192.4,110.606
192.454,107.158
192.515,96.2125
192.604,71.548
192.7,43.5962
192.751,31.1917
192.794,22.8599
192.833,16.931
192.87,12.5795
192.902,9.61336
192.934,7.33242
192.967,5.60932
192.996,4.41915
193.028,3.47289
193.059,2.77419
193.09,2.25925
193.128,1.81487
193.166,1.50117
193.203,1.27467
193.257,1.04693
193.322,0.861569
193.402,0.703306
193.499,0.571975
193.601,0.473362
193.727,0.386426
193.859,0.320436
194.035,0.258631
194.236,0.21012
194.451,0.17417
194.666,0.148631
194.953,0.12487
195.312,0.105615
195.67,0.0936053
196.129,0.0850858
196.646,0.0820882
197.045,0.0840406
197.544,0.0919063
197.943,0.104019
198.291,0.121557
198.584,0.144108
198.828,0.171603
199.054,0.208215
199.237,0.250379
199.39,0.298961
199.548,0.368472
199.75,0.488477
199.951,0.617465
200.0,0.643494
200.0,16.7976
239.106,14.9461
250.0,14.4304
298.883,12.7595
300.0,12.7213
350.0,11.4315
400.0,10.4105
478.212,9.2182
500.0,8.88604
597.765,7.83262
600.0,7.80854
700.0,6.99172
800.0,6.34878
956.424,5.60938
1000.0,5.40341
1195.53,4.77689
1250.0,4.60236
1494.41,4.04734
1500.0,4.03466
1750.0,3.6135
2000.0,3.28474
2391.06,2.91392
2500.0,2.81062
2988.82,2.48483
3000.0,2.47738
3500.0,2.23411
4000.0,2.04498
4782.12,1.84911
5000.0,1.79454
5977.65,1.62937
6000.0,1.6256
7000.0,1.50372
8000.0,1.41385
10000.0,1.28872
10000.0,0.822158
15000.0,0.595402
20000.0,0.481553
30000.0,0.40623
40000.0,0.357922
54888.2,0.310164
75000.0,0.266477
100000.0,0.229231
140000.0,0.190956
200000.0,0.157111
300000.0,0.129121
439106.0,0.114391
650000.0,0.0981781
900000.0,0.0854911
1000000.0,0.0818061
2000000.0,0.0657119
3125000.0,0.038031
3562500.0,0.0290049
4000000.0,0.0218921
4500000.0,0.015894
5000000.0,0.011576
5500000.0,0.00855373
6000000.0,0.00652982
6500000.0,0.00523501
7000000.0,0.00440631
7500000.0,0.00388121
8000000.0,0.0035491
9000000.0,0.0031717
1.2875E7,0.00215612
1.525E7,0.0016421
1.65E7,0.00146085
1.75E7,0.0013707
1.9E7,0.0013063
2.0E7,0.0012958
2.4E7,0.0013403
2.6E7,0.0013034
2.85E7,0.00118013
3.0E7,0.0010779
