92-U-239(n,&gamma;) ENDF/B-VII.1
1.0E-5,1102.8
1.31241E-5,962.641
1.70876E-5,843.641
2.2426E-5,736.424
2.91987E-5,645.392
3.83206E-5,563.364
4.98935E-5,493.728
6.54808E-5,430.981
8.52562E-5,377.718
1.11891E-4,329.717
1.45682E-4,288.964
1.91195E-4,252.253
2.48937E-4,221.082
3.26707E-4,192.987
4.25373E-4,169.144
5.58264E-4,147.658
7.26861E-4,129.429
9.53941E-4,112.998
0.00124203,99.0459
0.00163006,86.482
0.00212234,75.8206
0.00278538,66.2166
0.00362657,58.0759
0.00475955,50.8333
0.00619694,44.5997
0.00813293,38.9797
0.0105891,34.2723
0.0138972,29.9579
0.0180942,26.3303
0.0234661,23.263
0.0253,22.424
0.033204,19.6752
0.0432317,17.4248
0.0567377,15.3734
0.0810948,13.1321
0.105586,11.7751
0.138572,10.6298
0.198059,9.54039
0.257874,9.04461
0.31716,8.897
0.413494,9.19655
0.513141,10.1268
0.600244,11.5613
0.687346,13.8261
0.757029,16.6079
0.818,20.1891
0.870262,24.6277
0.909458,29.2561
0.948655,35.6058
0.982951,43.2854
1.01453,53.101
1.0412,64.5493
1.06679,79.6817
1.09074,99.591
1.11143,123.77
1.12858,151.366
1.14545,188.723
1.1607,235.627
1.17458,294.772
1.18764,371.699
1.19935,465.701
1.2116,598.633
1.2239,775.674
1.25569,1352.77
1.26484,1467.66
1.27477,1512.4
1.28574,1451.41
1.29728,1285.19
1.32548,762.573
1.33762,586.348
1.34987,452.019
1.3613,359.124
1.37274,289.735
1.38607,230.022
1.39941,186.248
1.41465,149.473
1.43208,119.052
1.4495,96.8767
1.47127,76.7745
1.49305,62.2721
1.51918,49.6628
1.54531,40.5019
1.57471,32.9361
1.609,26.514
1.64548,21.5511
1.68903,17.2824
1.73693,13.9386
1.7892,11.3313
1.84472,9.3378
1.91332,7.59818
1.983,6.34178
2.05921,5.36506
2.14632,4.58701
2.23342,4.05349
2.36407,3.5622
2.49473,3.33288
2.57481,3.29607
2.72214,3.42788
2.8531,3.79057
2.96223,4.34027
3.06154,5.14179
3.14557,6.17581
3.21651,7.45219
3.27762,9.03957
3.33437,11.1546
3.38021,13.5755
3.4195,16.442
3.4566,20.1785
3.49152,25.1128
3.52263,31.3485
3.54936,38.9063
3.57337,48.4236
3.5952,60.6096
3.61293,74.3595
3.63012,92.7645
3.64567,115.959
3.65904,143.288
3.672,179.119
3.68551,229.831
3.69901,297.944
3.71402,396.289
3.7493,669.782
3.76217,738.149
3.77492,762.269
3.78749,737.525
3.80321,649.256
3.83966,366.795
3.85466,274.607
3.86858,210.108
3.88167,165.206
3.89504,131.459
3.90841,106.565
3.92369,85.6671
3.94088,68.6663
3.96052,54.7629
3.98099,44.3509
4.00499,35.5484
4.0301,28.9086
4.06065,23.1003
4.09394,18.6015
4.13213,14.9233
4.17251,12.1422
4.21835,9.87439
4.26419,8.22568
4.31602,6.85433
4.37823,5.66938
4.45735,4.62276
4.5392,3.88031
4.62105,3.36474
4.71381,2.96367
4.84477,2.62055
4.98062,2.45832
5.05098,2.43711
5.18215,2.50755
5.31332,2.738
5.4117,3.05028
5.51008,3.53812
5.59752,4.19696
5.67404,5.04421
5.73963,6.09523
5.79647,7.39386
5.85003,9.13905
5.89485,11.2159
5.9331,13.6884
5.96917,16.9411
5.99978,20.7964
6.02602,25.3458
6.05143,31.4524
6.07247,38.4603
6.09324,48.0894
6.11046,59.2192
6.12658,73.5967
6.14188,92.4903
6.15609,116.58
6.17085,150.675
6.18561,196.386
6.202,262.162
6.24551,471.142
6.26212,522.97
6.2748,535.947
6.29011,517.159
6.30847,452.628
6.35012,251.482
6.36651,187.966
6.38127,144.159
6.39603,111.578
6.40942,89.7063
6.4239,72.1544
6.4392,58.5281
6.4556,47.7935
6.47473,38.6587
6.49714,30.9889
6.52009,25.3248
6.54633,20.6086
6.57584,16.7636
6.61027,13.5375
6.64689,11.0665
6.69061,8.9484
6.73543,7.3883
6.78899,6.04622
6.84638,5.01959
6.91524,4.14886
6.99559,3.44386
7.09506,2.86299
7.20983,2.44225
7.32461,2.19189
7.43697,2.06208
7.54933,2.02342
7.66425,2.07274
7.77918,2.22037
7.88863,2.47884
7.98713,2.85257
8.06922,3.3182
8.13708,3.86205
8.21151,4.71397
8.27499,5.78106
8.32862,7.07685
8.37459,8.64461
8.41728,10.6987
8.45559,13.322
8.48897,16.5752
8.51579,20.2247
8.54178,25.1582
8.56285,30.7284
8.58392,38.5199
8.60171,47.775
8.61895,60.3294
8.634,75.4913
8.64932,96.519
8.66519,126.03
8.68161,166.39
8.7024,231.717
8.74082,364.911
8.75768,404.97
8.77475,419.839
8.79008,407.914
8.80846,365.833
8.86002,190.046
8.87807,140.639
8.89422,106.921
8.90954,83.0569
8.92404,66.3057
8.93937,53.2258
8.95579,42.9819
8.97494,34.3854
8.99409,28.1841
9.01708,22.7896
9.04335,18.3839
9.07126,15.0162
9.10574,12.0406
9.14185,9.81898
9.18564,7.90117
9.23598,6.35823
9.28962,5.20357
9.34708,4.32245
9.41603,3.57607
9.49648,2.97336
9.58514,2.52186
9.69459,2.15982
9.82593,1.90682
9.95293,1.79027
10.0361,1.76832
10.1556,1.80834
10.275,1.94011
10.3875,2.17308
10.4862,2.50305
10.5683,2.91434
10.6363,3.39527
10.7108,4.15075
10.7667,4.96458
10.8193,6.03687
10.8653,7.35354
10.9047,8.91933
10.9431,11.0475
10.9771,13.7235
11.0034,16.6024
11.0296,20.5963
11.0507,25.0524
11.0718,31.2636
11.0902,38.8658
11.1074,48.8296
11.1239,61.9739
11.1392,78.6206
11.1557,102.439
11.1737,136.959
11.1951,188.712
11.2361,298.325
11.2576,337.211
11.2747,347.696
11.29,339.342
11.3084,309.354
11.3392,230.366
11.3682,154.143
11.3866,115.397
11.4039,87.2735
11.4197,67.8483
11.4351,53.8727
11.4504,43.4867
11.4669,35.2672
11.486,28.323
11.5074,22.812
11.5304,18.5657
11.5567,15.0777
11.5863,12.2615
11.6208,9.91377
11.6586,8.07769
11.7024,6.55864
11.7518,5.34717
11.8054,4.40924
11.8706,3.6091
11.9397,3.01804
12.0202,2.53669
12.1079,2.17827
12.1955,1.93429
12.327,1.7108
12.4587,1.60715
12.5465,1.59149
12.6946,1.65833
12.7933,1.77645
12.9167,2.03686
13.0099,2.35574
13.0922,2.77347
13.1695,3.34798
13.231,4.0043
13.2924,4.94713
13.3406,6.00611
13.3867,7.43673
13.4262,9.18303
13.4607,11.345
13.4893,13.8395
13.5161,17.1284
13.5392,21.0983
13.5589,25.828
13.577,31.7989
13.5951,40.0795
13.6124,51.0582
13.6297,66.1314
13.6461,85.3163
13.6653,114.599
13.6883,159.285
13.7329,255.071
13.7553,288.055
13.7747,297.998
13.7917,290.282
13.8132,260.988
13.8534,175.777
13.8803,121.356
13.8992,90.9723
13.9165,69.5805
13.9316,55.3341
13.9489,43.1332
13.9667,34.0385
13.9848,27.3876
14.0059,21.8556
14.0273,17.8605
14.0542,14.2929
14.0843,11.4901
14.1172,9.32648
14.1556,7.53518
14.2006,6.06205
14.2467,4.99282
14.2977,4.13998
14.3602,3.39902
14.4331,2.80159
14.5154,2.34052
14.6141,1.97296
14.6964,1.76781
14.8272,1.5662
14.9581,1.47303
15.0454,1.45925
15.1771,1.50871
15.3089,1.65464
15.4296,1.90615
15.5284,2.24173
15.6108,2.66359
15.6865,3.23494
15.748,3.90796
15.8007,4.72362
15.8468,5.72014
15.8863,6.89949
15.9259,8.55023
15.9605,10.6131
15.989,13.0217
16.0159,16.2439
16.039,20.1932
16.0587,24.954
16.0768,30.9951
16.0949,39.3443
16.1122,50.2687
16.1295,64.9358
16.1479,85.4736
16.1685,114.948
16.208,185.343
16.2328,227.642
16.2552,253.685
16.2747,261.454
16.2974,250.86
16.3233,216.997
16.3804,115.841
16.4013,85.887
16.4205,64.4705
16.4367,50.7142
16.454,39.6461
16.4699,32.0592
16.488,25.6809
16.5061,21.0232
16.5275,17.0301
16.5506,13.9412
16.5791,11.2202
16.6121,9.02175
16.6505,7.23246
16.6944,5.81042
16.7405,4.75929
16.7877,3.98163
16.8503,3.24821
16.9233,2.66215
16.9996,2.24075
17.0984,1.87485
17.1972,1.63859
17.3199,1.46134
17.4426,1.37396
17.5244,1.35577
17.6637,1.39426
17.803,1.53114
17.8958,1.69563
17.9947,1.9661
18.0771,2.30453
18.1596,2.80587
18.2211,3.3502
18.2826,4.13211
18.3332,5.05903
18.3793,6.27067
18.4156,7.61434
18.4502,9.41587
18.4799,11.6104
18.504,14.1134
18.5271,17.453
18.5463,21.3206
18.5645,26.3022
18.5826,33.118
18.5996,41.7866
18.6169,53.496
18.6362,70.6642
18.6573,95.1246
18.6881,139.761
18.7279,199.811
18.7503,223.661
18.7744,233.337
18.7746,233.337
18.7973,224.809
18.8232,197.205
18.887,101.716
18.909,75.0547
18.9268,58.0135
18.9441,45.2218
18.9614,35.5446
18.979,28.2401
18.9971,22.7067
19.0161,18.4795
19.0392,14.797
19.0622,12.1722
19.0903,9.88621
19.1232,7.98842
19.1617,6.43694
19.2012,5.30308
19.2474,4.35287
19.2985,3.60077
19.3611,2.95117
19.4342,2.42991
19.5166,2.02958
19.6155,1.71151
19.6979,1.53453
19.8203,1.36968
19.9427,1.28863
20.0243,1.272
20.1633,1.30862
20.3023,1.43741
20.3949,1.59194
20.4939,1.84683
20.5764,2.16615
20.6589,2.64019
20.7204,3.15615
20.7732,3.7747
20.826,4.64992
20.8722,5.75334
20.9101,7.04306
20.9448,8.71429
20.9745,10.7607
20.9998,13.2337
21.0229,16.4292
21.0421,20.1358
21.0611,25.1481
21.0792,31.6985
21.0968,40.2308
21.1141,51.2596
21.1339,67.6191
21.157,92.0615
21.2021,151.311
21.2325,188.233
21.2597,208.04
21.2744,210.975
21.2971,203.943
21.3231,180.951
21.3935,90.2034
21.4166,66.1922
21.4366,49.9842
21.454,39.249
21.4729,30.3961
21.4911,24.1672
21.5092,19.573
21.5276,16.1205
21.5507,12.9839
21.5738,10.7336
21.6013,8.79584
21.6343,7.14205
21.6684,5.9163
21.708,4.88265
21.7542,4.01595
21.8092,3.28609
21.8718,2.70537
21.9345,2.29411
22.017,1.91551
22.116,1.61521
22.1985,1.44836
22.3206,1.29357
22.4427,1.21763
22.5242,1.20223
22.6629,1.23722
22.8017,1.35926
22.8942,1.50552
22.9932,1.74749
23.0758,2.05098
23.1583,2.50249
23.2199,2.99516
23.2728,3.58744
23.3256,4.42883
23.3718,5.4958
23.4098,6.7529
23.4444,8.39966
23.4692,10.0473
23.4956,12.5031
23.5187,15.577
23.538,19.1405
23.5578,24.1796
23.576,30.4726
23.5941,38.855
23.6139,50.9361
23.6357,68.2245
23.6607,93.3418
23.7227,164.497
23.7499,185.999
23.7743,192.724
23.7971,186.814
23.823,167.33
23.8736,109.7
23.905,75.7465
23.9268,56.8793
23.9466,43.4182
23.9639,34.3206
23.9821,27.0485
24.0002,21.6156
24.02,17.2648
24.0393,14.1734
24.0624,11.4835
24.0905,9.1951
24.118,7.6082
24.151,6.23661
24.1884,5.1242
24.2346,4.15242
24.2886,3.36528
24.3513,2.73581
24.4245,2.2369
24.501,1.88076
24.5835,1.61547
24.666,1.43203
24.7803,1.26846
24.9022,1.17437
25.0241,1.14313
25.1626,1.1767
25.3011,1.29297
25.3934,1.43219
25.4926,1.66321
25.5752,1.95334
25.6412,2.28419
25.7106,2.78086
25.7723,3.4297
25.8186,4.12409
25.8648,5.10846
25.9045,6.32935
25.9342,7.61988
25.9639,9.43685
25.9876,11.4813
26.0107,14.2803
26.03,17.509
26.0485,21.6798
26.0666,27.1756
26.0848,34.4431
26.1038,44.362
26.1261,59.4886
26.1528,82.643
26.2225,153.273
26.2498,171.777
26.2742,177.525
26.297,172.479
26.323,155.731
26.367,112.017
26.405,74.0271
26.4292,54.5044
26.4491,41.9285
26.467,33.0538
26.4851,26.1153
26.5033,20.8733
26.524,16.4916
26.5432,13.51
26.5664,10.9137
26.5906,8.96807
26.6181,7.37821
26.6512,6.0199
26.6886,4.92933
26.7349,3.98397
26.7888,3.22261
26.8411,2.70203
26.9039,2.25534
26.9849,1.85924
27.0675,1.58561
27.1666,1.36695
27.2807,1.21121
27.4023,1.12179
27.524,1.09227
27.6622,1.12456
27.8005,1.23583
27.8926,1.36897
27.9918,1.59057
28.0745,1.86925
28.1406,2.18765
28.21,2.66679
28.2629,3.18919
28.3114,3.85903
28.3577,4.77154
28.3974,5.90384
28.4288,7.18121
28.4586,8.90607
28.4834,10.9592
28.5065,13.6666
28.5258,16.7811
28.5451,20.9877
28.5633,26.2788
28.5814,33.1977
28.601,42.8254
28.6233,56.921
28.6525,80.3055
28.7174,139.802
28.7408,155.562
28.7681,164.363
28.774,164.654
28.7968,160.291
28.8228,145.722
28.8614,112.273
28.9049,72.3326
28.9316,52.3071
28.9539,39.2539
28.9729,30.663
28.9911,24.3293
29.0093,19.5033
29.0278,15.8119
29.0471,12.9328
29.0702,10.4207
29.0961,8.43348
29.1237,6.93441
29.1567,5.65762
29.1953,4.61021
29.2416,3.7333
29.289,3.09984
29.3413,2.59581
29.4041,2.16454
29.4851,1.78307
29.5678,1.52009
29.667,1.31025
29.781,1.16124
29.9024,1.07585
30.0238,1.04778
30.1618,1.07894
30.2998,1.18584
30.4084,1.34299
30.5077,1.57292
30.5904,1.86347
30.6654,2.25248
30.7271,2.71846
30.78,3.28742
30.8242,3.95166
30.8639,4.78435
30.8969,5.74786
30.9284,7.0289
30.9532,8.43824
30.978,10.3973
30.9984,12.6213
31.0177,15.455
31.037,19.2582
31.0568,24.5079
31.0781,32.0391
31.1007,42.6984
31.1255,57.8758
31.16,84.4567
31.2172,131.752
31.2406,145.64
31.2679,153.349
31.2738,153.604
31.3023,147.678
31.3337,129.425
31.4125,64.829
31.439,47.2851
31.4613,35.6957
31.482,27.4507
31.5032,21.1048
31.5239,16.5655
31.5432,13.4381
31.5663,10.7094
31.5906,8.68189
31.6182,7.05349
31.6513,5.69327
31.6888,4.62519
31.7285,3.82575
31.7786,3.11257
31.831,2.58867
31.8939,2.14491
31.9689,1.77985
32.0516,1.50579
32.1343,1.31801
32.2408,1.15936
32.362,1.05589
32.4832,1.01184
32.5236,1.00849
32.6614,1.03864
32.7992,1.14167
32.9077,1.29315
33.007,1.51538
33.0897,1.79663
33.1648,2.17407
33.2266,2.62748
33.2795,3.18314
33.3237,3.83513
33.3634,4.6583
33.3965,5.61966
33.428,6.91162
33.4528,8.34657
33.4776,10.3537
33.498,12.6361
33.5173,15.5361
33.5366,19.4019
33.5565,24.6816
33.5778,32.1483
33.6004,42.5333
33.6277,58.6515
33.6702,90.0043
33.7121,121.483
33.7404,136.968
33.7705,143.946
33.7736,144.007
33.8022,138.774
33.8335,122.552
33.9163,60.9416
33.9438,44.227
33.9667,33.3655
33.988,25.614
34.0092,19.7788
34.0277,15.962
34.047,12.9468
34.0702,10.303
34.0906,8.605
34.1182,6.94493
34.1458,5.76637
34.1822,4.66694
34.2219,3.83006
34.2683,3.14188
34.3207,2.59365
34.3836,2.13448
34.4525,1.78549
34.5353,1.49839
34.6346,1.27164
34.7412,1.11856
34.8621,1.01897
34.9831,0.976652
35.0234,0.973465
35.161,1.0027
35.2986,1.10228
35.4069,1.24872
35.5063,1.46411
35.5891,1.73717
35.6642,2.10446
35.726,2.547
35.779,3.09147
35.8232,3.73386
35.8629,4.55123
35.8961,5.5152
35.9275,6.82435
35.9524,8.29046
35.9772,10.3498
35.9977,12.6905
36.017,15.6515
36.0363,19.5676
36.0562,24.8574
36.0774,32.2346
36.1026,43.5835
36.1324,60.8364
36.2119,115.443
36.2401,129.316
36.2703,135.534
36.2734,135.588
36.3002,131.478
36.3289,118.931
36.3786,85.6908
36.4219,56.2449
36.4493,41.1951
36.4725,31.149
36.4923,24.4366
36.5122,19.2471
36.5315,15.4049
36.5508,12.4981
36.574,9.93605
36.5961,8.17164
36.6237,6.5932
36.6513,5.47324
36.6822,4.56503
36.722,3.7331
36.7684,3.05454
36.8208,2.51705
36.8838,2.06866
36.9528,1.72885
37.0356,1.44995
37.1349,1.23007
37.2415,1.08196
37.3622,0.985816
37.483,0.945028
37.5232,0.941985
37.6606,0.970383
37.798,1.06688
37.9062,1.2088
38.0057,1.41808
38.0885,1.68385
38.1636,2.0422
38.2255,2.47531
38.2785,3.01042
38.3227,3.64556
38.3625,4.46054
38.3957,5.43142
38.4222,6.51716
38.447,7.92291
38.4719,9.89397
38.4934,12.2661
38.5128,15.1193
38.5321,18.8675
38.5528,24.1296
38.5741,31.144
38.5998,42.0854
38.6296,58.2064
38.7116,110.003
38.7399,122.511
38.7701,128.09
38.7732,128.139
38.8018,123.962
38.8332,110.878
38.8928,73.3612
38.9312,50.095
38.9586,36.7682
38.9818,27.912
39.003,21.6369
39.0237,16.9743
39.0431,13.6718
39.0624,11.1633
39.0851,8.98471
39.1072,7.43119
39.1348,6.03178
39.1624,5.03206
39.1955,4.16736
39.2353,3.43073
39.2789,2.85553
39.3314,2.3633
39.3944,1.95088
39.4695,1.61448
39.5524,1.36362
39.6353,1.19255
39.7417,1.04888
39.8623,0.955831
39.9829,0.916413
40.023,0.913497
40.1603,0.941137
40.2975,1.03484
40.4055,1.17268
40.505,1.37648
40.5879,1.63574
40.6631,1.98617
40.725,2.41108
40.7781,2.93845
40.8223,3.56851
40.8621,4.38423
40.8952,5.36592
40.9218,6.47293
40.9466,7.91365
40.9715,9.93634
40.9931,12.3633
41.0124,15.2647
41.0318,19.0442
41.0525,24.2925
41.0768,32.322
41.1044,44.1525
41.1395,63.0462
41.2059,102.286
41.2397,116.418
41.2699,121.455
41.273,121.498
41.3016,117.73
41.333,105.875
41.3861,75.4258
41.4311,49.4728
41.4609,35.65
41.4847,27.0449
41.506,21.0508
41.5275,16.402
41.5469,13.231
41.5701,10.3978
41.5933,8.35371
41.6182,6.77953
41.6458,5.53539
41.6757,4.58011
41.7088,3.81841
41.7486,3.16388
41.8,2.57331
41.8526,2.15127
41.9156,1.79335
41.9863,1.5128
42.0692,1.28658
42.1687,1.10746
42.2821,0.982019
42.4025,0.910689
42.5228,0.887615
42.6598,0.914555
42.7968,1.0057
42.9048,1.13983
43.0043,1.33867
43.0872,1.59208
43.1625,1.93546
43.2244,2.35325
43.2775,2.87434
43.3217,3.5013
43.3549,4.16098
43.3881,5.08646
43.4163,6.20619
43.4412,7.58957
43.4661,9.52598
43.4887,11.977
43.512,15.4202
43.5352,20.098
43.5582,26.2241
43.5825,34.6087
43.6115,47.2764
43.6585,72.5912
43.7111,100.593
43.7394,110.928
43.7727,115.539
43.8013,112.121
43.8383,98.8168
43.9334,47.6185
43.9632,34.5845
43.9876,26.2184
44.0119,19.7825
44.0351,15.1875
44.0584,11.8047
44.0821,9.29568
44.107,7.41845
44.1347,5.95038
44.1623,4.91345
44.1955,4.03132
44.2353,3.29406
44.279,2.72784
44.3316,2.24912
44.3946,1.85147
44.4698,1.52915
44.5528,1.28992
44.6357,1.12731
44.7421,0.991288
44.8623,0.903574
44.9825,0.866506
45.0226,0.863803
45.1594,0.890106
45.2963,0.978936
45.4041,1.10972
45.5037,1.30406
45.5867,1.55219
45.6619,1.8893
45.7239,2.30094
45.777,2.81706
45.8213,3.44279
45.8545,4.10695
45.8877,5.0469
45.9159,6.19202
45.9408,7.61107
45.9657,9.59553
45.9884,12.0956
46.0116,15.5802
46.0349,20.265
46.0578,26.3264
46.0852,35.6693
46.1187,50.2197
46.2053,94.1466
46.2392,105.952
46.2725,110.159
46.3011,107.042
46.3326,97.1627
46.3824,72.969
46.4358,45.8817
46.4662,33.3658
46.4905,25.4293
46.5118,19.9513
46.5351,15.3476
46.5583,11.9232
46.5821,9.36343
46.607,7.43948
46.6347,5.93395
46.6623,4.87432
46.6955,3.97915
46.7354,3.23794
46.7791,2.67374
46.8317,2.19997
46.8947,1.80832
46.97,1.49193
47.053,1.25769
47.136,1.09874
47.2424,0.966039
47.3624,0.880659
47.4823,0.844615
47.5223,0.842003
47.659,0.867712
47.7956,0.954398
47.9033,1.08208
48.003,1.27232
48.086,1.51567
48.1525,1.80062
48.2145,2.18523
48.2676,2.66592
48.3141,3.28208
48.3473,3.91009
48.3805,4.79817
48.4104,5.95406
48.4354,7.3172
48.4603,9.21646
48.4841,11.7331
48.5073,15.0806
48.5306,19.5503
48.5544,25.5293
48.5818,34.3916
48.6158,48.3365
48.705,90.5642
48.7388,101.423
48.7722,105.277
48.7991,102.761
48.8279,94.9432
48.8744,74.7325
48.9336,46.1785
48.9652,33.5717
48.9917,25.1354
49.0155,19.2533
49.0388,14.8592
49.062,11.5685
49.0847,9.19198
49.1096,7.29438
49.1346,5.93132
49.1622,4.84693
49.1955,3.93624
49.2287,3.29454
49.2685,2.74297
49.3211,2.236
49.3737,1.88159
49.4368,1.5797
49.5199,1.30904
49.6029,1.12764
49.7026,0.984044
49.8224,0.881199
49.9422,0.831337
50.022,0.821807
50.1585,0.846968
50.295,0.931689
50.4026,1.05653
50.5023,1.24303
50.5854,1.48204
50.6518,1.76262
50.7139,2.1427
50.7671,2.62042
50.8069,3.13354
50.8402,3.72806
50.8734,4.56793
50.9,5.5166
50.9249,6.74458
50.9498,8.44654
50.9723,10.5411
50.9953,13.4264
51.0185,17.3191
51.0418,22.4038
51.0692,30.1563
51.1005,41.4286
51.1537,65.0541
51.2046,87.2558
51.2385,97.2798
51.2719,100.826
51.3006,98.2014
51.332,89.8297
51.3785,70.4995
51.4378,43.7386
51.4719,31.1241
51.4993,23.1674
51.5231,17.8097
51.5464,13.8005
51.5696,10.7888
51.5929,8.55964
51.6178,6.82111
51.6455,5.45013
51.6754,4.41607
51.7087,3.61567
51.7485,2.9518
51.7895,2.47322
51.8422,2.03983
51.9053,1.68172
51.9701,1.42615
52.0532,1.20053
52.1363,1.04796
52.2426,0.92108
52.3622,0.839778
52.4819,0.805522
52.5217,0.803066
52.6581,0.827716
52.7944,0.910619
52.9019,1.03285
53.0016,1.2159
53.0847,1.45096
53.1512,1.72764
53.2133,2.10387
53.2665,2.57961
53.3064,3.0946
53.3396,3.69608
53.3729,4.55207
53.3995,5.52345
53.4244,6.78229
53.4494,8.5233
53.4718,10.6554
53.4948,13.5714
53.5181,17.4701
53.5444,23.264
53.5718,31.0648
53.6051,42.938
53.6987,82.225
53.7382,93.4747
53.7716,96.7495
53.8003,94.3268
53.8317,86.5791
53.8783,68.5579
53.9426,41.2778
53.9747,30.0907
54.0022,22.5111
54.0268,17.2149
54.0501,13.3798
54.0734,10.4818
54.0983,8.19437
54.1232,6.54068
54.151,5.23162
54.182,4.21133
54.2152,3.45348
54.2551,2.82417
54.3,2.33442
54.3527,1.93404
54.4158,1.60165
54.4868,1.345
54.5699,1.14032
54.6697,0.979617
54.7825,0.868502
54.902,0.805732
55.0214,0.785613
55.1576,0.809788
55.2937,0.891006
55.4011,1.01081
55.5009,1.1907
55.5841,1.42217
55.6506,1.69535
55.7127,2.06836
55.7571,2.45
55.7992,2.96142
55.8325,3.53183
55.8658,4.34229
55.8957,5.39681
55.919,6.53761
55.9439,8.20514
55.9689,10.502
55.9905,13.1603
56.0138,16.8906
56.0371,21.6879
56.0653,29.1243
56.0997,40.5667
56.1984,79.5101
56.2379,89.9679
56.2713,93.002
56.3,90.7583
56.3315,83.5654
56.3781,66.7209
56.4474,39.015
56.4806,28.2224
56.5081,21.1831
56.5344,15.9674
56.5577,12.4561
56.5815,9.7417
56.6065,7.64979
56.6287,6.27697
56.6564,5.02657
56.6819,4.19867
56.7151,3.42656
56.7551,2.79026
56.8,2.29932
56.8526,1.90087
56.9159,1.5718
56.9868,1.3186
57.07,1.11716
57.1698,0.959292
57.2826,0.850405
57.4019,0.788969
57.5212,0.769305
57.6571,0.793035
57.7931,0.872685
57.9004,0.990247
58.0003,1.16721
58.0835,1.39539
58.15,1.66547
58.2122,2.03585
58.2565,2.41711
58.2987,2.93192
58.332,3.51059
58.3653,4.33796
58.3919,5.27748
58.4185,6.58631
58.4435,8.28865
58.4684,10.62
58.4939,13.855
58.5172,17.7433
58.5436,23.4034
58.5741,31.777
58.6143,45.5817
58.687,73.2973
58.7287,85.0762
58.7651,89.454
58.771,89.544
58.7997,87.4596
58.8312,80.7623
58.8778,64.98
58.9471,38.6309
58.9804,28.1788
59.0079,21.2772
59.0342,16.1068
59.0575,12.5914
59.0814,9.85114
59.1063,7.72415
59.1285,6.32147
59.1563,5.04077
59.1818,4.19313
59.2151,3.40538
59.2483,2.85162
59.2894,2.36734
59.3421,1.93849
59.4053,1.59024
59.4702,1.34447
59.5534,1.12914
59.6366,0.984326
59.7429,0.864604
59.862,0.788342
59.9812,0.756289
60.0209,0.75402
60.1567,0.777335
60.2925,0.855523
60.3997,0.970994
60.4996,1.14526
60.5829,1.37044
60.6494,1.63777
60.7027,1.9437
60.7471,2.30046
60.7915,2.81109
60.8248,3.36054
60.8581,4.14446
60.8881,5.16459
60.9131,6.35558
60.938,7.98557
60.963,10.2082
60.9858,12.8996
61.0091,16.4677
61.0363,21.8477
61.0676,29.8383
61.109,43.1353
61.1866,71.1541
61.2284,82.1779
61.2648,86.2593
61.2707,86.3432
61.2994,84.4014
61.3309,78.1486
61.3776,63.3284
61.4519,36.5985
61.4863,26.4865
61.5146,19.883
61.5418,14.9677
61.5651,11.7401
61.5895,9.169
61.6145,7.22029
61.6395,5.79356
61.665,4.72934
61.695,3.83553
61.7283,3.1415
61.7682,2.56749
61.8104,2.14673
61.8631,1.77887
61.9264,1.47526
62.0035,1.22522
62.0868,1.04466
62.17,0.922452
62.2826,0.817577
62.4016,0.758548
62.5205,0.739703
62.6562,0.762624
62.7918,0.839433
62.8989,0.95294
62.9989,1.1247
63.0821,1.34714
63.1488,1.61204
63.2021,1.91654
63.2465,2.27375
63.2909,2.78899
63.3242,3.34753
63.3575,4.14855
63.3842,5.05733
63.4075,6.13632
63.4325,7.69747
63.4575,9.81747
63.4813,12.5168
63.5047,15.9343
63.5319,21.0638
63.5641,28.8766
63.6035,40.8732
63.6862,69.1369
63.728,79.4781
63.7672,83.3503
63.7703,83.3716
63.8092,80.0709
63.8528,69.6495
63.9566,34.7156
63.9921,24.9267
64.0221,18.4458
64.0493,13.9283
64.0754,10.656
64.1004,8.31925
64.1254,6.59124
64.1504,5.32232
64.1748,4.40718
64.2014,3.67085
64.2348,3.0123
64.2681,2.54393
64.3103,2.12057
64.363,1.75312
64.4263,1.45159
64.5035,1.20422
64.5868,1.02605
64.67,0.905661
64.7825,0.802584
64.9013,0.744635
65.0201,0.726156
65.1556,0.748709
65.2911,0.824236
65.3981,0.93592
65.4981,1.10536
65.5814,1.3253
65.6481,1.58808
65.7014,1.89157
65.7458,2.24984
65.7814,2.64874
65.8169,3.20901
65.8503,3.9683
65.8803,4.95506
65.9069,6.19128
65.9319,7.78107
65.9569,9.9275
65.9808,12.641
66.008,16.6993
66.0352,21.9481
66.0697,30.4112
66.118,45.2466
66.1858,67.2347
66.2275,76.9565
66.2668,80.5847
66.2699,80.6046
66.3089,77.5128
66.3524,67.7182
66.4613,32.9671
66.4979,23.486
66.5257,17.8246
66.5529,13.5043
66.5779,10.4761
66.6029,8.19061
66.6279,6.49212
66.6557,5.12296
66.6846,4.1139
66.7146,3.37246
66.7479,2.78993
66.789,2.29102
66.8312,1.93267
66.884,1.61596
66.9534,1.33125
67.0367,1.10546
67.1201,0.955449
67.2034,0.853797
67.322,0.764526
67.4407,0.721423
67.5198,0.713299
67.6552,0.735508
67.7905,0.809841
67.8974,0.919833
67.9975,1.08712
68.0808,1.30478
68.1475,1.56574
68.2009,1.86864
68.2453,2.22855
68.2809,2.63203
68.3164,3.2023
68.3498,3.97846
68.3765,4.85722
68.4015,5.98175
68.4265,7.50416
68.4515,9.55192
68.4765,12.2685
68.5037,16.1564
68.5309,21.1649
68.5662,29.4318
68.6126,42.9582
68.6854,65.4375
68.7272,74.5955
68.7665,78.0026
68.7696,78.0214
68.8055,75.5559
68.8477,67.062
68.9216,44.5758
68.97,30.2934
69.0033,22.2711
69.0333,16.5743
69.0605,12.5926
69.0861,9.74714
69.1111,7.65038
69.1361,6.08867
69.1611,4.93378
69.1878,4.03099
69.2145,3.37052
69.2478,2.77666
69.2889,2.27112
69.3312,1.91066
69.3839,1.5942
69.4534,1.31127
69.5368,1.08774
69.6201,0.93959
69.7035,0.839344
69.8237,0.750612
69.944,0.708491
70.0242,0.701213
70.1576,0.724098
70.291,0.797201
70.3967,0.904657
70.4967,1.06994
70.5801,1.28552
70.6468,1.54494
70.7002,1.84765
70.7447,2.20976
70.7803,2.61849
70.8158,3.19952
70.8459,3.89942
70.8726,4.76337
70.8959,5.7818
70.9209,7.24017
70.9459,9.1948
70.971,11.7789
70.9993,15.6379
71.0304,21.1965
71.0658,29.2733
71.1172,43.8463
71.185,63.7375
71.2268,72.3807
71.2661,75.587
71.2692,75.6046
71.3082,72.8736
71.3518,64.1699
71.4669,30.833
71.5036,22.1655
71.533,16.6675
71.5603,12.7071
71.5858,9.85369
71.6108,7.73606
71.6359,6.14954
71.6609,4.97129
71.6876,4.04807
71.7143,3.37258
71.7476,2.7667
71.7835,2.30903
71.831,1.89058
71.8838,1.57394
71.9366,1.34992
72.0033,1.14835
72.0867,0.976291
72.1701,0.860643
72.2834,0.761639
72.4033,0.70647
72.5232,0.689721
72.6566,0.712159
72.7901,0.784197
72.8958,0.890258
72.9792,1.02073
73.0627,1.21684
73.1294,1.45097
73.1817,1.7146
73.2262,2.03113
73.2707,2.4907
73.3018,2.95167
73.3352,3.64976
73.3652,4.55173
73.3919,5.67165
73.4153,6.98823
73.4403,8.85491
73.4678,11.5983
73.4948,15.142
73.5259,20.4547
73.5621,28.3552
73.6166,43.1706
73.6845,62.1263
73.7263,70.2982
73.7656,73.3214
73.7687,73.338
73.8077,70.7635
73.8513,62.5363
73.9695,29.8476
74.0062,21.5466
74.0365,16.1281
74.0638,12.3322
74.091,9.43208
74.1161,7.42407
74.1411,5.91503
74.1672,4.74811
74.1973,3.78492
74.2273,3.10377
74.2607,2.56728
74.299,2.13435
74.3413,1.7987
74.3941,1.50431
74.4531,1.27473
74.5365,1.0551
74.62,0.910259
74.7034,0.812551
74.823,0.726711
74.9425,0.685854
75.0222,0.678674
75.1558,0.700711
75.2893,0.77176
75.395,0.87652
75.4785,1.00558
75.562,1.20001
75.6287,1.43295
75.681,1.69655
75.7255,2.01505
75.7612,2.37159
75.7945,2.83667
75.8279,3.49915
75.858,4.35225
75.8847,5.40804
75.9097,6.74758
75.9373,8.73829
75.9648,11.4205
75.9904,14.6676
76.0216,19.7495
76.0586,27.4817
76.1111,41.1144
76.184,60.597
76.2259,68.3362
76.2683,71.2076
76.3073,68.7762
76.351,60.9863
76.435,38.541
76.4845,26.0664
76.5207,18.7971
76.5518,13.94
76.5796,10.6216
76.6075,8.12133
76.6325,6.43853
76.6603,5.05718
76.687,4.09375
76.7137,3.38748
76.7471,2.75581
76.783,2.28262
76.82,1.93616
76.8729,1.59177
76.9363,1.31475
77.0031,1.11596
77.0865,0.947221
77.17,0.834225
77.2829,0.738081
77.4021,0.684559
77.5213,0.668156
77.6549,0.6898
77.7885,0.759906
77.8943,0.863439
77.9778,0.991187
78.0613,1.18408
78.1281,1.41604
78.1804,1.67992
78.2249,2.00083
78.2605,2.3623
78.2939,2.83613
78.3273,3.51302
78.3574,4.3848
78.3841,5.46123
78.4092,6.82155
78.4367,8.83192
78.4643,11.5219
78.4938,15.3152
78.5249,20.489
78.5642,28.7473
78.6413,48.7337
78.6947,61.4658
78.7344,67.4908
78.7679,69.2017
78.8038,67.2486
78.8461,60.4558
78.9074,45.3383
78.9719,28.7285
79.0087,20.9561
79.0398,15.6912
79.0671,12.0724
79.0933,9.37594
79.1211,7.20712
79.1489,5.61302
79.1768,4.45499
79.2068,3.56012
79.2402,2.86554
79.2775,2.33338
79.3198,1.92186
79.3727,1.5754
79.4362,1.29864
79.503,1.10099
79.5865,0.933718
79.67,0.821924
79.7826,0.727121
79.9015,0.674368
80.0203,0.658112
80.154,0.679367
80.2876,0.748571
80.3934,0.850942
80.477,0.977461
80.5605,1.16896
80.6273,1.40016
80.6796,1.66463
80.7242,1.98836
80.7598,2.35524
80.7933,2.83828
80.8267,3.5299
80.8567,4.42025
80.8835,5.51665
80.9085,6.89644
80.9361,8.92419
80.9637,11.6191
80.9932,15.3903
81.0243,20.4917
81.0636,28.5592
81.1831,57.7612
81.2249,64.7346
81.2674,67.3097
81.3065,65.1298
81.3501,58.1134
81.4242,40.1231
81.4807,26.5024
81.5161,19.5418
81.5472,14.6478
81.5762,11.1127
81.604,8.51973
81.6319,6.57996
81.6597,5.15433
81.6865,4.15231
81.7132,3.41495
81.7466,2.75581
81.7825,2.26492
81.8196,1.90914
81.8619,1.61909
81.9148,1.36336
81.9861,1.12928
82.0696,0.948692
82.1698,0.810082
82.2823,0.716503
82.4008,0.664458
82.5194,0.648349
82.6531,0.669257
82.7868,0.737622
82.8927,0.838907
82.9762,0.964285
83.0598,1.15453
83.1266,1.38517
83.179,1.65054
83.2236,1.97751
83.2592,2.35022
83.2927,2.84288
83.3261,3.54945
83.3562,4.45816
83.3829,5.57377
83.408,6.97167
83.433,8.80372
83.4581,11.1668
83.4888,14.9079
83.52,19.7952
83.5601,27.6944
83.6826,56.4435
83.7245,63.0771
83.767,65.5215
83.8061,63.4526
83.8497,56.7793
83.9238,39.553
83.9835,25.7201
84.0197,18.8864
84.0509,14.196
84.0815,10.6287
84.1094,8.16973
84.1372,6.32598
84.1628,5.06091
84.1896,4.07847
84.2197,3.27748
84.2531,2.65172
84.2876,2.19946
84.33,1.81497
84.3829,1.49119
84.4358,1.2689
84.5027,1.07303
84.5862,0.908329
84.6698,0.798703
84.782,0.706321
84.9002,0.654965
85.0184,0.638982
85.1522,0.659531
85.2859,0.72708
85.3918,0.827331
85.4754,0.951638
85.559,1.14076
85.6259,1.37104
85.6783,1.63759
85.7229,1.9682
85.763,2.4045
85.792,2.84976
85.8187,3.40485
85.8488,4.26414
85.8756,5.31611
85.9023,6.73242
85.9274,8.48343
85.9525,10.737
85.9803,13.9346
86.0116,18.4875
86.0503,25.6047
86.1141,40.0324
86.1821,55.1862
86.224,61.5049
86.2665,63.8286
86.3056,61.8622
86.3493,55.5067
86.4184,40.192
86.483,25.5908
86.5232,18.2616
86.5544,13.7628
86.5839,10.4412
86.6118,8.04283
86.6396,6.23695
86.6658,4.96976
86.6926,4.00667
86.7193,3.29431
86.7528,2.65527
86.7873,2.19429
86.8297,1.80411
86.8826,1.47772
86.9356,1.2551
87.0024,1.05989
87.086,0.8963
87.1696,0.787653
87.2817,0.696383
87.3996,0.645669
87.5174,0.629806
87.6513,0.650021
87.7851,0.716802
87.891,0.816079
87.9746,0.939391
88.0582,1.12751
88.1251,1.35765
88.1776,1.62566
88.2222,1.9603
88.2623,2.40431
88.2913,2.85873
88.3214,3.50895
88.3515,4.41864
88.3783,5.52836
88.4067,7.12155
88.4318,8.97608
88.4619,11.8814
88.4914,15.5703
88.5266,21.1283
88.5712,29.9165
88.6749,52.7468
88.7235,60.0119
88.766,62.2238
88.8109,59.7688
88.8555,53.0704
88.9837,25.2358
89.0228,18.2764
89.054,13.8324
89.0835,10.5272
89.1114,8.12434
89.1393,6.30388
89.1655,5.01976
89.1923,4.0399
89.219,3.31324
89.2525,2.66075
89.287,2.19071
89.3294,1.79444
89.3718,1.52049
89.4247,1.28048
89.4855,1.08912
89.5691,0.911863
89.6695,0.776853
89.7813,0.686633
89.8989,0.636524
90.0165,0.620771
90.1503,0.640661
90.2842,0.706706
90.3902,0.805059
90.4738,0.927445
90.5575,1.11469
90.6244,1.34487
90.6768,1.61464
90.7215,1.95365
90.7571,2.34611
90.7906,2.86953
90.8207,3.53319
90.8508,4.45981
90.8776,5.58617
90.9061,7.19547
90.9312,9.05853
90.9613,11.959
90.9947,16.1632
91.0338,22.4635
91.0879,33.3494
91.1743,51.6525
91.223,58.5918
91.2655,60.7
91.3046,58.9165
91.3483,53.1304
91.4175,39.0318
91.4853,24.7278
91.5263,17.6823
91.5575,13.4148
91.5887,10.0773
91.6166,7.79507
91.6445,6.06295
91.6718,4.79363
91.702,3.77089
91.7321,3.03812
91.7655,2.46178
91.8026,2.01836
91.8397,1.70714
91.8927,1.40144
91.9518,1.17308
92.0187,0.996556
92.1024,0.848099
92.2028,0.734077
92.3201,0.656154
92.4373,0.61872
92.5155,0.61174
92.6494,0.63131
92.7833,0.696646
92.8893,0.79412
92.973,0.915638
93.04,1.05772
93.1069,1.26534
93.1582,1.49938
93.2029,1.79407
93.2386,2.13033
93.2743,2.60902
93.3033,3.15543
93.3335,3.9398
93.3602,4.89222
93.387,6.16374
93.4155,7.9622
93.4456,10.4895
93.4746,13.6392
93.5098,18.5006
93.5516,25.7687
93.6738,50.6033
93.7225,57.2388
93.765,59.2506
93.8041,57.5489
93.8479,52.0184
93.9171,38.4731
93.9879,24.0305
94.0298,17.1143
94.0649,12.5649
94.0967,9.40766
94.1246,7.29538
94.1525,5.69269
94.1815,4.45599
94.2117,3.52447
94.2384,2.91917
94.2705,2.39069
94.3076,1.96217
94.35,1.62546
94.403,1.34144
94.4683,1.10989
94.5353,0.949567
94.619,0.813866
94.7027,0.723584
94.8197,0.646514
94.9367,0.609468
95.0148,0.602531
95.1263,0.615776
95.2379,0.659022
95.3494,0.741573
95.447,0.862172
95.5223,1.00494
95.5837,1.17394
95.6451,1.42377
95.6931,1.71763
95.7289,2.03202
95.7646,2.47752
95.7958,3.02992
95.8271,3.80504
95.8572,4.84908
95.884,6.1054
95.9119,7.83584
95.9387,9.99232
95.97,13.2296
96.0063,18.0691
96.047,24.884
96.1732,49.5968
96.2218,55.9486
96.2644,57.8707
96.3036,56.2451
96.3473,50.9531
96.4165,37.9282
96.4874,23.9089
96.5293,17.1256
96.5644,12.6277
96.5962,9.48337
96.6242,7.36623
96.6521,5.75086
96.6811,4.49816
96.7112,3.55079
96.738,2.93367
96.7701,2.39444
96.8072,1.95776
96.8496,1.61591
96.9027,1.32924
96.9512,1.14768
97.0182,0.971777
97.1019,0.824877
97.2024,0.712551
97.3193,0.636206
97.4363,0.599499
97.5142,0.592602
97.6257,0.605671
97.7372,0.648462
97.8487,0.730239
97.9462,0.849891
98.0216,0.992001
98.083,1.16089
98.1321,1.35262
98.1746,1.58457
98.2192,1.93869
98.255,2.35362
98.2862,2.86601
98.3164,3.55266
98.3465,4.50416
98.3733,5.64822
98.4035,7.37073
98.4336,9.66736
98.4649,12.7724
98.5018,17.4897
98.5464,24.7348
98.6659,47.5329
98.7115,53.7948
98.7579,56.5169
98.7639,56.5538
98.8031,54.9991
98.8468,49.9302
98.9161,37.3956
98.987,23.7819
99.0289,17.1295
99.064,12.6841
99.0959,9.55464
99.1266,7.25096
99.1545,5.66852
99.1841,4.41692
99.2142,3.48822
99.2444,2.81751
99.2751,2.32395
99.3122,1.9019
99.3494,1.60585
99.3918,1.365
99.451,1.13389
99.518,0.958073
99.6017,0.811777
99.7022,0.700149
99.8191,0.624405
99.936,0.587946
100.014,0.581042
100.125,0.59388
100.237,0.636174
100.348,0.717161
100.446,0.835887
100.521,0.977374
100.583,1.14624
100.632,1.33895
100.674,1.57336
100.71,1.84875
100.746,2.23548
100.777,2.71114
100.809,3.40229
100.839,4.30196
100.87,5.53889
100.9,7.21687
100.929,9.35345
100.96,12.3333
100.994,16.3982
101.037,22.9512
101.166,46.6435
101.211,52.6523
101.258,55.259
101.264,55.2943
101.303,53.8058
101.347,48.9458
101.416,36.8738
101.493,22.6109
101.537,16.0603
101.571,12.0115
101.601,9.15252
101.632,6.95983
101.661,5.42551
101.691,4.21811
101.721,3.3397
101.751,2.70377
101.786,2.18483
101.823,1.79762
101.86,1.52433
101.913,1.2551
101.968,1.06647
102.035,0.906837
102.119,0.772954
102.202,0.684262
102.314,0.610779
102.426,0.571011
102.5,0.557004
102.5,10.6568
122.542,9.71492
125.893,9.55743
150.509,8.72766
158.489,8.45866
189.478,7.72375
199.526,7.48547
238.539,6.83533
251.189,6.62453
300.304,6.05009
316.228,5.86385
378.06,5.357
398.107,5.19268
475.949,4.74619
501.187,4.60143
599.184,4.20876
630.957,4.08144
754.328,3.73668
794.328,3.6249
949.643,3.32268
1000.0,3.2247
1195.53,2.96017
1258.93,2.8744
1505.09,2.64308
1584.89,2.56809
1894.78,2.36585
1995.26,2.30027
2385.39,2.12327
2511.89,2.06588
3003.04,1.91055
3162.28,1.86019
3780.6,1.72321
3981.07,1.67879
4759.49,1.5571
5011.87,1.51764
5991.84,1.40847
6309.57,1.37308
7543.28,1.27404
7943.28,1.24193
10000.0,1.12159
10000.0,1.12156
18543.8,1.1216
24986.6,1.09759
33397.6,0.983705
53240.7,0.776537
70000.0,0.656444
90000.0,0.560098
124065.0,0.445719
160000.0,0.355815
188705.0,0.304928
240000.0,0.238621
280000.0,0.202489
334656.0,0.172285
400000.0,0.149507
475000.0,0.135225
550000.0,0.126354
1162510.0,0.088867
1601270.0,0.0662317
2000000.0,0.047696
2500000.0,0.0294083
3000000.0,0.0175174
3500000.0,0.0103479
4000000.0,0.00620417
4500000.0,0.00393151
4869930.0,0.00296993
5062500.0,0.00262149
5312500.0,0.00227069
5562500.0,0.00201475
5750000.0,0.00186558
6000000.0,0.00173504
6375000.0,0.00164182
7000000.0,0.00161097
7750000.0,0.00165566
9500000.0,0.00185881
1.0E7,0.00189082
1.10063E7,0.00187499
1.15E7,0.00188046
1.225E7,0.00183559
1.41975E7,0.00139166
1.525E7,0.00117792
1.65E7,8.90914E-4
1.7E7,8.46533E-4
1.75E7,8.40108E-4
1.8E7,7.54188E-4
1.85E7,7.00921E-4
1.9E7,7.20657E-4
1.95E7,6.81757E-4
2.0E7,6.91348E-4
2.2E7,6.55563E-4
2.95E7,5.85482E-4
3.0E7,5.77619E-4
